Timestep;REC_price_h;REC_price_d;REC_price_m;REC_price_y;Biomass_h;Solar_h;WindOffshore_h;WindOnshore_h;electrolysis_h;Biomass_d;Solar_d;WindOffshore_d;WindOnshore_d;electrolysis_d;Biomass_m;Solar_m;WindOffshore_m;WindOnshore_m;electrolysis_m;Biomass_y;Solar_y;WindOffshore_y;WindOnshore_y;electrolysis_y
1.0;0.0;0.012900872014061489;0.0;-9.85646925921583e-9;0.0;0.0;0.0;0.0;0.0;0.0;0.0;0.0;0.0;-3.0359587629708496e-12;0.0;0.0;0.0;0.0;0.0;105.81247911531575;107.1834473099343;41.72911925990875;107.1834473099343;-1.4735459963548712e-9
2.0;0.0;0.012900872014061489;0.0;-9.85646925921583e-9;0.0;0.0;0.0;0.0;0.0;0.0;0.0;0.0;0.0;-3.0359587629708496e-12;0.0;0.0;0.0;0.0;0.0;105.81247911531575;107.1834473099343;41.72911925990875;107.1834473099343;-1.4735459963548712e-9
3.0;0.0;0.012900872014061489;0.0;-9.85646925921583e-9;0.0;0.0;0.0;0.0;0.0;0.0;0.0;0.0;0.0;-3.0359587629708496e-12;0.0;0.0;0.0;0.0;0.0;105.81247911531575;107.1834473099343;41.72911925990875;107.1834473099343;-1.4735459963548712e-9
4.0;0.0;0.012900872014061489;0.0;-9.85646925921583e-9;0.0;0.0;0.0;0.0;0.0;0.0;0.0;0.0;0.0;-3.0359587629708496e-12;0.0;0.0;0.0;0.0;0.0;105.81247911531575;107.1834473099343;41.72911925990875;107.1834473099343;-1.4735459963548712e-9
5.0;0.0;0.012900872014061489;0.0;-9.85646925921583e-9;0.0;0.0;0.0;0.0;0.0;0.0;0.0;0.0;0.0;-3.0359587629708496e-12;0.0;0.0;0.0;0.0;0.0;105.81247911531575;107.1834473099343;41.72911925990875;107.1834473099343;-1.4735459963548712e-9
6.0;0.0;0.012900872014061489;0.0;-9.85646925921583e-9;0.0;0.0;0.0;0.0;0.0;0.0;0.0;0.0;0.0;-3.0359587629708496e-12;0.0;0.0;0.0;0.0;0.0;105.81247911531575;107.1834473099343;41.72911925990875;107.1834473099343;-1.4735459963548712e-9
7.0;0.0;0.012900872014061489;0.0;-9.85646925921583e-9;0.0;0.0;0.0;0.0;0.0;0.0;0.0;0.0;0.0;-3.0359587629708496e-12;0.0;0.0;0.0;0.0;0.0;105.81247911531575;107.1834473099343;41.72911925990875;107.1834473099343;-1.4735459963548712e-9
8.0;0.0;0.012900872014061489;0.0;-9.85646925921583e-9;0.0;0.0;0.0;0.0;0.0;0.0;0.0;0.0;0.0;-3.0359587629708496e-12;0.0;0.0;0.0;0.0;0.0;105.81247911531575;107.1834473099343;41.72911925990875;107.1834473099343;-1.4735459963548712e-9
9.0;0.0;0.012900872014061489;0.0;-9.85646925921583e-9;0.0;0.0;0.0;0.0;0.0;0.0;0.0;0.0;0.0;-3.0359587629708496e-12;0.0;0.0;0.0;0.0;0.0;105.81247911531575;107.1834473099343;41.72911925990875;107.1834473099343;-1.4735459963548712e-9
10.0;0.0;0.012900872014061489;0.0;-9.85646925921583e-9;0.0;0.0;0.0;0.0;0.0;0.0;0.0;0.0;0.0;-3.0359587629708496e-12;0.0;0.0;0.0;0.0;0.0;105.81247911531575;107.1834473099343;41.72911925990875;107.1834473099343;-1.4735459963548712e-9
11.0;0.0;0.012900872014061489;0.0;-9.85646925921583e-9;0.0;0.0;0.0;0.0;0.0;0.0;0.0;0.0;0.0;-3.0359587629708496e-12;0.0;0.0;0.0;0.0;0.0;105.81247911531575;107.1834473099343;41.72911925990875;107.1834473099343;-1.4735459963548712e-9
12.0;0.0;0.012900872014061489;0.0;-9.85646925921583e-9;0.0;0.0;0.0;0.0;0.0;0.0;0.0;0.0;0.0;-3.0359587629708496e-12;0.0;0.0;0.0;0.0;0.0;105.81247911531575;107.1834473099343;41.72911925990875;107.1834473099343;-1.4735459963548712e-9
13.0;0.0;0.012900872014061489;0.0;-9.85646925921583e-9;0.0;0.0;0.0;0.0;0.0;0.0;0.0;0.0;0.0;-3.0359587629708496e-12;0.0;0.0;0.0;0.0;0.0;105.81247911531575;107.1834473099343;41.72911925990875;107.1834473099343;-1.4735459963548712e-9
14.0;0.0;0.012900872014061489;0.0;-9.85646925921583e-9;0.0;0.0;0.0;0.0;0.0;0.0;0.0;0.0;0.0;-3.0359587629708496e-12;0.0;0.0;0.0;0.0;0.0;105.81247911531575;107.1834473099343;41.72911925990875;107.1834473099343;-1.4735459963548712e-9
15.0;0.0;0.012900872014061489;0.0;-9.85646925921583e-9;0.0;0.0;0.0;0.0;0.0;0.0;0.0;0.0;0.0;-3.0359587629708496e-12;0.0;0.0;0.0;0.0;0.0;105.81247911531575;107.1834473099343;41.72911925990875;107.1834473099343;-1.4735459963548712e-9
16.0;0.0;0.012900872014061489;0.0;-9.85646925921583e-9;0.0;0.0;0.0;0.0;0.0;0.0;0.0;0.0;0.0;-3.0359587629708496e-12;0.0;0.0;0.0;0.0;0.0;105.81247911531575;107.1834473099343;41.72911925990875;107.1834473099343;-1.4735459963548712e-9
17.0;0.0;0.012900872014061489;0.0;-9.85646925921583e-9;0.0;0.0;0.0;0.0;0.0;0.0;0.0;0.0;0.0;-3.0359587629708496e-12;0.0;0.0;0.0;0.0;0.0;105.81247911531575;107.1834473099343;41.72911925990875;107.1834473099343;-1.4735459963548712e-9
18.0;0.0;0.012900872014061489;0.0;-9.85646925921583e-9;0.0;0.0;0.0;0.0;0.0;0.0;0.0;0.0;0.0;-3.0359587629708496e-12;0.0;0.0;0.0;0.0;0.0;105.81247911531575;107.1834473099343;41.72911925990875;107.1834473099343;-1.4735459963548712e-9
19.0;0.0;0.012900872014061489;0.0;-9.85646925921583e-9;0.0;0.0;0.0;0.0;0.0;0.0;0.0;0.0;0.0;-3.0359587629708496e-12;0.0;0.0;0.0;0.0;0.0;105.81247911531575;107.1834473099343;41.72911925990875;107.1834473099343;-1.4735459963548712e-9
20.0;0.0;0.012900872014061489;0.0;-9.85646925921583e-9;0.0;0.0;0.0;0.0;0.0;0.0;0.0;0.0;0.0;-3.0359587629708496e-12;0.0;0.0;0.0;0.0;0.0;105.81247911531575;107.1834473099343;41.72911925990875;107.1834473099343;-1.4735459963548712e-9
21.0;0.0;0.012900872014061489;0.0;-9.85646925921583e-9;0.0;0.0;0.0;0.0;0.0;0.0;0.0;0.0;0.0;-3.0359587629708496e-12;0.0;0.0;0.0;0.0;0.0;105.81247911531575;107.1834473099343;41.72911925990875;107.1834473099343;-1.4735459963548712e-9
22.0;0.0;0.012900872014061489;0.0;-9.85646925921583e-9;0.0;0.0;0.0;0.0;0.0;0.0;0.0;0.0;0.0;-3.0359587629708496e-12;0.0;0.0;0.0;0.0;0.0;105.81247911531575;107.1834473099343;41.72911925990875;107.1834473099343;-1.4735459963548712e-9
23.0;0.0;0.012900872014061489;0.0;-9.85646925921583e-9;0.0;0.0;0.0;0.0;0.0;0.0;0.0;0.0;0.0;-3.0359587629708496e-12;0.0;0.0;0.0;0.0;0.0;105.81247911531575;107.1834473099343;41.72911925990875;107.1834473099343;-1.4735459963548712e-9
24.0;0.0;0.012900872014061489;0.0;-9.85646925921583e-9;0.0;0.0;0.0;0.0;0.0;0.0;0.0;0.0;0.0;-3.0359587629708496e-12;0.0;0.0;0.0;0.0;0.0;105.81247911531575;107.1834473099343;41.72911925990875;107.1834473099343;-1.4735459963548712e-9
25.0;0.0;0.01292241411996506;0.0;-9.85646925921583e-9;0.0;0.0;0.0;0.0;0.0;0.0;0.0;0.0;0.0;-2.2992539427705563e-12;0.0;0.0;0.0;0.0;0.0;105.81247911531575;107.1834473099343;41.72911925990875;107.1834473099343;-1.4735459963548712e-9
26.0;0.0;0.01292241411996506;0.0;-9.85646925921583e-9;0.0;0.0;0.0;0.0;0.0;0.0;0.0;0.0;0.0;-2.2992539427705563e-12;0.0;0.0;0.0;0.0;0.0;105.81247911531575;107.1834473099343;41.72911925990875;107.1834473099343;-1.4735459963548712e-9
27.0;0.0;0.01292241411996506;0.0;-9.85646925921583e-9;0.0;0.0;0.0;0.0;0.0;0.0;0.0;0.0;0.0;-2.2992539427705563e-12;0.0;0.0;0.0;0.0;0.0;105.81247911531575;107.1834473099343;41.72911925990875;107.1834473099343;-1.4735459963548712e-9
28.0;0.0;0.01292241411996506;0.0;-9.85646925921583e-9;0.0;0.0;0.0;0.0;0.0;0.0;0.0;0.0;0.0;-2.2992539427705563e-12;0.0;0.0;0.0;0.0;0.0;105.81247911531575;107.1834473099343;41.72911925990875;107.1834473099343;-1.4735459963548712e-9
29.0;0.0;0.01292241411996506;0.0;-9.85646925921583e-9;0.0;0.0;0.0;0.0;0.0;0.0;0.0;0.0;0.0;-2.2992539427705563e-12;0.0;0.0;0.0;0.0;0.0;105.81247911531575;107.1834473099343;41.72911925990875;107.1834473099343;-1.4735459963548712e-9
30.0;0.0;0.01292241411996506;0.0;-9.85646925921583e-9;0.0;0.0;0.0;0.0;0.0;0.0;0.0;0.0;0.0;-2.2992539427705563e-12;0.0;0.0;0.0;0.0;0.0;105.81247911531575;107.1834473099343;41.72911925990875;107.1834473099343;-1.4735459963548712e-9
31.0;0.0;0.01292241411996506;0.0;-9.85646925921583e-9;0.0;0.0;0.0;0.0;0.0;0.0;0.0;0.0;0.0;-2.2992539427705563e-12;0.0;0.0;0.0;0.0;0.0;105.81247911531575;107.1834473099343;41.72911925990875;107.1834473099343;-1.4735459963548712e-9
32.0;0.0;0.01292241411996506;0.0;-9.85646925921583e-9;0.0;0.0;0.0;0.0;0.0;0.0;0.0;0.0;0.0;-2.2992539427705563e-12;0.0;0.0;0.0;0.0;0.0;105.81247911531575;107.1834473099343;41.72911925990875;107.1834473099343;-1.4735459963548712e-9
33.0;0.0;0.01292241411996506;0.0;-9.85646925921583e-9;0.0;0.0;0.0;0.0;0.0;0.0;0.0;0.0;0.0;-2.2992539427705563e-12;0.0;0.0;0.0;0.0;0.0;105.81247911531575;107.1834473099343;41.72911925990875;107.1834473099343;-1.4735459963548712e-9
34.0;0.0;0.01292241411996506;0.0;-9.85646925921583e-9;0.0;0.0;0.0;0.0;0.0;0.0;0.0;0.0;0.0;-2.2992539427705563e-12;0.0;0.0;0.0;0.0;0.0;105.81247911531575;107.1834473099343;41.72911925990875;107.1834473099343;-1.4735459963548712e-9
35.0;0.0;0.01292241411996506;0.0;-9.85646925921583e-9;0.0;0.0;0.0;0.0;0.0;0.0;0.0;0.0;0.0;-2.2992539427705563e-12;0.0;0.0;0.0;0.0;0.0;105.81247911531575;107.1834473099343;41.72911925990875;107.1834473099343;-1.4735459963548712e-9
36.0;0.0;0.01292241411996506;0.0;-9.85646925921583e-9;0.0;0.0;0.0;0.0;0.0;0.0;0.0;0.0;0.0;-2.2992539427705563e-12;0.0;0.0;0.0;0.0;0.0;105.81247911531575;107.1834473099343;41.72911925990875;107.1834473099343;-1.4735459963548712e-9
37.0;0.0;0.01292241411996506;0.0;-9.85646925921583e-9;0.0;0.0;0.0;0.0;0.0;0.0;0.0;0.0;0.0;-2.2992539427705563e-12;0.0;0.0;0.0;0.0;0.0;105.81247911531575;107.1834473099343;41.72911925990875;107.1834473099343;-1.4735459963548712e-9
38.0;0.0;0.01292241411996506;0.0;-9.85646925921583e-9;0.0;0.0;0.0;0.0;0.0;0.0;0.0;0.0;0.0;-2.2992539427705563e-12;0.0;0.0;0.0;0.0;0.0;105.81247911531575;107.1834473099343;41.72911925990875;107.1834473099343;-1.4735459963548712e-9
39.0;0.0;0.01292241411996506;0.0;-9.85646925921583e-9;0.0;0.0;0.0;0.0;0.0;0.0;0.0;0.0;0.0;-2.2992539427705563e-12;0.0;0.0;0.0;0.0;0.0;105.81247911531575;107.1834473099343;41.72911925990875;107.1834473099343;-1.4735459963548712e-9
40.0;0.0;0.01292241411996506;0.0;-9.85646925921583e-9;0.0;0.0;0.0;0.0;0.0;0.0;0.0;0.0;0.0;-2.2992539427705563e-12;0.0;0.0;0.0;0.0;0.0;105.81247911531575;107.1834473099343;41.72911925990875;107.1834473099343;-1.4735459963548712e-9
41.0;0.0;0.01292241411996506;0.0;-9.85646925921583e-9;0.0;0.0;0.0;0.0;0.0;0.0;0.0;0.0;0.0;-2.2992539427705563e-12;0.0;0.0;0.0;0.0;0.0;105.81247911531575;107.1834473099343;41.72911925990875;107.1834473099343;-1.4735459963548712e-9
42.0;0.0;0.01292241411996506;0.0;-9.85646925921583e-9;0.0;0.0;0.0;0.0;0.0;0.0;0.0;0.0;0.0;-2.2992539427705563e-12;0.0;0.0;0.0;0.0;0.0;105.81247911531575;107.1834473099343;41.72911925990875;107.1834473099343;-1.4735459963548712e-9
43.0;0.0;0.01292241411996506;0.0;-9.85646925921583e-9;0.0;0.0;0.0;0.0;0.0;0.0;0.0;0.0;0.0;-2.2992539427705563e-12;0.0;0.0;0.0;0.0;0.0;105.81247911531575;107.1834473099343;41.72911925990875;107.1834473099343;-1.4735459963548712e-9
44.0;0.0;0.01292241411996506;0.0;-9.85646925921583e-9;0.0;0.0;0.0;0.0;0.0;0.0;0.0;0.0;0.0;-2.2992539427705563e-12;0.0;0.0;0.0;0.0;0.0;105.81247911531575;107.1834473099343;41.72911925990875;107.1834473099343;-1.4735459963548712e-9
45.0;0.0;0.01292241411996506;0.0;-9.85646925921583e-9;0.0;0.0;0.0;0.0;0.0;0.0;0.0;0.0;0.0;-2.2992539427705563e-12;0.0;0.0;0.0;0.0;0.0;105.81247911531575;107.1834473099343;41.72911925990875;107.1834473099343;-1.4735459963548712e-9
46.0;0.0;0.01292241411996506;0.0;-9.85646925921583e-9;0.0;0.0;0.0;0.0;0.0;0.0;0.0;0.0;0.0;-2.2992539427705563e-12;0.0;0.0;0.0;0.0;0.0;105.81247911531575;107.1834473099343;41.72911925990875;107.1834473099343;-1.4735459963548712e-9
47.0;0.0;0.01292241411996506;0.0;-9.85646925921583e-9;0.0;0.0;0.0;0.0;0.0;0.0;0.0;0.0;0.0;-2.2992539427705563e-12;0.0;0.0;0.0;0.0;0.0;105.81247911531575;107.1834473099343;41.72911925990875;107.1834473099343;-1.4735459963548712e-9
48.0;0.0;0.01292241411996506;0.0;-9.85646925921583e-9;0.0;0.0;0.0;0.0;0.0;0.0;0.0;0.0;0.0;-2.2992539427705563e-12;0.0;0.0;0.0;0.0;0.0;105.81247911531575;107.1834473099343;41.72911925990875;107.1834473099343;-1.4735459963548712e-9
49.0;0.0;0.01292436628355424;0.0;-9.85646925921583e-9;0.0;0.0;0.0;0.0;0.0;0.0;0.0;0.0;0.0;-3.783240093097079e-12;0.0;0.0;0.0;0.0;0.0;105.81247911531575;107.1834473099343;41.72911925990875;107.1834473099343;-1.4735459963548712e-9
50.0;0.0;0.01292436628355424;0.0;-9.85646925921583e-9;0.0;0.0;0.0;0.0;0.0;0.0;0.0;0.0;0.0;-3.783240093097079e-12;0.0;0.0;0.0;0.0;0.0;105.81247911531575;107.1834473099343;41.72911925990875;107.1834473099343;-1.4735459963548712e-9
51.0;0.0;0.01292436628355424;0.0;-9.85646925921583e-9;0.0;0.0;0.0;0.0;0.0;0.0;0.0;0.0;0.0;-3.783240093097079e-12;0.0;0.0;0.0;0.0;0.0;105.81247911531575;107.1834473099343;41.72911925990875;107.1834473099343;-1.4735459963548712e-9
52.0;0.0;0.01292436628355424;0.0;-9.85646925921583e-9;0.0;0.0;0.0;0.0;0.0;0.0;0.0;0.0;0.0;-3.783240093097079e-12;0.0;0.0;0.0;0.0;0.0;105.81247911531575;107.1834473099343;41.72911925990875;107.1834473099343;-1.4735459963548712e-9
53.0;0.0;0.01292436628355424;0.0;-9.85646925921583e-9;0.0;0.0;0.0;0.0;0.0;0.0;0.0;0.0;0.0;-3.783240093097079e-12;0.0;0.0;0.0;0.0;0.0;105.81247911531575;107.1834473099343;41.72911925990875;107.1834473099343;-1.4735459963548712e-9
54.0;0.0;0.01292436628355424;0.0;-9.85646925921583e-9;0.0;0.0;0.0;0.0;0.0;0.0;0.0;0.0;0.0;-3.783240093097079e-12;0.0;0.0;0.0;0.0;0.0;105.81247911531575;107.1834473099343;41.72911925990875;107.1834473099343;-1.4735459963548712e-9
55.0;0.0;0.01292436628355424;0.0;-9.85646925921583e-9;0.0;0.0;0.0;0.0;0.0;0.0;0.0;0.0;0.0;-3.783240093097079e-12;0.0;0.0;0.0;0.0;0.0;105.81247911531575;107.1834473099343;41.72911925990875;107.1834473099343;-1.4735459963548712e-9
56.0;0.0;0.01292436628355424;0.0;-9.85646925921583e-9;0.0;0.0;0.0;0.0;0.0;0.0;0.0;0.0;0.0;-3.783240093097079e-12;0.0;0.0;0.0;0.0;0.0;105.81247911531575;107.1834473099343;41.72911925990875;107.1834473099343;-1.4735459963548712e-9
57.0;0.0;0.01292436628355424;0.0;-9.85646925921583e-9;0.0;0.0;0.0;0.0;0.0;0.0;0.0;0.0;0.0;-3.783240093097079e-12;0.0;0.0;0.0;0.0;0.0;105.81247911531575;107.1834473099343;41.72911925990875;107.1834473099343;-1.4735459963548712e-9
58.0;0.0;0.01292436628355424;0.0;-9.85646925921583e-9;0.0;0.0;0.0;0.0;0.0;0.0;0.0;0.0;0.0;-3.783240093097079e-12;0.0;0.0;0.0;0.0;0.0;105.81247911531575;107.1834473099343;41.72911925990875;107.1834473099343;-1.4735459963548712e-9
59.0;0.0;0.01292436628355424;0.0;-9.85646925921583e-9;0.0;0.0;0.0;0.0;0.0;0.0;0.0;0.0;0.0;-3.783240093097079e-12;0.0;0.0;0.0;0.0;0.0;105.81247911531575;107.1834473099343;41.72911925990875;107.1834473099343;-1.4735459963548712e-9
60.0;0.0;0.01292436628355424;0.0;-9.85646925921583e-9;0.0;0.0;0.0;0.0;0.0;0.0;0.0;0.0;0.0;-3.783240093097079e-12;0.0;0.0;0.0;0.0;0.0;105.81247911531575;107.1834473099343;41.72911925990875;107.1834473099343;-1.4735459963548712e-9
61.0;0.0;0.01292436628355424;0.0;-9.85646925921583e-9;0.0;0.0;0.0;0.0;0.0;0.0;0.0;0.0;0.0;-3.783240093097079e-12;0.0;0.0;0.0;0.0;0.0;105.81247911531575;107.1834473099343;41.72911925990875;107.1834473099343;-1.4735459963548712e-9
62.0;0.0;0.01292436628355424;0.0;-9.85646925921583e-9;0.0;0.0;0.0;0.0;0.0;0.0;0.0;0.0;0.0;-3.783240093097079e-12;0.0;0.0;0.0;0.0;0.0;105.81247911531575;107.1834473099343;41.72911925990875;107.1834473099343;-1.4735459963548712e-9
63.0;0.0;0.01292436628355424;0.0;-9.85646925921583e-9;0.0;0.0;0.0;0.0;0.0;0.0;0.0;0.0;0.0;-3.783240093097079e-12;0.0;0.0;0.0;0.0;0.0;105.81247911531575;107.1834473099343;41.72911925990875;107.1834473099343;-1.4735459963548712e-9
64.0;0.0;0.01292436628355424;0.0;-9.85646925921583e-9;0.0;0.0;0.0;0.0;0.0;0.0;0.0;0.0;0.0;-3.783240093097079e-12;0.0;0.0;0.0;0.0;0.0;105.81247911531575;107.1834473099343;41.72911925990875;107.1834473099343;-1.4735459963548712e-9
65.0;0.0;0.01292436628355424;0.0;-9.85646925921583e-9;0.0;0.0;0.0;0.0;0.0;0.0;0.0;0.0;0.0;-3.783240093097079e-12;0.0;0.0;0.0;0.0;0.0;105.81247911531575;107.1834473099343;41.72911925990875;107.1834473099343;-1.4735459963548712e-9
66.0;0.0;0.01292436628355424;0.0;-9.85646925921583e-9;0.0;0.0;0.0;0.0;0.0;0.0;0.0;0.0;0.0;-3.783240093097079e-12;0.0;0.0;0.0;0.0;0.0;105.81247911531575;107.1834473099343;41.72911925990875;107.1834473099343;-1.4735459963548712e-9
67.0;0.0;0.01292436628355424;0.0;-9.85646925921583e-9;0.0;0.0;0.0;0.0;0.0;0.0;0.0;0.0;0.0;-3.783240093097079e-12;0.0;0.0;0.0;0.0;0.0;105.81247911531575;107.1834473099343;41.72911925990875;107.1834473099343;-1.4735459963548712e-9
68.0;0.0;0.01292436628355424;0.0;-9.85646925921583e-9;0.0;0.0;0.0;0.0;0.0;0.0;0.0;0.0;0.0;-3.783240093097079e-12;0.0;0.0;0.0;0.0;0.0;105.81247911531575;107.1834473099343;41.72911925990875;107.1834473099343;-1.4735459963548712e-9
69.0;0.0;0.01292436628355424;0.0;-9.85646925921583e-9;0.0;0.0;0.0;0.0;0.0;0.0;0.0;0.0;0.0;-3.783240093097079e-12;0.0;0.0;0.0;0.0;0.0;105.81247911531575;107.1834473099343;41.72911925990875;107.1834473099343;-1.4735459963548712e-9
70.0;0.0;0.01292436628355424;0.0;-9.85646925921583e-9;0.0;0.0;0.0;0.0;0.0;0.0;0.0;0.0;0.0;-3.783240093097079e-12;0.0;0.0;0.0;0.0;0.0;105.81247911531575;107.1834473099343;41.72911925990875;107.1834473099343;-1.4735459963548712e-9
71.0;0.0;0.01292436628355424;0.0;-9.85646925921583e-9;0.0;0.0;0.0;0.0;0.0;0.0;0.0;0.0;0.0;-3.783240093097079e-12;0.0;0.0;0.0;0.0;0.0;105.81247911531575;107.1834473099343;41.72911925990875;107.1834473099343;-1.4735459963548712e-9
72.0;0.0;0.01292436628355424;0.0;-9.85646925921583e-9;0.0;0.0;0.0;0.0;0.0;0.0;0.0;0.0;0.0;-3.783240093097079e-12;0.0;0.0;0.0;0.0;0.0;105.81247911531575;107.1834473099343;41.72911925990875;107.1834473099343;-1.4735459963548712e-9
73.0;0.0;0.012838918766855252;0.0;-9.85646925921583e-9;0.0;0.0;0.0;0.0;0.0;0.0;0.0;0.0;0.0;-3.0830753542614766e-12;0.0;0.0;0.0;0.0;0.0;105.81247911531575;107.1834473099343;41.72911925990875;107.1834473099343;-1.4735459963548712e-9
74.0;0.0;0.012838918766855252;0.0;-9.85646925921583e-9;0.0;0.0;0.0;0.0;0.0;0.0;0.0;0.0;0.0;-3.0830753542614766e-12;0.0;0.0;0.0;0.0;0.0;105.81247911531575;107.1834473099343;41.72911925990875;107.1834473099343;-1.4735459963548712e-9
75.0;0.0;0.012838918766855252;0.0;-9.85646925921583e-9;0.0;0.0;0.0;0.0;0.0;0.0;0.0;0.0;0.0;-3.0830753542614766e-12;0.0;0.0;0.0;0.0;0.0;105.81247911531575;107.1834473099343;41.72911925990875;107.1834473099343;-1.4735459963548712e-9
76.0;0.0;0.012838918766855252;0.0;-9.85646925921583e-9;0.0;0.0;0.0;0.0;0.0;0.0;0.0;0.0;0.0;-3.0830753542614766e-12;0.0;0.0;0.0;0.0;0.0;105.81247911531575;107.1834473099343;41.72911925990875;107.1834473099343;-1.4735459963548712e-9
77.0;0.0;0.012838918766855252;0.0;-9.85646925921583e-9;0.0;0.0;0.0;0.0;0.0;0.0;0.0;0.0;0.0;-3.0830753542614766e-12;0.0;0.0;0.0;0.0;0.0;105.81247911531575;107.1834473099343;41.72911925990875;107.1834473099343;-1.4735459963548712e-9
78.0;0.0;0.012838918766855252;0.0;-9.85646925921583e-9;0.0;0.0;0.0;0.0;0.0;0.0;0.0;0.0;0.0;-3.0830753542614766e-12;0.0;0.0;0.0;0.0;0.0;105.81247911531575;107.1834473099343;41.72911925990875;107.1834473099343;-1.4735459963548712e-9
79.0;0.0;0.012838918766855252;0.0;-9.85646925921583e-9;0.0;0.0;0.0;0.0;0.0;0.0;0.0;0.0;0.0;-3.0830753542614766e-12;0.0;0.0;0.0;0.0;0.0;105.81247911531575;107.1834473099343;41.72911925990875;107.1834473099343;-1.4735459963548712e-9
80.0;0.0;0.012838918766855252;0.0;-9.85646925921583e-9;0.0;0.0;0.0;0.0;0.0;0.0;0.0;0.0;0.0;-3.0830753542614766e-12;0.0;0.0;0.0;0.0;0.0;105.81247911531575;107.1834473099343;41.72911925990875;107.1834473099343;-1.4735459963548712e-9
81.0;0.0;0.012838918766855252;0.0;-9.85646925921583e-9;0.0;0.0;0.0;0.0;0.0;0.0;0.0;0.0;0.0;-3.0830753542614766e-12;0.0;0.0;0.0;0.0;0.0;105.81247911531575;107.1834473099343;41.72911925990875;107.1834473099343;-1.4735459963548712e-9
82.0;0.0;0.012838918766855252;0.0;-9.85646925921583e-9;0.0;0.0;0.0;0.0;0.0;0.0;0.0;0.0;0.0;-3.0830753542614766e-12;0.0;0.0;0.0;0.0;0.0;105.81247911531575;107.1834473099343;41.72911925990875;107.1834473099343;-1.4735459963548712e-9
83.0;0.0;0.012838918766855252;0.0;-9.85646925921583e-9;0.0;0.0;0.0;0.0;0.0;0.0;0.0;0.0;0.0;-3.0830753542614766e-12;0.0;0.0;0.0;0.0;0.0;105.81247911531575;107.1834473099343;41.72911925990875;107.1834473099343;-1.4735459963548712e-9
84.0;0.0;0.012838918766855252;0.0;-9.85646925921583e-9;0.0;0.0;0.0;0.0;0.0;0.0;0.0;0.0;0.0;-3.0830753542614766e-12;0.0;0.0;0.0;0.0;0.0;105.81247911531575;107.1834473099343;41.72911925990875;107.1834473099343;-1.4735459963548712e-9
85.0;0.0;0.012838918766855252;0.0;-9.85646925921583e-9;0.0;0.0;0.0;0.0;0.0;0.0;0.0;0.0;0.0;-3.0830753542614766e-12;0.0;0.0;0.0;0.0;0.0;105.81247911531575;107.1834473099343;41.72911925990875;107.1834473099343;-1.4735459963548712e-9
86.0;0.0;0.012838918766855252;0.0;-9.85646925921583e-9;0.0;0.0;0.0;0.0;0.0;0.0;0.0;0.0;0.0;-3.0830753542614766e-12;0.0;0.0;0.0;0.0;0.0;105.81247911531575;107.1834473099343;41.72911925990875;107.1834473099343;-1.4735459963548712e-9
87.0;0.0;0.012838918766855252;0.0;-9.85646925921583e-9;0.0;0.0;0.0;0.0;0.0;0.0;0.0;0.0;0.0;-3.0830753542614766e-12;0.0;0.0;0.0;0.0;0.0;105.81247911531575;107.1834473099343;41.72911925990875;107.1834473099343;-1.4735459963548712e-9
88.0;0.0;0.012838918766855252;0.0;-9.85646925921583e-9;0.0;0.0;0.0;0.0;0.0;0.0;0.0;0.0;0.0;-3.0830753542614766e-12;0.0;0.0;0.0;0.0;0.0;105.81247911531575;107.1834473099343;41.72911925990875;107.1834473099343;-1.4735459963548712e-9
89.0;0.0;0.012838918766855252;0.0;-9.85646925921583e-9;0.0;0.0;0.0;0.0;0.0;0.0;0.0;0.0;0.0;-3.0830753542614766e-12;0.0;0.0;0.0;0.0;0.0;105.81247911531575;107.1834473099343;41.72911925990875;107.1834473099343;-1.4735459963548712e-9
90.0;0.0;0.012838918766855252;0.0;-9.85646925921583e-9;0.0;0.0;0.0;0.0;0.0;0.0;0.0;0.0;0.0;-3.0830753542614766e-12;0.0;0.0;0.0;0.0;0.0;105.81247911531575;107.1834473099343;41.72911925990875;107.1834473099343;-1.4735459963548712e-9
91.0;0.0;0.012838918766855252;0.0;-9.85646925921583e-9;0.0;0.0;0.0;0.0;0.0;0.0;0.0;0.0;0.0;-3.0830753542614766e-12;0.0;0.0;0.0;0.0;0.0;105.81247911531575;107.1834473099343;41.72911925990875;107.1834473099343;-1.4735459963548712e-9
92.0;0.0;0.012838918766855252;0.0;-9.85646925921583e-9;0.0;0.0;0.0;0.0;0.0;0.0;0.0;0.0;0.0;-3.0830753542614766e-12;0.0;0.0;0.0;0.0;0.0;105.81247911531575;107.1834473099343;41.72911925990875;107.1834473099343;-1.4735459963548712e-9
93.0;0.0;0.012838918766855252;0.0;-9.85646925921583e-9;0.0;0.0;0.0;0.0;0.0;0.0;0.0;0.0;0.0;-3.0830753542614766e-12;0.0;0.0;0.0;0.0;0.0;105.81247911531575;107.1834473099343;41.72911925990875;107.1834473099343;-1.4735459963548712e-9
94.0;0.0;0.012838918766855252;0.0;-9.85646925921583e-9;0.0;0.0;0.0;0.0;0.0;0.0;0.0;0.0;0.0;-3.0830753542614766e-12;0.0;0.0;0.0;0.0;0.0;105.81247911531575;107.1834473099343;41.72911925990875;107.1834473099343;-1.4735459963548712e-9
95.0;0.0;0.012838918766855252;0.0;-9.85646925921583e-9;0.0;0.0;0.0;0.0;0.0;0.0;0.0;0.0;0.0;-3.0830753542614766e-12;0.0;0.0;0.0;0.0;0.0;105.81247911531575;107.1834473099343;41.72911925990875;107.1834473099343;-1.4735459963548712e-9
96.0;0.0;0.012838918766855252;0.0;-9.85646925921583e-9;0.0;0.0;0.0;0.0;0.0;0.0;0.0;0.0;0.0;-3.0830753542614766e-12;0.0;0.0;0.0;0.0;0.0;105.81247911531575;107.1834473099343;41.72911925990875;107.1834473099343;-1.4735459963548712e-9
97.0;0.0;0.012865930373568589;0.0;-9.85646925921583e-9;0.0;0.0;0.0;0.0;0.0;0.0;0.0;0.0;0.0;-2.3297893663923702e-12;0.0;0.0;0.0;0.0;0.0;105.81247911531575;107.1834473099343;41.72911925990875;107.1834473099343;-1.4735459963548712e-9
98.0;0.0;0.012865930373568589;0.0;-9.85646925921583e-9;0.0;0.0;0.0;0.0;0.0;0.0;0.0;0.0;0.0;-2.3297893663923702e-12;0.0;0.0;0.0;0.0;0.0;105.81247911531575;107.1834473099343;41.72911925990875;107.1834473099343;-1.4735459963548712e-9
99.0;0.0;0.012865930373568589;0.0;-9.85646925921583e-9;0.0;0.0;0.0;0.0;0.0;0.0;0.0;0.0;0.0;-2.3297893663923702e-12;0.0;0.0;0.0;0.0;0.0;105.81247911531575;107.1834473099343;41.72911925990875;107.1834473099343;-1.4735459963548712e-9
100.0;0.0;0.012865930373568589;0.0;-9.85646925921583e-9;0.0;0.0;0.0;0.0;0.0;0.0;0.0;0.0;0.0;-2.3297893663923702e-12;0.0;0.0;0.0;0.0;0.0;105.81247911531575;107.1834473099343;41.72911925990875;107.1834473099343;-1.4735459963548712e-9
101.0;0.0;0.012865930373568589;0.0;-9.85646925921583e-9;0.0;0.0;0.0;0.0;0.0;0.0;0.0;0.0;0.0;-2.3297893663923702e-12;0.0;0.0;0.0;0.0;0.0;105.81247911531575;107.1834473099343;41.72911925990875;107.1834473099343;-1.4735459963548712e-9
102.0;0.0;0.012865930373568589;0.0;-9.85646925921583e-9;0.0;0.0;0.0;0.0;0.0;0.0;0.0;0.0;0.0;-2.3297893663923702e-12;0.0;0.0;0.0;0.0;0.0;105.81247911531575;107.1834473099343;41.72911925990875;107.1834473099343;-1.4735459963548712e-9
103.0;0.0;0.012865930373568589;0.0;-9.85646925921583e-9;0.0;0.0;0.0;0.0;0.0;0.0;0.0;0.0;0.0;-2.3297893663923702e-12;0.0;0.0;0.0;0.0;0.0;105.81247911531575;107.1834473099343;41.72911925990875;107.1834473099343;-1.4735459963548712e-9
104.0;0.0;0.012865930373568589;0.0;-9.85646925921583e-9;0.0;0.0;0.0;0.0;0.0;0.0;0.0;0.0;0.0;-2.3297893663923702e-12;0.0;0.0;0.0;0.0;0.0;105.81247911531575;107.1834473099343;41.72911925990875;107.1834473099343;-1.4735459963548712e-9
105.0;0.0;0.012865930373568589;0.0;-9.85646925921583e-9;0.0;0.0;0.0;0.0;0.0;0.0;0.0;0.0;0.0;-2.3297893663923702e-12;0.0;0.0;0.0;0.0;0.0;105.81247911531575;107.1834473099343;41.72911925990875;107.1834473099343;-1.4735459963548712e-9
106.0;0.0;0.012865930373568589;0.0;-9.85646925921583e-9;0.0;0.0;0.0;0.0;0.0;0.0;0.0;0.0;0.0;-2.3297893663923702e-12;0.0;0.0;0.0;0.0;0.0;105.81247911531575;107.1834473099343;41.72911925990875;107.1834473099343;-1.4735459963548712e-9
107.0;0.0;0.012865930373568589;0.0;-9.85646925921583e-9;0.0;0.0;0.0;0.0;0.0;0.0;0.0;0.0;0.0;-2.3297893663923702e-12;0.0;0.0;0.0;0.0;0.0;105.81247911531575;107.1834473099343;41.72911925990875;107.1834473099343;-1.4735459963548712e-9
108.0;0.0;0.012865930373568589;0.0;-9.85646925921583e-9;0.0;0.0;0.0;0.0;0.0;0.0;0.0;0.0;0.0;-2.3297893663923702e-12;0.0;0.0;0.0;0.0;0.0;105.81247911531575;107.1834473099343;41.72911925990875;107.1834473099343;-1.4735459963548712e-9
109.0;0.0;0.012865930373568589;0.0;-9.85646925921583e-9;0.0;0.0;0.0;0.0;0.0;0.0;0.0;0.0;0.0;-2.3297893663923702e-12;0.0;0.0;0.0;0.0;0.0;105.81247911531575;107.1834473099343;41.72911925990875;107.1834473099343;-1.4735459963548712e-9
110.0;0.0;0.012865930373568589;0.0;-9.85646925921583e-9;0.0;0.0;0.0;0.0;0.0;0.0;0.0;0.0;0.0;-2.3297893663923702e-12;0.0;0.0;0.0;0.0;0.0;105.81247911531575;107.1834473099343;41.72911925990875;107.1834473099343;-1.4735459963548712e-9
111.0;0.0;0.012865930373568589;0.0;-9.85646925921583e-9;0.0;0.0;0.0;0.0;0.0;0.0;0.0;0.0;0.0;-2.3297893663923702e-12;0.0;0.0;0.0;0.0;0.0;105.81247911531575;107.1834473099343;41.72911925990875;107.1834473099343;-1.4735459963548712e-9
112.0;0.0;0.012865930373568589;0.0;-9.85646925921583e-9;0.0;0.0;0.0;0.0;0.0;0.0;0.0;0.0;0.0;-2.3297893663923702e-12;0.0;0.0;0.0;0.0;0.0;105.81247911531575;107.1834473099343;41.72911925990875;107.1834473099343;-1.4735459963548712e-9
113.0;0.0;0.012865930373568589;0.0;-9.85646925921583e-9;0.0;0.0;0.0;0.0;0.0;0.0;0.0;0.0;0.0;-2.3297893663923702e-12;0.0;0.0;0.0;0.0;0.0;105.81247911531575;107.1834473099343;41.72911925990875;107.1834473099343;-1.4735459963548712e-9
114.0;0.0;0.012865930373568589;0.0;-9.85646925921583e-9;0.0;0.0;0.0;0.0;0.0;0.0;0.0;0.0;0.0;-2.3297893663923702e-12;0.0;0.0;0.0;0.0;0.0;105.81247911531575;107.1834473099343;41.72911925990875;107.1834473099343;-1.4735459963548712e-9
115.0;0.0;0.012865930373568589;0.0;-9.85646925921583e-9;0.0;0.0;0.0;0.0;0.0;0.0;0.0;0.0;0.0;-2.3297893663923702e-12;0.0;0.0;0.0;0.0;0.0;105.81247911531575;107.1834473099343;41.72911925990875;107.1834473099343;-1.4735459963548712e-9
116.0;0.0;0.012865930373568589;0.0;-9.85646925921583e-9;0.0;0.0;0.0;0.0;0.0;0.0;0.0;0.0;0.0;-2.3297893663923702e-12;0.0;0.0;0.0;0.0;0.0;105.81247911531575;107.1834473099343;41.72911925990875;107.1834473099343;-1.4735459963548712e-9
117.0;0.0;0.012865930373568589;0.0;-9.85646925921583e-9;0.0;0.0;0.0;0.0;0.0;0.0;0.0;0.0;0.0;-2.3297893663923702e-12;0.0;0.0;0.0;0.0;0.0;105.81247911531575;107.1834473099343;41.72911925990875;107.1834473099343;-1.4735459963548712e-9
118.0;0.0;0.012865930373568589;0.0;-9.85646925921583e-9;0.0;0.0;0.0;0.0;0.0;0.0;0.0;0.0;0.0;-2.3297893663923702e-12;0.0;0.0;0.0;0.0;0.0;105.81247911531575;107.1834473099343;41.72911925990875;107.1834473099343;-1.4735459963548712e-9
119.0;0.0;0.012865930373568589;0.0;-9.85646925921583e-9;0.0;0.0;0.0;0.0;0.0;0.0;0.0;0.0;0.0;-2.3297893663923702e-12;0.0;0.0;0.0;0.0;0.0;105.81247911531575;107.1834473099343;41.72911925990875;107.1834473099343;-1.4735459963548712e-9
120.0;0.0;0.012865930373568589;0.0;-9.85646925921583e-9;0.0;0.0;0.0;0.0;0.0;0.0;0.0;0.0;0.0;-2.3297893663923702e-12;0.0;0.0;0.0;0.0;0.0;105.81247911531575;107.1834473099343;41.72911925990875;107.1834473099343;-1.4735459963548712e-9
121.0;0.0;0.012876771588435013;0.0;-9.85646925921583e-9;0.0;0.0;0.0;0.0;0.0;0.0;0.0;0.0;0.0;-2.8588689007368694e-12;0.0;0.0;0.0;0.0;0.0;105.81247911531575;107.1834473099343;41.72911925990875;107.1834473099343;-1.4735459963548712e-9
122.0;0.0;0.012876771588435013;0.0;-9.85646925921583e-9;0.0;0.0;0.0;0.0;0.0;0.0;0.0;0.0;0.0;-2.8588689007368694e-12;0.0;0.0;0.0;0.0;0.0;105.81247911531575;107.1834473099343;41.72911925990875;107.1834473099343;-1.4735459963548712e-9
123.0;0.0;0.012876771588435013;0.0;-9.85646925921583e-9;0.0;0.0;0.0;0.0;0.0;0.0;0.0;0.0;0.0;-2.8588689007368694e-12;0.0;0.0;0.0;0.0;0.0;105.81247911531575;107.1834473099343;41.72911925990875;107.1834473099343;-1.4735459963548712e-9
124.0;0.0;0.012876771588435013;0.0;-9.85646925921583e-9;0.0;0.0;0.0;0.0;0.0;0.0;0.0;0.0;0.0;-2.8588689007368694e-12;0.0;0.0;0.0;0.0;0.0;105.81247911531575;107.1834473099343;41.72911925990875;107.1834473099343;-1.4735459963548712e-9
125.0;0.0;0.012876771588435013;0.0;-9.85646925921583e-9;0.0;0.0;0.0;0.0;0.0;0.0;0.0;0.0;0.0;-2.8588689007368694e-12;0.0;0.0;0.0;0.0;0.0;105.81247911531575;107.1834473099343;41.72911925990875;107.1834473099343;-1.4735459963548712e-9
126.0;0.0;0.012876771588435013;0.0;-9.85646925921583e-9;0.0;0.0;0.0;0.0;0.0;0.0;0.0;0.0;0.0;-2.8588689007368694e-12;0.0;0.0;0.0;0.0;0.0;105.81247911531575;107.1834473099343;41.72911925990875;107.1834473099343;-1.4735459963548712e-9
127.0;0.0;0.012876771588435013;0.0;-9.85646925921583e-9;0.0;0.0;0.0;0.0;0.0;0.0;0.0;0.0;0.0;-2.8588689007368694e-12;0.0;0.0;0.0;0.0;0.0;105.81247911531575;107.1834473099343;41.72911925990875;107.1834473099343;-1.4735459963548712e-9
128.0;0.0;0.012876771588435013;0.0;-9.85646925921583e-9;0.0;0.0;0.0;0.0;0.0;0.0;0.0;0.0;0.0;-2.8588689007368694e-12;0.0;0.0;0.0;0.0;0.0;105.81247911531575;107.1834473099343;41.72911925990875;107.1834473099343;-1.4735459963548712e-9
129.0;0.0;0.012876771588435013;0.0;-9.85646925921583e-9;0.0;0.0;0.0;0.0;0.0;0.0;0.0;0.0;0.0;-2.8588689007368694e-12;0.0;0.0;0.0;0.0;0.0;105.81247911531575;107.1834473099343;41.72911925990875;107.1834473099343;-1.4735459963548712e-9
130.0;0.0;0.012876771588435013;0.0;-9.85646925921583e-9;0.0;0.0;0.0;0.0;0.0;0.0;0.0;0.0;0.0;-2.8588689007368694e-12;0.0;0.0;0.0;0.0;0.0;105.81247911531575;107.1834473099343;41.72911925990875;107.1834473099343;-1.4735459963548712e-9
131.0;0.0;0.012876771588435013;0.0;-9.85646925921583e-9;0.0;0.0;0.0;0.0;0.0;0.0;0.0;0.0;0.0;-2.8588689007368694e-12;0.0;0.0;0.0;0.0;0.0;105.81247911531575;107.1834473099343;41.72911925990875;107.1834473099343;-1.4735459963548712e-9
132.0;0.0;0.012876771588435013;0.0;-9.85646925921583e-9;0.0;0.0;0.0;0.0;0.0;0.0;0.0;0.0;0.0;-2.8588689007368694e-12;0.0;0.0;0.0;0.0;0.0;105.81247911531575;107.1834473099343;41.72911925990875;107.1834473099343;-1.4735459963548712e-9
133.0;0.0;0.012876771588435013;0.0;-9.85646925921583e-9;0.0;0.0;0.0;0.0;0.0;0.0;0.0;0.0;0.0;-2.8588689007368694e-12;0.0;0.0;0.0;0.0;0.0;105.81247911531575;107.1834473099343;41.72911925990875;107.1834473099343;-1.4735459963548712e-9
134.0;0.0;0.012876771588435013;0.0;-9.85646925921583e-9;0.0;0.0;0.0;0.0;0.0;0.0;0.0;0.0;0.0;-2.8588689007368694e-12;0.0;0.0;0.0;0.0;0.0;105.81247911531575;107.1834473099343;41.72911925990875;107.1834473099343;-1.4735459963548712e-9
135.0;0.0;0.012876771588435013;0.0;-9.85646925921583e-9;0.0;0.0;0.0;0.0;0.0;0.0;0.0;0.0;0.0;-2.8588689007368694e-12;0.0;0.0;0.0;0.0;0.0;105.81247911531575;107.1834473099343;41.72911925990875;107.1834473099343;-1.4735459963548712e-9
136.0;0.0;0.012876771588435013;0.0;-9.85646925921583e-9;0.0;0.0;0.0;0.0;0.0;0.0;0.0;0.0;0.0;-2.8588689007368694e-12;0.0;0.0;0.0;0.0;0.0;105.81247911531575;107.1834473099343;41.72911925990875;107.1834473099343;-1.4735459963548712e-9
137.0;0.0;0.012876771588435013;0.0;-9.85646925921583e-9;0.0;0.0;0.0;0.0;0.0;0.0;0.0;0.0;0.0;-2.8588689007368694e-12;0.0;0.0;0.0;0.0;0.0;105.81247911531575;107.1834473099343;41.72911925990875;107.1834473099343;-1.4735459963548712e-9
138.0;0.0;0.012876771588435013;0.0;-9.85646925921583e-9;0.0;0.0;0.0;0.0;0.0;0.0;0.0;0.0;0.0;-2.8588689007368694e-12;0.0;0.0;0.0;0.0;0.0;105.81247911531575;107.1834473099343;41.72911925990875;107.1834473099343;-1.4735459963548712e-9
139.0;0.0;0.012876771588435013;0.0;-9.85646925921583e-9;0.0;0.0;0.0;0.0;0.0;0.0;0.0;0.0;0.0;-2.8588689007368694e-12;0.0;0.0;0.0;0.0;0.0;105.81247911531575;107.1834473099343;41.72911925990875;107.1834473099343;-1.4735459963548712e-9
140.0;0.0;0.012876771588435013;0.0;-9.85646925921583e-9;0.0;0.0;0.0;0.0;0.0;0.0;0.0;0.0;0.0;-2.8588689007368694e-12;0.0;0.0;0.0;0.0;0.0;105.81247911531575;107.1834473099343;41.72911925990875;107.1834473099343;-1.4735459963548712e-9
141.0;0.0;0.012876771588435013;0.0;-9.85646925921583e-9;0.0;0.0;0.0;0.0;0.0;0.0;0.0;0.0;0.0;-2.8588689007368694e-12;0.0;0.0;0.0;0.0;0.0;105.81247911531575;107.1834473099343;41.72911925990875;107.1834473099343;-1.4735459963548712e-9
142.0;0.0;0.012876771588435013;0.0;-9.85646925921583e-9;0.0;0.0;0.0;0.0;0.0;0.0;0.0;0.0;0.0;-2.8588689007368694e-12;0.0;0.0;0.0;0.0;0.0;105.81247911531575;107.1834473099343;41.72911925990875;107.1834473099343;-1.4735459963548712e-9
143.0;0.0;0.012876771588435013;0.0;-9.85646925921583e-9;0.0;0.0;0.0;0.0;0.0;0.0;0.0;0.0;0.0;-2.8588689007368694e-12;0.0;0.0;0.0;0.0;0.0;105.81247911531575;107.1834473099343;41.72911925990875;107.1834473099343;-1.4735459963548712e-9
144.0;0.0;0.012876771588435013;0.0;-9.85646925921583e-9;0.0;0.0;0.0;0.0;0.0;0.0;0.0;0.0;0.0;-2.8588689007368694e-12;0.0;0.0;0.0;0.0;0.0;105.81247911531575;107.1834473099343;41.72911925990875;107.1834473099343;-1.4735459963548712e-9
145.0;0.0;0.01288424181552027;0.0;-9.85646925921583e-9;0.0;0.0;0.0;0.0;0.0;0.0;0.0;0.0;0.0;-2.4351230639660084e-12;0.0;0.0;0.0;0.0;0.0;105.81247911531575;107.1834473099343;41.72911925990875;107.1834473099343;-1.4735459963548712e-9
146.0;0.0;0.01288424181552027;0.0;-9.85646925921583e-9;0.0;0.0;0.0;0.0;0.0;0.0;0.0;0.0;0.0;-2.4351230639660084e-12;0.0;0.0;0.0;0.0;0.0;105.81247911531575;107.1834473099343;41.72911925990875;107.1834473099343;-1.4735459963548712e-9
147.0;0.0;0.01288424181552027;0.0;-9.85646925921583e-9;0.0;0.0;0.0;0.0;0.0;0.0;0.0;0.0;0.0;-2.4351230639660084e-12;0.0;0.0;0.0;0.0;0.0;105.81247911531575;107.1834473099343;41.72911925990875;107.1834473099343;-1.4735459963548712e-9
148.0;0.0;0.01288424181552027;0.0;-9.85646925921583e-9;0.0;0.0;0.0;0.0;0.0;0.0;0.0;0.0;0.0;-2.4351230639660084e-12;0.0;0.0;0.0;0.0;0.0;105.81247911531575;107.1834473099343;41.72911925990875;107.1834473099343;-1.4735459963548712e-9
149.0;0.0;0.01288424181552027;0.0;-9.85646925921583e-9;0.0;0.0;0.0;0.0;0.0;0.0;0.0;0.0;0.0;-2.4351230639660084e-12;0.0;0.0;0.0;0.0;0.0;105.81247911531575;107.1834473099343;41.72911925990875;107.1834473099343;-1.4735459963548712e-9
150.0;0.0;0.01288424181552027;0.0;-9.85646925921583e-9;0.0;0.0;0.0;0.0;0.0;0.0;0.0;0.0;0.0;-2.4351230639660084e-12;0.0;0.0;0.0;0.0;0.0;105.81247911531575;107.1834473099343;41.72911925990875;107.1834473099343;-1.4735459963548712e-9
151.0;0.0;0.01288424181552027;0.0;-9.85646925921583e-9;0.0;0.0;0.0;0.0;0.0;0.0;0.0;0.0;0.0;-2.4351230639660084e-12;0.0;0.0;0.0;0.0;0.0;105.81247911531575;107.1834473099343;41.72911925990875;107.1834473099343;-1.4735459963548712e-9
152.0;0.0;0.01288424181552027;0.0;-9.85646925921583e-9;0.0;0.0;0.0;0.0;0.0;0.0;0.0;0.0;0.0;-2.4351230639660084e-12;0.0;0.0;0.0;0.0;0.0;105.81247911531575;107.1834473099343;41.72911925990875;107.1834473099343;-1.4735459963548712e-9
153.0;0.0;0.01288424181552027;0.0;-9.85646925921583e-9;0.0;0.0;0.0;0.0;0.0;0.0;0.0;0.0;0.0;-2.4351230639660084e-12;0.0;0.0;0.0;0.0;0.0;105.81247911531575;107.1834473099343;41.72911925990875;107.1834473099343;-1.4735459963548712e-9
154.0;0.0;0.01288424181552027;0.0;-9.85646925921583e-9;0.0;0.0;0.0;0.0;0.0;0.0;0.0;0.0;0.0;-2.4351230639660084e-12;0.0;0.0;0.0;0.0;0.0;105.81247911531575;107.1834473099343;41.72911925990875;107.1834473099343;-1.4735459963548712e-9
155.0;0.0;0.01288424181552027;0.0;-9.85646925921583e-9;0.0;0.0;0.0;0.0;0.0;0.0;0.0;0.0;0.0;-2.4351230639660084e-12;0.0;0.0;0.0;0.0;0.0;105.81247911531575;107.1834473099343;41.72911925990875;107.1834473099343;-1.4735459963548712e-9
156.0;0.0;0.01288424181552027;0.0;-9.85646925921583e-9;0.0;0.0;0.0;0.0;0.0;0.0;0.0;0.0;0.0;-2.4351230639660084e-12;0.0;0.0;0.0;0.0;0.0;105.81247911531575;107.1834473099343;41.72911925990875;107.1834473099343;-1.4735459963548712e-9
157.0;0.0;0.01288424181552027;0.0;-9.85646925921583e-9;0.0;0.0;0.0;0.0;0.0;0.0;0.0;0.0;0.0;-2.4351230639660084e-12;0.0;0.0;0.0;0.0;0.0;105.81247911531575;107.1834473099343;41.72911925990875;107.1834473099343;-1.4735459963548712e-9
158.0;0.0;0.01288424181552027;0.0;-9.85646925921583e-9;0.0;0.0;0.0;0.0;0.0;0.0;0.0;0.0;0.0;-2.4351230639660084e-12;0.0;0.0;0.0;0.0;0.0;105.81247911531575;107.1834473099343;41.72911925990875;107.1834473099343;-1.4735459963548712e-9
159.0;0.0;0.01288424181552027;0.0;-9.85646925921583e-9;0.0;0.0;0.0;0.0;0.0;0.0;0.0;0.0;0.0;-2.4351230639660084e-12;0.0;0.0;0.0;0.0;0.0;105.81247911531575;107.1834473099343;41.72911925990875;107.1834473099343;-1.4735459963548712e-9
160.0;0.0;0.01288424181552027;0.0;-9.85646925921583e-9;0.0;0.0;0.0;0.0;0.0;0.0;0.0;0.0;0.0;-2.4351230639660084e-12;0.0;0.0;0.0;0.0;0.0;105.81247911531575;107.1834473099343;41.72911925990875;107.1834473099343;-1.4735459963548712e-9
161.0;0.0;0.01288424181552027;0.0;-9.85646925921583e-9;0.0;0.0;0.0;0.0;0.0;0.0;0.0;0.0;0.0;-2.4351230639660084e-12;0.0;0.0;0.0;0.0;0.0;105.81247911531575;107.1834473099343;41.72911925990875;107.1834473099343;-1.4735459963548712e-9
162.0;0.0;0.01288424181552027;0.0;-9.85646925921583e-9;0.0;0.0;0.0;0.0;0.0;0.0;0.0;0.0;0.0;-2.4351230639660084e-12;0.0;0.0;0.0;0.0;0.0;105.81247911531575;107.1834473099343;41.72911925990875;107.1834473099343;-1.4735459963548712e-9
163.0;0.0;0.01288424181552027;0.0;-9.85646925921583e-9;0.0;0.0;0.0;0.0;0.0;0.0;0.0;0.0;0.0;-2.4351230639660084e-12;0.0;0.0;0.0;0.0;0.0;105.81247911531575;107.1834473099343;41.72911925990875;107.1834473099343;-1.4735459963548712e-9
164.0;0.0;0.01288424181552027;0.0;-9.85646925921583e-9;0.0;0.0;0.0;0.0;0.0;0.0;0.0;0.0;0.0;-2.4351230639660084e-12;0.0;0.0;0.0;0.0;0.0;105.81247911531575;107.1834473099343;41.72911925990875;107.1834473099343;-1.4735459963548712e-9
165.0;0.0;0.01288424181552027;0.0;-9.85646925921583e-9;0.0;0.0;0.0;0.0;0.0;0.0;0.0;0.0;0.0;-2.4351230639660084e-12;0.0;0.0;0.0;0.0;0.0;105.81247911531575;107.1834473099343;41.72911925990875;107.1834473099343;-1.4735459963548712e-9
166.0;0.0;0.01288424181552027;0.0;-9.85646925921583e-9;0.0;0.0;0.0;0.0;0.0;0.0;0.0;0.0;0.0;-2.4351230639660084e-12;0.0;0.0;0.0;0.0;0.0;105.81247911531575;107.1834473099343;41.72911925990875;107.1834473099343;-1.4735459963548712e-9
167.0;0.0;0.01288424181552027;0.0;-9.85646925921583e-9;0.0;0.0;0.0;0.0;0.0;0.0;0.0;0.0;0.0;-2.4351230639660084e-12;0.0;0.0;0.0;0.0;0.0;105.81247911531575;107.1834473099343;41.72911925990875;107.1834473099343;-1.4735459963548712e-9
168.0;0.0;0.01288424181552027;0.0;-9.85646925921583e-9;0.0;0.0;0.0;0.0;0.0;0.0;0.0;0.0;0.0;-2.4351230639660084e-12;0.0;0.0;0.0;0.0;0.0;105.81247911531575;107.1834473099343;41.72911925990875;107.1834473099343;-1.4735459963548712e-9
169.0;0.0;0.012825363168497222;0.0;-9.85646925921583e-9;0.0;0.0;0.0;0.0;0.0;0.0;0.0;0.0;0.0;-4.668748614630321e-12;0.0;0.0;0.0;0.0;0.0;105.81247911531575;107.1834473099343;41.72911925990875;107.1834473099343;-1.4735459963548712e-9
170.0;0.0;0.012825363168497222;0.0;-9.85646925921583e-9;0.0;0.0;0.0;0.0;0.0;0.0;0.0;0.0;0.0;-4.668748614630321e-12;0.0;0.0;0.0;0.0;0.0;105.81247911531575;107.1834473099343;41.72911925990875;107.1834473099343;-1.4735459963548712e-9
171.0;0.0;0.012825363168497222;0.0;-9.85646925921583e-9;0.0;0.0;0.0;0.0;0.0;0.0;0.0;0.0;0.0;-4.668748614630321e-12;0.0;0.0;0.0;0.0;0.0;105.81247911531575;107.1834473099343;41.72911925990875;107.1834473099343;-1.4735459963548712e-9
172.0;0.0;0.012825363168497222;0.0;-9.85646925921583e-9;0.0;0.0;0.0;0.0;0.0;0.0;0.0;0.0;0.0;-4.668748614630321e-12;0.0;0.0;0.0;0.0;0.0;105.81247911531575;107.1834473099343;41.72911925990875;107.1834473099343;-1.4735459963548712e-9
173.0;0.0;0.012825363168497222;0.0;-9.85646925921583e-9;0.0;0.0;0.0;0.0;0.0;0.0;0.0;0.0;0.0;-4.668748614630321e-12;0.0;0.0;0.0;0.0;0.0;105.81247911531575;107.1834473099343;41.72911925990875;107.1834473099343;-1.4735459963548712e-9
174.0;0.0;0.012825363168497222;0.0;-9.85646925921583e-9;0.0;0.0;0.0;0.0;0.0;0.0;0.0;0.0;0.0;-4.668748614630321e-12;0.0;0.0;0.0;0.0;0.0;105.81247911531575;107.1834473099343;41.72911925990875;107.1834473099343;-1.4735459963548712e-9
175.0;0.0;0.012825363168497222;0.0;-9.85646925921583e-9;0.0;0.0;0.0;0.0;0.0;0.0;0.0;0.0;0.0;-4.668748614630321e-12;0.0;0.0;0.0;0.0;0.0;105.81247911531575;107.1834473099343;41.72911925990875;107.1834473099343;-1.4735459963548712e-9
176.0;0.0;0.012825363168497222;0.0;-9.85646925921583e-9;0.0;0.0;0.0;0.0;0.0;0.0;0.0;0.0;0.0;-4.668748614630321e-12;0.0;0.0;0.0;0.0;0.0;105.81247911531575;107.1834473099343;41.72911925990875;107.1834473099343;-1.4735459963548712e-9
177.0;0.0;0.012825363168497222;0.0;-9.85646925921583e-9;0.0;0.0;0.0;0.0;0.0;0.0;0.0;0.0;0.0;-4.668748614630321e-12;0.0;0.0;0.0;0.0;0.0;105.81247911531575;107.1834473099343;41.72911925990875;107.1834473099343;-1.4735459963548712e-9
178.0;0.0;0.012825363168497222;0.0;-9.85646925921583e-9;0.0;0.0;0.0;0.0;0.0;0.0;0.0;0.0;0.0;-4.668748614630321e-12;0.0;0.0;0.0;0.0;0.0;105.81247911531575;107.1834473099343;41.72911925990875;107.1834473099343;-1.4735459963548712e-9
179.0;0.0;0.012825363168497222;0.0;-9.85646925921583e-9;0.0;0.0;0.0;0.0;0.0;0.0;0.0;0.0;0.0;-4.668748614630321e-12;0.0;0.0;0.0;0.0;0.0;105.81247911531575;107.1834473099343;41.72911925990875;107.1834473099343;-1.4735459963548712e-9
180.0;0.0;0.012825363168497222;0.0;-9.85646925921583e-9;0.0;0.0;0.0;0.0;0.0;0.0;0.0;0.0;0.0;-4.668748614630321e-12;0.0;0.0;0.0;0.0;0.0;105.81247911531575;107.1834473099343;41.72911925990875;107.1834473099343;-1.4735459963548712e-9
181.0;0.0;0.012825363168497222;0.0;-9.85646925921583e-9;0.0;0.0;0.0;0.0;0.0;0.0;0.0;0.0;0.0;-4.668748614630321e-12;0.0;0.0;0.0;0.0;0.0;105.81247911531575;107.1834473099343;41.72911925990875;107.1834473099343;-1.4735459963548712e-9
182.0;0.0;0.012825363168497222;0.0;-9.85646925921583e-9;0.0;0.0;0.0;0.0;0.0;0.0;0.0;0.0;0.0;-4.668748614630321e-12;0.0;0.0;0.0;0.0;0.0;105.81247911531575;107.1834473099343;41.72911925990875;107.1834473099343;-1.4735459963548712e-9
183.0;0.0;0.012825363168497222;0.0;-9.85646925921583e-9;0.0;0.0;0.0;0.0;0.0;0.0;0.0;0.0;0.0;-4.668748614630321e-12;0.0;0.0;0.0;0.0;0.0;105.81247911531575;107.1834473099343;41.72911925990875;107.1834473099343;-1.4735459963548712e-9
184.0;0.0;0.012825363168497222;0.0;-9.85646925921583e-9;0.0;0.0;0.0;0.0;0.0;0.0;0.0;0.0;0.0;-4.668748614630321e-12;0.0;0.0;0.0;0.0;0.0;105.81247911531575;107.1834473099343;41.72911925990875;107.1834473099343;-1.4735459963548712e-9
185.0;0.0;0.012825363168497222;0.0;-9.85646925921583e-9;0.0;0.0;0.0;0.0;0.0;0.0;0.0;0.0;0.0;-4.668748614630321e-12;0.0;0.0;0.0;0.0;0.0;105.81247911531575;107.1834473099343;41.72911925990875;107.1834473099343;-1.4735459963548712e-9
186.0;0.0;0.012825363168497222;0.0;-9.85646925921583e-9;0.0;0.0;0.0;0.0;0.0;0.0;0.0;0.0;0.0;-4.668748614630321e-12;0.0;0.0;0.0;0.0;0.0;105.81247911531575;107.1834473099343;41.72911925990875;107.1834473099343;-1.4735459963548712e-9
187.0;0.0;0.012825363168497222;0.0;-9.85646925921583e-9;0.0;0.0;0.0;0.0;0.0;0.0;0.0;0.0;0.0;-4.668748614630321e-12;0.0;0.0;0.0;0.0;0.0;105.81247911531575;107.1834473099343;41.72911925990875;107.1834473099343;-1.4735459963548712e-9
188.0;0.0;0.012825363168497222;0.0;-9.85646925921583e-9;0.0;0.0;0.0;0.0;0.0;0.0;0.0;0.0;0.0;-4.668748614630321e-12;0.0;0.0;0.0;0.0;0.0;105.81247911531575;107.1834473099343;41.72911925990875;107.1834473099343;-1.4735459963548712e-9
189.0;0.0;0.012825363168497222;0.0;-9.85646925921583e-9;0.0;0.0;0.0;0.0;0.0;0.0;0.0;0.0;0.0;-4.668748614630321e-12;0.0;0.0;0.0;0.0;0.0;105.81247911531575;107.1834473099343;41.72911925990875;107.1834473099343;-1.4735459963548712e-9
190.0;0.0;0.012825363168497222;0.0;-9.85646925921583e-9;0.0;0.0;0.0;0.0;0.0;0.0;0.0;0.0;0.0;-4.668748614630321e-12;0.0;0.0;0.0;0.0;0.0;105.81247911531575;107.1834473099343;41.72911925990875;107.1834473099343;-1.4735459963548712e-9
191.0;0.0;0.012825363168497222;0.0;-9.85646925921583e-9;0.0;0.0;0.0;0.0;0.0;0.0;0.0;0.0;0.0;-4.668748614630321e-12;0.0;0.0;0.0;0.0;0.0;105.81247911531575;107.1834473099343;41.72911925990875;107.1834473099343;-1.4735459963548712e-9
192.0;0.0;0.012825363168497222;0.0;-9.85646925921583e-9;0.0;0.0;0.0;0.0;0.0;0.0;0.0;0.0;0.0;-4.668748614630321e-12;0.0;0.0;0.0;0.0;0.0;105.81247911531575;107.1834473099343;41.72911925990875;107.1834473099343;-1.4735459963548712e-9
193.0;0.0;-0.0007727335378988853;0.0;7.041964463734352e-8;0.0;0.0;0.0;0.0;0.0;0.0;0.0;0.0;0.0;-2.8078308372259866e-12;0.0;0.0;0.0;0.0;0.0;106.21957127896016;113.72990309346902;42.1362114235527;113.72990309563735;-0.7231238201945512
194.0;0.0;-0.0007727335378988853;0.0;7.041964463734352e-8;0.0;0.0;0.0;0.0;0.0;0.0;0.0;0.0;0.0;-2.8078308372259866e-12;0.0;0.0;0.0;0.0;0.0;106.21957127896016;113.72990309346902;42.1362114235527;113.72990309563735;-0.7231238201945512
195.0;0.0;-0.0007727335378988853;0.0;7.041964463734352e-8;0.0;0.0;0.0;0.0;0.0;0.0;0.0;0.0;0.0;-2.8078308372259866e-12;0.0;0.0;0.0;0.0;0.0;106.21957127896016;113.72990309346902;42.1362114235527;113.72990309563735;-0.7231238201945512
196.0;0.0;-0.0007727335378988853;0.0;7.041964463734352e-8;0.0;0.0;0.0;0.0;0.0;0.0;0.0;0.0;0.0;-2.8078308372259866e-12;0.0;0.0;0.0;0.0;0.0;106.21957127896016;113.72990309346902;42.1362114235527;113.72990309563735;-0.7231238201945512
197.0;0.0;-0.0007727335378988853;0.0;7.041964463734352e-8;0.0;0.0;0.0;0.0;0.0;0.0;0.0;0.0;0.0;-2.8078308372259866e-12;0.0;0.0;0.0;0.0;0.0;106.21957127896016;113.72990309346902;42.1362114235527;113.72990309563735;-0.7231238201945512
198.0;0.0;-0.0007727335378988853;0.0;7.041964463734352e-8;0.0;0.0;0.0;0.0;0.0;0.0;0.0;0.0;0.0;-2.8078308372259866e-12;0.0;0.0;0.0;0.0;0.0;106.21957127896016;113.72990309346902;42.1362114235527;113.72990309563735;-0.7231238201945512
199.0;0.0;-0.0007727335378988853;0.0;7.041964463734352e-8;0.0;0.0;0.0;0.0;0.0;0.0;0.0;0.0;0.0;-2.8078308372259866e-12;0.0;0.0;0.0;0.0;0.0;106.21957127896016;113.72990309346902;42.1362114235527;113.72990309563735;-0.7231238201945512
200.0;0.0;-0.0007727335378988853;0.0;7.041964463734352e-8;0.0;0.0;0.0;0.0;0.0;0.0;0.0;0.0;0.0;-2.8078308372259866e-12;0.0;0.0;0.0;0.0;0.0;106.21957127896016;113.72990309346902;42.1362114235527;113.72990309563735;-0.7231238201945512
201.0;0.0;-0.0007727335378988853;0.0;7.041964463734352e-8;0.0;0.0;0.0;0.0;0.0;0.0;0.0;0.0;0.0;-2.8078308372259866e-12;0.0;0.0;0.0;0.0;0.0;106.21957127896016;113.72990309346902;42.1362114235527;113.72990309563735;-0.7231238201945512
202.0;0.0;-0.0007727335378988853;0.0;7.041964463734352e-8;0.0;0.0;0.0;0.0;0.0;0.0;0.0;0.0;0.0;-2.8078308372259866e-12;0.0;0.0;0.0;0.0;0.0;106.21957127896016;113.72990309346902;42.1362114235527;113.72990309563735;-0.7231238201945512
203.0;0.0;-0.0007727335378988853;0.0;7.041964463734352e-8;0.0;0.0;0.0;0.0;0.0;0.0;0.0;0.0;0.0;-2.8078308372259866e-12;0.0;0.0;0.0;0.0;0.0;106.21957127896016;113.72990309346902;42.1362114235527;113.72990309563735;-0.7231238201945512
204.0;0.0;-0.0007727335378988853;0.0;7.041964463734352e-8;0.0;0.0;0.0;0.0;0.0;0.0;0.0;0.0;0.0;-2.8078308372259866e-12;0.0;0.0;0.0;0.0;0.0;106.21957127896016;113.72990309346902;42.1362114235527;113.72990309563735;-0.7231238201945512
205.0;0.0;-0.0007727335378988853;0.0;7.041964463734352e-8;0.0;0.0;0.0;0.0;0.0;0.0;0.0;0.0;0.0;-2.8078308372259866e-12;0.0;0.0;0.0;0.0;0.0;106.21957127896016;113.72990309346902;42.1362114235527;113.72990309563735;-0.7231238201945512
206.0;0.0;-0.0007727335378988853;0.0;7.041964463734352e-8;0.0;0.0;0.0;0.0;0.0;0.0;0.0;0.0;0.0;-2.8078308372259866e-12;0.0;0.0;0.0;0.0;0.0;106.21957127896016;113.72990309346902;42.1362114235527;113.72990309563735;-0.7231238201945512
207.0;0.0;-0.0007727335378988853;0.0;7.041964463734352e-8;0.0;0.0;0.0;0.0;0.0;0.0;0.0;0.0;0.0;-2.8078308372259866e-12;0.0;0.0;0.0;0.0;0.0;106.21957127896016;113.72990309346902;42.1362114235527;113.72990309563735;-0.7231238201945512
208.0;0.0;-0.0007727335378988853;0.0;7.041964463734352e-8;0.0;0.0;0.0;0.0;0.0;0.0;0.0;0.0;0.0;-2.8078308372259866e-12;0.0;0.0;0.0;0.0;0.0;106.21957127896016;113.72990309346902;42.1362114235527;113.72990309563735;-0.7231238201945512
209.0;0.0;-0.0007727335378988853;0.0;7.041964463734352e-8;0.0;0.0;0.0;0.0;0.0;0.0;0.0;0.0;0.0;-2.8078308372259866e-12;0.0;0.0;0.0;0.0;0.0;106.21957127896016;113.72990309346902;42.1362114235527;113.72990309563735;-0.7231238201945512
210.0;0.0;-0.0007727335378988853;0.0;7.041964463734352e-8;0.0;0.0;0.0;0.0;0.0;0.0;0.0;0.0;0.0;-2.8078308372259866e-12;0.0;0.0;0.0;0.0;0.0;106.21957127896016;113.72990309346902;42.1362114235527;113.72990309563735;-0.7231238201945512
211.0;0.0;-0.0007727335378988853;0.0;7.041964463734352e-8;0.0;0.0;0.0;0.0;0.0;0.0;0.0;0.0;0.0;-2.8078308372259866e-12;0.0;0.0;0.0;0.0;0.0;106.21957127896016;113.72990309346902;42.1362114235527;113.72990309563735;-0.7231238201945512
212.0;0.0;-0.0007727335378988853;0.0;7.041964463734352e-8;0.0;0.0;0.0;0.0;0.0;0.0;0.0;0.0;0.0;-2.8078308372259866e-12;0.0;0.0;0.0;0.0;0.0;106.21957127896016;113.72990309346902;42.1362114235527;113.72990309563735;-0.7231238201945512
213.0;0.0;-0.0007727335378988853;0.0;7.041964463734352e-8;0.0;0.0;0.0;0.0;0.0;0.0;0.0;0.0;0.0;-2.8078308372259866e-12;0.0;0.0;0.0;0.0;0.0;106.21957127896016;113.72990309346902;42.1362114235527;113.72990309563735;-0.7231238201945512
214.0;0.0;-0.0007727335378988853;0.0;7.041964463734352e-8;0.0;0.0;0.0;0.0;0.0;0.0;0.0;0.0;0.0;-2.8078308372259866e-12;0.0;0.0;0.0;0.0;0.0;106.21957127896016;113.72990309346902;42.1362114235527;113.72990309563735;-0.7231238201945512
215.0;0.0;-0.0007727335378988853;0.0;7.041964463734352e-8;0.0;0.0;0.0;0.0;0.0;0.0;0.0;0.0;0.0;-2.8078308372259866e-12;0.0;0.0;0.0;0.0;0.0;106.21957127896016;113.72990309346902;42.1362114235527;113.72990309563735;-0.7231238201945512
216.0;0.0;-0.0007727335378988853;0.0;7.041964463734352e-8;0.0;0.0;0.0;0.0;0.0;0.0;0.0;0.0;0.0;-2.8078308372259866e-12;0.0;0.0;0.0;0.0;0.0;106.21957127896016;113.72990309346902;42.1362114235527;113.72990309563735;-0.7231238201945512
217.0;0.0;-0.0012488009971419638;0.0;7.041964463734352e-8;0.0;0.0;0.0;0.0;0.0;0.0;0.0;0.0;0.0;-2.14722594388045e-12;0.0;0.0;0.0;0.0;0.0;106.21957127896016;113.72990309346902;42.1362114235527;113.72990309563735;-0.7231238201945512
218.0;0.0;-0.0012488009971419638;0.0;7.041964463734352e-8;0.0;0.0;0.0;0.0;0.0;0.0;0.0;0.0;0.0;-2.14722594388045e-12;0.0;0.0;0.0;0.0;0.0;106.21957127896016;113.72990309346902;42.1362114235527;113.72990309563735;-0.7231238201945512
219.0;0.0;-0.0012488009971419638;0.0;7.041964463734352e-8;0.0;0.0;0.0;0.0;0.0;0.0;0.0;0.0;0.0;-2.14722594388045e-12;0.0;0.0;0.0;0.0;0.0;106.21957127896016;113.72990309346902;42.1362114235527;113.72990309563735;-0.7231238201945512
220.0;0.0;-0.0012488009971419638;0.0;7.041964463734352e-8;0.0;0.0;0.0;0.0;0.0;0.0;0.0;0.0;0.0;-2.14722594388045e-12;0.0;0.0;0.0;0.0;0.0;106.21957127896016;113.72990309346902;42.1362114235527;113.72990309563735;-0.7231238201945512
221.0;0.0;-0.0012488009971419638;0.0;7.041964463734352e-8;0.0;0.0;0.0;0.0;0.0;0.0;0.0;0.0;0.0;-2.14722594388045e-12;0.0;0.0;0.0;0.0;0.0;106.21957127896016;113.72990309346902;42.1362114235527;113.72990309563735;-0.7231238201945512
222.0;0.0;-0.0012488009971419638;0.0;7.041964463734352e-8;0.0;0.0;0.0;0.0;0.0;0.0;0.0;0.0;0.0;-2.14722594388045e-12;0.0;0.0;0.0;0.0;0.0;106.21957127896016;113.72990309346902;42.1362114235527;113.72990309563735;-0.7231238201945512
223.0;0.0;-0.0012488009971419638;0.0;7.041964463734352e-8;0.0;0.0;0.0;0.0;0.0;0.0;0.0;0.0;0.0;-2.14722594388045e-12;0.0;0.0;0.0;0.0;0.0;106.21957127896016;113.72990309346902;42.1362114235527;113.72990309563735;-0.7231238201945512
224.0;0.0;-0.0012488009971419638;0.0;7.041964463734352e-8;0.0;0.0;0.0;0.0;0.0;0.0;0.0;0.0;0.0;-2.14722594388045e-12;0.0;0.0;0.0;0.0;0.0;106.21957127896016;113.72990309346902;42.1362114235527;113.72990309563735;-0.7231238201945512
225.0;0.0;-0.0012488009971419638;0.0;7.041964463734352e-8;0.0;0.0;0.0;0.0;0.0;0.0;0.0;0.0;0.0;-2.14722594388045e-12;0.0;0.0;0.0;0.0;0.0;106.21957127896016;113.72990309346902;42.1362114235527;113.72990309563735;-0.7231238201945512
226.0;0.0;-0.0012488009971419638;0.0;7.041964463734352e-8;0.0;0.0;0.0;0.0;0.0;0.0;0.0;0.0;0.0;-2.14722594388045e-12;0.0;0.0;0.0;0.0;0.0;106.21957127896016;113.72990309346902;42.1362114235527;113.72990309563735;-0.7231238201945512
227.0;0.0;-0.0012488009971419638;0.0;7.041964463734352e-8;0.0;0.0;0.0;0.0;0.0;0.0;0.0;0.0;0.0;-2.14722594388045e-12;0.0;0.0;0.0;0.0;0.0;106.21957127896016;113.72990309346902;42.1362114235527;113.72990309563735;-0.7231238201945512
228.0;0.0;-0.0012488009971419638;0.0;7.041964463734352e-8;0.0;0.0;0.0;0.0;0.0;0.0;0.0;0.0;0.0;-2.14722594388045e-12;0.0;0.0;0.0;0.0;0.0;106.21957127896016;113.72990309346902;42.1362114235527;113.72990309563735;-0.7231238201945512
229.0;0.0;-0.0012488009971419638;0.0;7.041964463734352e-8;0.0;0.0;0.0;0.0;0.0;0.0;0.0;0.0;0.0;-2.14722594388045e-12;0.0;0.0;0.0;0.0;0.0;106.21957127896016;113.72990309346902;42.1362114235527;113.72990309563735;-0.7231238201945512
230.0;0.0;-0.0012488009971419638;0.0;7.041964463734352e-8;0.0;0.0;0.0;0.0;0.0;0.0;0.0;0.0;0.0;-2.14722594388045e-12;0.0;0.0;0.0;0.0;0.0;106.21957127896016;113.72990309346902;42.1362114235527;113.72990309563735;-0.7231238201945512
231.0;0.0;-0.0012488009971419638;0.0;7.041964463734352e-8;0.0;0.0;0.0;0.0;0.0;0.0;0.0;0.0;0.0;-2.14722594388045e-12;0.0;0.0;0.0;0.0;0.0;106.21957127896016;113.72990309346902;42.1362114235527;113.72990309563735;-0.7231238201945512
232.0;0.0;-0.0012488009971419638;0.0;7.041964463734352e-8;0.0;0.0;0.0;0.0;0.0;0.0;0.0;0.0;0.0;-2.14722594388045e-12;0.0;0.0;0.0;0.0;0.0;106.21957127896016;113.72990309346902;42.1362114235527;113.72990309563735;-0.7231238201945512
233.0;0.0;-0.0012488009971419638;0.0;7.041964463734352e-8;0.0;0.0;0.0;0.0;0.0;0.0;0.0;0.0;0.0;-2.14722594388045e-12;0.0;0.0;0.0;0.0;0.0;106.21957127896016;113.72990309346902;42.1362114235527;113.72990309563735;-0.7231238201945512
234.0;0.0;-0.0012488009971419638;0.0;7.041964463734352e-8;0.0;0.0;0.0;0.0;0.0;0.0;0.0;0.0;0.0;-2.14722594388045e-12;0.0;0.0;0.0;0.0;0.0;106.21957127896016;113.72990309346902;42.1362114235527;113.72990309563735;-0.7231238201945512
235.0;0.0;-0.0012488009971419638;0.0;7.041964463734352e-8;0.0;0.0;0.0;0.0;0.0;0.0;0.0;0.0;0.0;-2.14722594388045e-12;0.0;0.0;0.0;0.0;0.0;106.21957127896016;113.72990309346902;42.1362114235527;113.72990309563735;-0.7231238201945512
236.0;0.0;-0.0012488009971419638;0.0;7.041964463734352e-8;0.0;0.0;0.0;0.0;0.0;0.0;0.0;0.0;0.0;-2.14722594388045e-12;0.0;0.0;0.0;0.0;0.0;106.21957127896016;113.72990309346902;42.1362114235527;113.72990309563735;-0.7231238201945512
237.0;0.0;-0.0012488009971419638;0.0;7.041964463734352e-8;0.0;0.0;0.0;0.0;0.0;0.0;0.0;0.0;0.0;-2.14722594388045e-12;0.0;0.0;0.0;0.0;0.0;106.21957127896016;113.72990309346902;42.1362114235527;113.72990309563735;-0.7231238201945512
238.0;0.0;-0.0012488009971419638;0.0;7.041964463734352e-8;0.0;0.0;0.0;0.0;0.0;0.0;0.0;0.0;0.0;-2.14722594388045e-12;0.0;0.0;0.0;0.0;0.0;106.21957127896016;113.72990309346902;42.1362114235527;113.72990309563735;-0.7231238201945512
239.0;0.0;-0.0012488009971419638;0.0;7.041964463734352e-8;0.0;0.0;0.0;0.0;0.0;0.0;0.0;0.0;0.0;-2.14722594388045e-12;0.0;0.0;0.0;0.0;0.0;106.21957127896016;113.72990309346902;42.1362114235527;113.72990309563735;-0.7231238201945512
240.0;0.0;-0.0012488009971419638;0.0;7.041964463734352e-8;0.0;0.0;0.0;0.0;0.0;0.0;0.0;0.0;0.0;-2.14722594388045e-12;0.0;0.0;0.0;0.0;0.0;106.21957127896016;113.72990309346902;42.1362114235527;113.72990309563735;-0.7231238201945512
241.0;0.0;-0.0012581501459592963;0.0;7.041964463734352e-8;0.0;0.0;0.0;0.0;0.0;0.0;0.0;0.0;0.0;-3.582187726049541e-12;0.0;0.0;0.0;0.0;0.0;106.21957127896016;113.72990309346902;42.1362114235527;113.72990309563735;-0.7231238201945512
242.0;0.0;-0.0012581501459592963;0.0;7.041964463734352e-8;0.0;0.0;0.0;0.0;0.0;0.0;0.0;0.0;0.0;-3.582187726049541e-12;0.0;0.0;0.0;0.0;0.0;106.21957127896016;113.72990309346902;42.1362114235527;113.72990309563735;-0.7231238201945512
243.0;0.0;-0.0012581501459592963;0.0;7.041964463734352e-8;0.0;0.0;0.0;0.0;0.0;0.0;0.0;0.0;0.0;-3.582187726049541e-12;0.0;0.0;0.0;0.0;0.0;106.21957127896016;113.72990309346902;42.1362114235527;113.72990309563735;-0.7231238201945512
244.0;0.0;-0.0012581501459592963;0.0;7.041964463734352e-8;0.0;0.0;0.0;0.0;0.0;0.0;0.0;0.0;0.0;-3.582187726049541e-12;0.0;0.0;0.0;0.0;0.0;106.21957127896016;113.72990309346902;42.1362114235527;113.72990309563735;-0.7231238201945512
245.0;0.0;-0.0012581501459592963;0.0;7.041964463734352e-8;0.0;0.0;0.0;0.0;0.0;0.0;0.0;0.0;0.0;-3.582187726049541e-12;0.0;0.0;0.0;0.0;0.0;106.21957127896016;113.72990309346902;42.1362114235527;113.72990309563735;-0.7231238201945512
246.0;0.0;-0.0012581501459592963;0.0;7.041964463734352e-8;0.0;0.0;0.0;0.0;0.0;0.0;0.0;0.0;0.0;-3.582187726049541e-12;0.0;0.0;0.0;0.0;0.0;106.21957127896016;113.72990309346902;42.1362114235527;113.72990309563735;-0.7231238201945512
247.0;0.0;-0.0012581501459592963;0.0;7.041964463734352e-8;0.0;0.0;0.0;0.0;0.0;0.0;0.0;0.0;0.0;-3.582187726049541e-12;0.0;0.0;0.0;0.0;0.0;106.21957127896016;113.72990309346902;42.1362114235527;113.72990309563735;-0.7231238201945512
248.0;0.0;-0.0012581501459592963;0.0;7.041964463734352e-8;0.0;0.0;0.0;0.0;0.0;0.0;0.0;0.0;0.0;-3.582187726049541e-12;0.0;0.0;0.0;0.0;0.0;106.21957127896016;113.72990309346902;42.1362114235527;113.72990309563735;-0.7231238201945512
249.0;0.0;-0.0012581501459592963;0.0;7.041964463734352e-8;0.0;0.0;0.0;0.0;0.0;0.0;0.0;0.0;0.0;-3.582187726049541e-12;0.0;0.0;0.0;0.0;0.0;106.21957127896016;113.72990309346902;42.1362114235527;113.72990309563735;-0.7231238201945512
250.0;0.0;-0.0012581501459592963;0.0;7.041964463734352e-8;0.0;0.0;0.0;0.0;0.0;0.0;0.0;0.0;0.0;-3.582187726049541e-12;0.0;0.0;0.0;0.0;0.0;106.21957127896016;113.72990309346902;42.1362114235527;113.72990309563735;-0.7231238201945512
251.0;0.0;-0.0012581501459592963;0.0;7.041964463734352e-8;0.0;0.0;0.0;0.0;0.0;0.0;0.0;0.0;0.0;-3.582187726049541e-12;0.0;0.0;0.0;0.0;0.0;106.21957127896016;113.72990309346902;42.1362114235527;113.72990309563735;-0.7231238201945512
252.0;0.0;-0.0012581501459592963;0.0;7.041964463734352e-8;0.0;0.0;0.0;0.0;0.0;0.0;0.0;0.0;0.0;-3.582187726049541e-12;0.0;0.0;0.0;0.0;0.0;106.21957127896016;113.72990309346902;42.1362114235527;113.72990309563735;-0.7231238201945512
253.0;0.0;-0.0012581501459592963;0.0;7.041964463734352e-8;0.0;0.0;0.0;0.0;0.0;0.0;0.0;0.0;0.0;-3.582187726049541e-12;0.0;0.0;0.0;0.0;0.0;106.21957127896016;113.72990309346902;42.1362114235527;113.72990309563735;-0.7231238201945512
254.0;0.0;-0.0012581501459592963;0.0;7.041964463734352e-8;0.0;0.0;0.0;0.0;0.0;0.0;0.0;0.0;0.0;-3.582187726049541e-12;0.0;0.0;0.0;0.0;0.0;106.21957127896016;113.72990309346902;42.1362114235527;113.72990309563735;-0.7231238201945512
255.0;0.0;-0.0012581501459592963;0.0;7.041964463734352e-8;0.0;0.0;0.0;0.0;0.0;0.0;0.0;0.0;0.0;-3.582187726049541e-12;0.0;0.0;0.0;0.0;0.0;106.21957127896016;113.72990309346902;42.1362114235527;113.72990309563735;-0.7231238201945512
256.0;0.0;-0.0012581501459592963;0.0;7.041964463734352e-8;0.0;0.0;0.0;0.0;0.0;0.0;0.0;0.0;0.0;-3.582187726049541e-12;0.0;0.0;0.0;0.0;0.0;106.21957127896016;113.72990309346902;42.1362114235527;113.72990309563735;-0.7231238201945512
257.0;0.0;-0.0012581501459592963;0.0;7.041964463734352e-8;0.0;0.0;0.0;0.0;0.0;0.0;0.0;0.0;0.0;-3.582187726049541e-12;0.0;0.0;0.0;0.0;0.0;106.21957127896016;113.72990309346902;42.1362114235527;113.72990309563735;-0.7231238201945512
258.0;0.0;-0.0012581501459592963;0.0;7.041964463734352e-8;0.0;0.0;0.0;0.0;0.0;0.0;0.0;0.0;0.0;-3.582187726049541e-12;0.0;0.0;0.0;0.0;0.0;106.21957127896016;113.72990309346902;42.1362114235527;113.72990309563735;-0.7231238201945512
259.0;0.0;-0.0012581501459592963;0.0;7.041964463734352e-8;0.0;0.0;0.0;0.0;0.0;0.0;0.0;0.0;0.0;-3.582187726049541e-12;0.0;0.0;0.0;0.0;0.0;106.21957127896016;113.72990309346902;42.1362114235527;113.72990309563735;-0.7231238201945512
260.0;0.0;-0.0012581501459592963;0.0;7.041964463734352e-8;0.0;0.0;0.0;0.0;0.0;0.0;0.0;0.0;0.0;-3.582187726049541e-12;0.0;0.0;0.0;0.0;0.0;106.21957127896016;113.72990309346902;42.1362114235527;113.72990309563735;-0.7231238201945512
261.0;0.0;-0.0012581501459592963;0.0;7.041964463734352e-8;0.0;0.0;0.0;0.0;0.0;0.0;0.0;0.0;0.0;-3.582187726049541e-12;0.0;0.0;0.0;0.0;0.0;106.21957127896016;113.72990309346902;42.1362114235527;113.72990309563735;-0.7231238201945512
262.0;0.0;-0.0012581501459592963;0.0;7.041964463734352e-8;0.0;0.0;0.0;0.0;0.0;0.0;0.0;0.0;0.0;-3.582187726049541e-12;0.0;0.0;0.0;0.0;0.0;106.21957127896016;113.72990309346902;42.1362114235527;113.72990309563735;-0.7231238201945512
263.0;0.0;-0.0012581501459592963;0.0;7.041964463734352e-8;0.0;0.0;0.0;0.0;0.0;0.0;0.0;0.0;0.0;-3.582187726049541e-12;0.0;0.0;0.0;0.0;0.0;106.21957127896016;113.72990309346902;42.1362114235527;113.72990309563735;-0.7231238201945512
264.0;0.0;-0.0012581501459592963;0.0;7.041964463734352e-8;0.0;0.0;0.0;0.0;0.0;0.0;0.0;0.0;0.0;-3.582187726049541e-12;0.0;0.0;0.0;0.0;0.0;106.21957127896016;113.72990309346902;42.1362114235527;113.72990309563735;-0.7231238201945512
265.0;0.0;4.631223857283172e-8;0.0;7.041964463734352e-8;0.0;0.0;0.0;0.0;0.0;0.0;0.011059514961865373;0.0;0.010534724222117046;-0.021594360098950344;0.0;0.0;0.0;0.0;0.0;106.21957127896016;113.72990309346902;42.1362114235527;113.72990309563735;-0.7231238201945512
266.0;0.0;4.631223857283172e-8;0.0;7.041964463734352e-8;0.0;0.0;0.0;0.0;0.0;0.0;0.011059514961865373;0.0;0.010534724222117046;-0.021594360098950344;0.0;0.0;0.0;0.0;0.0;106.21957127896016;113.72990309346902;42.1362114235527;113.72990309563735;-0.7231238201945512
267.0;0.0;4.631223857283172e-8;0.0;7.041964463734352e-8;0.0;0.0;0.0;0.0;0.0;0.0;0.011059514961865373;0.0;0.010534724222117046;-0.021594360098950344;0.0;0.0;0.0;0.0;0.0;106.21957127896016;113.72990309346902;42.1362114235527;113.72990309563735;-0.7231238201945512
268.0;0.0;4.631223857283172e-8;0.0;7.041964463734352e-8;0.0;0.0;0.0;0.0;0.0;0.0;0.011059514961865373;0.0;0.010534724222117046;-0.021594360098950344;0.0;0.0;0.0;0.0;0.0;106.21957127896016;113.72990309346902;42.1362114235527;113.72990309563735;-0.7231238201945512
269.0;0.0;4.631223857283172e-8;0.0;7.041964463734352e-8;0.0;0.0;0.0;0.0;0.0;0.0;0.011059514961865373;0.0;0.010534724222117046;-0.021594360098950344;0.0;0.0;0.0;0.0;0.0;106.21957127896016;113.72990309346902;42.1362114235527;113.72990309563735;-0.7231238201945512
270.0;0.0;4.631223857283172e-8;0.0;7.041964463734352e-8;0.0;0.0;0.0;0.0;0.0;0.0;0.011059514961865373;0.0;0.010534724222117046;-0.021594360098950344;0.0;0.0;0.0;0.0;0.0;106.21957127896016;113.72990309346902;42.1362114235527;113.72990309563735;-0.7231238201945512
271.0;0.0;4.631223857283172e-8;0.0;7.041964463734352e-8;0.0;0.0;0.0;0.0;0.0;0.0;0.011059514961865373;0.0;0.010534724222117046;-0.021594360098950344;0.0;0.0;0.0;0.0;0.0;106.21957127896016;113.72990309346902;42.1362114235527;113.72990309563735;-0.7231238201945512
272.0;0.0;4.631223857283172e-8;0.0;7.041964463734352e-8;0.0;0.0;0.0;0.0;0.0;0.0;0.011059514961865373;0.0;0.010534724222117046;-0.021594360098950344;0.0;0.0;0.0;0.0;0.0;106.21957127896016;113.72990309346902;42.1362114235527;113.72990309563735;-0.7231238201945512
273.0;0.0;4.631223857283172e-8;0.0;7.041964463734352e-8;0.0;0.0;0.0;0.0;0.0;0.0;0.011059514961865373;0.0;0.010534724222117046;-0.021594360098950344;0.0;0.0;0.0;0.0;0.0;106.21957127896016;113.72990309346902;42.1362114235527;113.72990309563735;-0.7231238201945512
274.0;0.0;4.631223857283172e-8;0.0;7.041964463734352e-8;0.0;0.0;0.0;0.0;0.0;0.0;0.011059514961865373;0.0;0.010534724222117046;-0.021594360098950344;0.0;0.0;0.0;0.0;0.0;106.21957127896016;113.72990309346902;42.1362114235527;113.72990309563735;-0.7231238201945512
275.0;0.0;4.631223857283172e-8;0.0;7.041964463734352e-8;0.0;0.0;0.0;0.0;0.0;0.0;0.011059514961865373;0.0;0.010534724222117046;-0.021594360098950344;0.0;0.0;0.0;0.0;0.0;106.21957127896016;113.72990309346902;42.1362114235527;113.72990309563735;-0.7231238201945512
276.0;0.0;4.631223857283172e-8;0.0;7.041964463734352e-8;0.0;0.0;0.0;0.0;0.0;0.0;0.011059514961865373;0.0;0.010534724222117046;-0.021594360098950344;0.0;0.0;0.0;0.0;0.0;106.21957127896016;113.72990309346902;42.1362114235527;113.72990309563735;-0.7231238201945512
277.0;0.0;4.631223857283172e-8;0.0;7.041964463734352e-8;0.0;0.0;0.0;0.0;0.0;0.0;0.011059514961865373;0.0;0.010534724222117046;-0.021594360098950344;0.0;0.0;0.0;0.0;0.0;106.21957127896016;113.72990309346902;42.1362114235527;113.72990309563735;-0.7231238201945512
278.0;0.0;4.631223857283172e-8;0.0;7.041964463734352e-8;0.0;0.0;0.0;0.0;0.0;0.0;0.011059514961865373;0.0;0.010534724222117046;-0.021594360098950344;0.0;0.0;0.0;0.0;0.0;106.21957127896016;113.72990309346902;42.1362114235527;113.72990309563735;-0.7231238201945512
279.0;0.0;4.631223857283172e-8;0.0;7.041964463734352e-8;0.0;0.0;0.0;0.0;0.0;0.0;0.011059514961865373;0.0;0.010534724222117046;-0.021594360098950344;0.0;0.0;0.0;0.0;0.0;106.21957127896016;113.72990309346902;42.1362114235527;113.72990309563735;-0.7231238201945512
280.0;0.0;4.631223857283172e-8;0.0;7.041964463734352e-8;0.0;0.0;0.0;0.0;0.0;0.0;0.011059514961865373;0.0;0.010534724222117046;-0.021594360098950344;0.0;0.0;0.0;0.0;0.0;106.21957127896016;113.72990309346902;42.1362114235527;113.72990309563735;-0.7231238201945512
281.0;0.0;4.631223857283172e-8;0.0;7.041964463734352e-8;0.0;0.0;0.0;0.0;0.0;0.0;0.011059514961865373;0.0;0.010534724222117046;-0.021594360098950344;0.0;0.0;0.0;0.0;0.0;106.21957127896016;113.72990309346902;42.1362114235527;113.72990309563735;-0.7231238201945512
282.0;0.0;4.631223857283172e-8;0.0;7.041964463734352e-8;0.0;0.0;0.0;0.0;0.0;0.0;0.011059514961865373;0.0;0.010534724222117046;-0.021594360098950344;0.0;0.0;0.0;0.0;0.0;106.21957127896016;113.72990309346902;42.1362114235527;113.72990309563735;-0.7231238201945512
283.0;0.0;4.631223857283172e-8;0.0;7.041964463734352e-8;0.0;0.0;0.0;0.0;0.0;0.0;0.011059514961865373;0.0;0.010534724222117046;-0.021594360098950344;0.0;0.0;0.0;0.0;0.0;106.21957127896016;113.72990309346902;42.1362114235527;113.72990309563735;-0.7231238201945512
284.0;0.0;4.631223857283172e-8;0.0;7.041964463734352e-8;0.0;0.0;0.0;0.0;0.0;0.0;0.011059514961865373;0.0;0.010534724222117046;-0.021594360098950344;0.0;0.0;0.0;0.0;0.0;106.21957127896016;113.72990309346902;42.1362114235527;113.72990309563735;-0.7231238201945512
285.0;0.0;4.631223857283172e-8;0.0;7.041964463734352e-8;0.0;0.0;0.0;0.0;0.0;0.0;0.011059514961865373;0.0;0.010534724222117046;-0.021594360098950344;0.0;0.0;0.0;0.0;0.0;106.21957127896016;113.72990309346902;42.1362114235527;113.72990309563735;-0.7231238201945512
286.0;0.0;4.631223857283172e-8;0.0;7.041964463734352e-8;0.0;0.0;0.0;0.0;0.0;0.0;0.011059514961865373;0.0;0.010534724222117046;-0.021594360098950344;0.0;0.0;0.0;0.0;0.0;106.21957127896016;113.72990309346902;42.1362114235527;113.72990309563735;-0.7231238201945512
287.0;0.0;4.631223857283172e-8;0.0;7.041964463734352e-8;0.0;0.0;0.0;0.0;0.0;0.0;0.011059514961865373;0.0;0.010534724222117046;-0.021594360098950344;0.0;0.0;0.0;0.0;0.0;106.21957127896016;113.72990309346902;42.1362114235527;113.72990309563735;-0.7231238201945512
288.0;0.0;4.631223857283172e-8;0.0;7.041964463734352e-8;0.0;0.0;0.0;0.0;0.0;0.0;0.011059514961865373;0.0;0.010534724222117046;-0.021594360098950344;0.0;0.0;0.0;0.0;0.0;106.21957127896016;113.72990309346902;42.1362114235527;113.72990309563735;-0.7231238201945512
289.0;0.0;-2.312130124465741e-6;0.0;7.041964463734352e-8;0.0;0.0;0.0;0.0;0.0;0.0;0.0019324457338554557;0.0;0.004452414191163447;-0.006380610344620936;0.0;0.0;0.0;0.0;0.0;106.21957127896016;113.72990309346902;42.1362114235527;113.72990309563735;-0.7231238201945512
290.0;0.0;-2.312130124465741e-6;0.0;7.041964463734352e-8;0.0;0.0;0.0;0.0;0.0;0.0;0.0019324457338554557;0.0;0.004452414191163447;-0.006380610344620936;0.0;0.0;0.0;0.0;0.0;106.21957127896016;113.72990309346902;42.1362114235527;113.72990309563735;-0.7231238201945512
291.0;0.0;-2.312130124465741e-6;0.0;7.041964463734352e-8;0.0;0.0;0.0;0.0;0.0;0.0;0.0019324457338554557;0.0;0.004452414191163447;-0.006380610344620936;0.0;0.0;0.0;0.0;0.0;106.21957127896016;113.72990309346902;42.1362114235527;113.72990309563735;-0.7231238201945512
292.0;0.0;-2.312130124465741e-6;0.0;7.041964463734352e-8;0.0;0.0;0.0;0.0;0.0;0.0;0.0019324457338554557;0.0;0.004452414191163447;-0.006380610344620936;0.0;0.0;0.0;0.0;0.0;106.21957127896016;113.72990309346902;42.1362114235527;113.72990309563735;-0.7231238201945512
293.0;0.0;-2.312130124465741e-6;0.0;7.041964463734352e-8;0.0;0.0;0.0;0.0;0.0;0.0;0.0019324457338554557;0.0;0.004452414191163447;-0.006380610344620936;0.0;0.0;0.0;0.0;0.0;106.21957127896016;113.72990309346902;42.1362114235527;113.72990309563735;-0.7231238201945512
294.0;0.0;-2.312130124465741e-6;0.0;7.041964463734352e-8;0.0;0.0;0.0;0.0;0.0;0.0;0.0019324457338554557;0.0;0.004452414191163447;-0.006380610344620936;0.0;0.0;0.0;0.0;0.0;106.21957127896016;113.72990309346902;42.1362114235527;113.72990309563735;-0.7231238201945512
295.0;0.0;-2.312130124465741e-6;0.0;7.041964463734352e-8;0.0;0.0;0.0;0.0;0.0;0.0;0.0019324457338554557;0.0;0.004452414191163447;-0.006380610344620936;0.0;0.0;0.0;0.0;0.0;106.21957127896016;113.72990309346902;42.1362114235527;113.72990309563735;-0.7231238201945512
296.0;0.0;-2.312130124465741e-6;0.0;7.041964463734352e-8;0.0;0.0;0.0;0.0;0.0;0.0;0.0019324457338554557;0.0;0.004452414191163447;-0.006380610344620936;0.0;0.0;0.0;0.0;0.0;106.21957127896016;113.72990309346902;42.1362114235527;113.72990309563735;-0.7231238201945512
297.0;0.0;-2.312130124465741e-6;0.0;7.041964463734352e-8;0.0;0.0;0.0;0.0;0.0;0.0;0.0019324457338554557;0.0;0.004452414191163447;-0.006380610344620936;0.0;0.0;0.0;0.0;0.0;106.21957127896016;113.72990309346902;42.1362114235527;113.72990309563735;-0.7231238201945512
298.0;0.0;-2.312130124465741e-6;0.0;7.041964463734352e-8;0.0;0.0;0.0;0.0;0.0;0.0;0.0019324457338554557;0.0;0.004452414191163447;-0.006380610344620936;0.0;0.0;0.0;0.0;0.0;106.21957127896016;113.72990309346902;42.1362114235527;113.72990309563735;-0.7231238201945512
299.0;0.0;-2.312130124465741e-6;0.0;7.041964463734352e-8;0.0;0.0;0.0;0.0;0.0;0.0;0.0019324457338554557;0.0;0.004452414191163447;-0.006380610344620936;0.0;0.0;0.0;0.0;0.0;106.21957127896016;113.72990309346902;42.1362114235527;113.72990309563735;-0.7231238201945512
300.0;0.0;-2.312130124465741e-6;0.0;7.041964463734352e-8;0.0;0.0;0.0;0.0;0.0;0.0;0.0019324457338554557;0.0;0.004452414191163447;-0.006380610344620936;0.0;0.0;0.0;0.0;0.0;106.21957127896016;113.72990309346902;42.1362114235527;113.72990309563735;-0.7231238201945512
301.0;0.0;-2.312130124465741e-6;0.0;7.041964463734352e-8;0.0;0.0;0.0;0.0;0.0;0.0;0.0019324457338554557;0.0;0.004452414191163447;-0.006380610344620936;0.0;0.0;0.0;0.0;0.0;106.21957127896016;113.72990309346902;42.1362114235527;113.72990309563735;-0.7231238201945512
302.0;0.0;-2.312130124465741e-6;0.0;7.041964463734352e-8;0.0;0.0;0.0;0.0;0.0;0.0;0.0019324457338554557;0.0;0.004452414191163447;-0.006380610344620936;0.0;0.0;0.0;0.0;0.0;106.21957127896016;113.72990309346902;42.1362114235527;113.72990309563735;-0.7231238201945512
303.0;0.0;-2.312130124465741e-6;0.0;7.041964463734352e-8;0.0;0.0;0.0;0.0;0.0;0.0;0.0019324457338554557;0.0;0.004452414191163447;-0.006380610344620936;0.0;0.0;0.0;0.0;0.0;106.21957127896016;113.72990309346902;42.1362114235527;113.72990309563735;-0.7231238201945512
304.0;0.0;-2.312130124465741e-6;0.0;7.041964463734352e-8;0.0;0.0;0.0;0.0;0.0;0.0;0.0019324457338554557;0.0;0.004452414191163447;-0.006380610344620936;0.0;0.0;0.0;0.0;0.0;106.21957127896016;113.72990309346902;42.1362114235527;113.72990309563735;-0.7231238201945512
305.0;0.0;-2.312130124465741e-6;0.0;7.041964463734352e-8;0.0;0.0;0.0;0.0;0.0;0.0;0.0019324457338554557;0.0;0.004452414191163447;-0.006380610344620936;0.0;0.0;0.0;0.0;0.0;106.21957127896016;113.72990309346902;42.1362114235527;113.72990309563735;-0.7231238201945512
306.0;0.0;-2.312130124465741e-6;0.0;7.041964463734352e-8;0.0;0.0;0.0;0.0;0.0;0.0;0.0019324457338554557;0.0;0.004452414191163447;-0.006380610344620936;0.0;0.0;0.0;0.0;0.0;106.21957127896016;113.72990309346902;42.1362114235527;113.72990309563735;-0.7231238201945512
307.0;0.0;-2.312130124465741e-6;0.0;7.041964463734352e-8;0.0;0.0;0.0;0.0;0.0;0.0;0.0019324457338554557;0.0;0.004452414191163447;-0.006380610344620936;0.0;0.0;0.0;0.0;0.0;106.21957127896016;113.72990309346902;42.1362114235527;113.72990309563735;-0.7231238201945512
308.0;0.0;-2.312130124465741e-6;0.0;7.041964463734352e-8;0.0;0.0;0.0;0.0;0.0;0.0;0.0019324457338554557;0.0;0.004452414191163447;-0.006380610344620936;0.0;0.0;0.0;0.0;0.0;106.21957127896016;113.72990309346902;42.1362114235527;113.72990309563735;-0.7231238201945512
309.0;0.0;-2.312130124465741e-6;0.0;7.041964463734352e-8;0.0;0.0;0.0;0.0;0.0;0.0;0.0019324457338554557;0.0;0.004452414191163447;-0.006380610344620936;0.0;0.0;0.0;0.0;0.0;106.21957127896016;113.72990309346902;42.1362114235527;113.72990309563735;-0.7231238201945512
310.0;0.0;-2.312130124465741e-6;0.0;7.041964463734352e-8;0.0;0.0;0.0;0.0;0.0;0.0;0.0019324457338554557;0.0;0.004452414191163447;-0.006380610344620936;0.0;0.0;0.0;0.0;0.0;106.21957127896016;113.72990309346902;42.1362114235527;113.72990309563735;-0.7231238201945512
311.0;0.0;-2.312130124465741e-6;0.0;7.041964463734352e-8;0.0;0.0;0.0;0.0;0.0;0.0;0.0019324457338554557;0.0;0.004452414191163447;-0.006380610344620936;0.0;0.0;0.0;0.0;0.0;106.21957127896016;113.72990309346902;42.1362114235527;113.72990309563735;-0.7231238201945512
312.0;0.0;-2.312130124465741e-6;0.0;7.041964463734352e-8;0.0;0.0;0.0;0.0;0.0;0.0;0.0019324457338554557;0.0;0.004452414191163447;-0.006380610344620936;0.0;0.0;0.0;0.0;0.0;106.21957127896016;113.72990309346902;42.1362114235527;113.72990309563735;-0.7231238201945512
313.0;0.0;-0.0007799577565310807;0.0;7.041964463734352e-8;0.0;0.0;0.0;0.0;0.0;0.0;0.0;0.0;0.0;-2.551545123465224e-12;0.0;0.0;0.0;0.0;0.0;106.21957127896016;113.72990309346902;42.1362114235527;113.72990309563735;-0.7231238201945512
314.0;0.0;-0.0007799577565310807;0.0;7.041964463734352e-8;0.0;0.0;0.0;0.0;0.0;0.0;0.0;0.0;0.0;-2.551545123465224e-12;0.0;0.0;0.0;0.0;0.0;106.21957127896016;113.72990309346902;42.1362114235527;113.72990309563735;-0.7231238201945512
315.0;0.0;-0.0007799577565310807;0.0;7.041964463734352e-8;0.0;0.0;0.0;0.0;0.0;0.0;0.0;0.0;0.0;-2.551545123465224e-12;0.0;0.0;0.0;0.0;0.0;106.21957127896016;113.72990309346902;42.1362114235527;113.72990309563735;-0.7231238201945512
316.0;0.0;-0.0007799577565310807;0.0;7.041964463734352e-8;0.0;0.0;0.0;0.0;0.0;0.0;0.0;0.0;0.0;-2.551545123465224e-12;0.0;0.0;0.0;0.0;0.0;106.21957127896016;113.72990309346902;42.1362114235527;113.72990309563735;-0.7231238201945512
317.0;0.0;-0.0007799577565310807;0.0;7.041964463734352e-8;0.0;0.0;0.0;0.0;0.0;0.0;0.0;0.0;0.0;-2.551545123465224e-12;0.0;0.0;0.0;0.0;0.0;106.21957127896016;113.72990309346902;42.1362114235527;113.72990309563735;-0.7231238201945512
318.0;0.0;-0.0007799577565310807;0.0;7.041964463734352e-8;0.0;0.0;0.0;0.0;0.0;0.0;0.0;0.0;0.0;-2.551545123465224e-12;0.0;0.0;0.0;0.0;0.0;106.21957127896016;113.72990309346902;42.1362114235527;113.72990309563735;-0.7231238201945512
319.0;0.0;-0.0007799577565310807;0.0;7.041964463734352e-8;0.0;0.0;0.0;0.0;0.0;0.0;0.0;0.0;0.0;-2.551545123465224e-12;0.0;0.0;0.0;0.0;0.0;106.21957127896016;113.72990309346902;42.1362114235527;113.72990309563735;-0.7231238201945512
320.0;0.0;-0.0007799577565310807;0.0;7.041964463734352e-8;0.0;0.0;0.0;0.0;0.0;0.0;0.0;0.0;0.0;-2.551545123465224e-12;0.0;0.0;0.0;0.0;0.0;106.21957127896016;113.72990309346902;42.1362114235527;113.72990309563735;-0.7231238201945512
321.0;0.0;-0.0007799577565310807;0.0;7.041964463734352e-8;0.0;0.0;0.0;0.0;0.0;0.0;0.0;0.0;0.0;-2.551545123465224e-12;0.0;0.0;0.0;0.0;0.0;106.21957127896016;113.72990309346902;42.1362114235527;113.72990309563735;-0.7231238201945512
322.0;0.0;-0.0007799577565310807;0.0;7.041964463734352e-8;0.0;0.0;0.0;0.0;0.0;0.0;0.0;0.0;0.0;-2.551545123465224e-12;0.0;0.0;0.0;0.0;0.0;106.21957127896016;113.72990309346902;42.1362114235527;113.72990309563735;-0.7231238201945512
323.0;0.0;-0.0007799577565310807;0.0;7.041964463734352e-8;0.0;0.0;0.0;0.0;0.0;0.0;0.0;0.0;0.0;-2.551545123465224e-12;0.0;0.0;0.0;0.0;0.0;106.21957127896016;113.72990309346902;42.1362114235527;113.72990309563735;-0.7231238201945512
324.0;0.0;-0.0007799577565310807;0.0;7.041964463734352e-8;0.0;0.0;0.0;0.0;0.0;0.0;0.0;0.0;0.0;-2.551545123465224e-12;0.0;0.0;0.0;0.0;0.0;106.21957127896016;113.72990309346902;42.1362114235527;113.72990309563735;-0.7231238201945512
325.0;0.0;-0.0007799577565310807;0.0;7.041964463734352e-8;0.0;0.0;0.0;0.0;0.0;0.0;0.0;0.0;0.0;-2.551545123465224e-12;0.0;0.0;0.0;0.0;0.0;106.21957127896016;113.72990309346902;42.1362114235527;113.72990309563735;-0.7231238201945512
326.0;0.0;-0.0007799577565310807;0.0;7.041964463734352e-8;0.0;0.0;0.0;0.0;0.0;0.0;0.0;0.0;0.0;-2.551545123465224e-12;0.0;0.0;0.0;0.0;0.0;106.21957127896016;113.72990309346902;42.1362114235527;113.72990309563735;-0.7231238201945512
327.0;0.0;-0.0007799577565310807;0.0;7.041964463734352e-8;0.0;0.0;0.0;0.0;0.0;0.0;0.0;0.0;0.0;-2.551545123465224e-12;0.0;0.0;0.0;0.0;0.0;106.21957127896016;113.72990309346902;42.1362114235527;113.72990309563735;-0.7231238201945512
328.0;0.0;-0.0007799577565310807;0.0;7.041964463734352e-8;0.0;0.0;0.0;0.0;0.0;0.0;0.0;0.0;0.0;-2.551545123465224e-12;0.0;0.0;0.0;0.0;0.0;106.21957127896016;113.72990309346902;42.1362114235527;113.72990309563735;-0.7231238201945512
329.0;0.0;-0.0007799577565310807;0.0;7.041964463734352e-8;0.0;0.0;0.0;0.0;0.0;0.0;0.0;0.0;0.0;-2.551545123465224e-12;0.0;0.0;0.0;0.0;0.0;106.21957127896016;113.72990309346902;42.1362114235527;113.72990309563735;-0.7231238201945512
330.0;0.0;-0.0007799577565310807;0.0;7.041964463734352e-8;0.0;0.0;0.0;0.0;0.0;0.0;0.0;0.0;0.0;-2.551545123465224e-12;0.0;0.0;0.0;0.0;0.0;106.21957127896016;113.72990309346902;42.1362114235527;113.72990309563735;-0.7231238201945512
331.0;0.0;-0.0007799577565310807;0.0;7.041964463734352e-8;0.0;0.0;0.0;0.0;0.0;0.0;0.0;0.0;0.0;-2.551545123465224e-12;0.0;0.0;0.0;0.0;0.0;106.21957127896016;113.72990309346902;42.1362114235527;113.72990309563735;-0.7231238201945512
332.0;0.0;-0.0007799577565310807;0.0;7.041964463734352e-8;0.0;0.0;0.0;0.0;0.0;0.0;0.0;0.0;0.0;-2.551545123465224e-12;0.0;0.0;0.0;0.0;0.0;106.21957127896016;113.72990309346902;42.1362114235527;113.72990309563735;-0.7231238201945512
333.0;0.0;-0.0007799577565310807;0.0;7.041964463734352e-8;0.0;0.0;0.0;0.0;0.0;0.0;0.0;0.0;0.0;-2.551545123465224e-12;0.0;0.0;0.0;0.0;0.0;106.21957127896016;113.72990309346902;42.1362114235527;113.72990309563735;-0.7231238201945512
334.0;0.0;-0.0007799577565310807;0.0;7.041964463734352e-8;0.0;0.0;0.0;0.0;0.0;0.0;0.0;0.0;0.0;-2.551545123465224e-12;0.0;0.0;0.0;0.0;0.0;106.21957127896016;113.72990309346902;42.1362114235527;113.72990309563735;-0.7231238201945512
335.0;0.0;-0.0007799577565310807;0.0;7.041964463734352e-8;0.0;0.0;0.0;0.0;0.0;0.0;0.0;0.0;0.0;-2.551545123465224e-12;0.0;0.0;0.0;0.0;0.0;106.21957127896016;113.72990309346902;42.1362114235527;113.72990309563735;-0.7231238201945512
336.0;0.0;-0.0007799577565310807;0.0;7.041964463734352e-8;0.0;0.0;0.0;0.0;0.0;0.0;0.0;0.0;0.0;-2.551545123465224e-12;0.0;0.0;0.0;0.0;0.0;106.21957127896016;113.72990309346902;42.1362114235527;113.72990309563735;-0.7231238201945512
337.0;0.0;-0.0007311892012433883;0.0;7.041964463734352e-8;0.0;0.0;0.0;0.0;0.0;0.0;0.0;0.0;0.0;-2.2451042399278044e-12;0.0;0.0;0.0;0.0;0.0;106.21957127896016;113.72990309346902;42.1362114235527;113.72990309563735;-0.7231238201945512
338.0;0.0;-0.0007311892012433883;0.0;7.041964463734352e-8;0.0;0.0;0.0;0.0;0.0;0.0;0.0;0.0;0.0;-2.2451042399278044e-12;0.0;0.0;0.0;0.0;0.0;106.21957127896016;113.72990309346902;42.1362114235527;113.72990309563735;-0.7231238201945512
339.0;0.0;-0.0007311892012433883;0.0;7.041964463734352e-8;0.0;0.0;0.0;0.0;0.0;0.0;0.0;0.0;0.0;-2.2451042399278044e-12;0.0;0.0;0.0;0.0;0.0;106.21957127896016;113.72990309346902;42.1362114235527;113.72990309563735;-0.7231238201945512
340.0;0.0;-0.0007311892012433883;0.0;7.041964463734352e-8;0.0;0.0;0.0;0.0;0.0;0.0;0.0;0.0;0.0;-2.2451042399278044e-12;0.0;0.0;0.0;0.0;0.0;106.21957127896016;113.72990309346902;42.1362114235527;113.72990309563735;-0.7231238201945512
341.0;0.0;-0.0007311892012433883;0.0;7.041964463734352e-8;0.0;0.0;0.0;0.0;0.0;0.0;0.0;0.0;0.0;-2.2451042399278044e-12;0.0;0.0;0.0;0.0;0.0;106.21957127896016;113.72990309346902;42.1362114235527;113.72990309563735;-0.7231238201945512
342.0;0.0;-0.0007311892012433883;0.0;7.041964463734352e-8;0.0;0.0;0.0;0.0;0.0;0.0;0.0;0.0;0.0;-2.2451042399278044e-12;0.0;0.0;0.0;0.0;0.0;106.21957127896016;113.72990309346902;42.1362114235527;113.72990309563735;-0.7231238201945512
343.0;0.0;-0.0007311892012433883;0.0;7.041964463734352e-8;0.0;0.0;0.0;0.0;0.0;0.0;0.0;0.0;0.0;-2.2451042399278044e-12;0.0;0.0;0.0;0.0;0.0;106.21957127896016;113.72990309346902;42.1362114235527;113.72990309563735;-0.7231238201945512
344.0;0.0;-0.0007311892012433883;0.0;7.041964463734352e-8;0.0;0.0;0.0;0.0;0.0;0.0;0.0;0.0;0.0;-2.2451042399278044e-12;0.0;0.0;0.0;0.0;0.0;106.21957127896016;113.72990309346902;42.1362114235527;113.72990309563735;-0.7231238201945512
345.0;0.0;-0.0007311892012433883;0.0;7.041964463734352e-8;0.0;0.0;0.0;0.0;0.0;0.0;0.0;0.0;0.0;-2.2451042399278044e-12;0.0;0.0;0.0;0.0;0.0;106.21957127896016;113.72990309346902;42.1362114235527;113.72990309563735;-0.7231238201945512
346.0;0.0;-0.0007311892012433883;0.0;7.041964463734352e-8;0.0;0.0;0.0;0.0;0.0;0.0;0.0;0.0;0.0;-2.2451042399278044e-12;0.0;0.0;0.0;0.0;0.0;106.21957127896016;113.72990309346902;42.1362114235527;113.72990309563735;-0.7231238201945512
347.0;0.0;-0.0007311892012433883;0.0;7.041964463734352e-8;0.0;0.0;0.0;0.0;0.0;0.0;0.0;0.0;0.0;-2.2451042399278044e-12;0.0;0.0;0.0;0.0;0.0;106.21957127896016;113.72990309346902;42.1362114235527;113.72990309563735;-0.7231238201945512
348.0;0.0;-0.0007311892012433883;0.0;7.041964463734352e-8;0.0;0.0;0.0;0.0;0.0;0.0;0.0;0.0;0.0;-2.2451042399278044e-12;0.0;0.0;0.0;0.0;0.0;106.21957127896016;113.72990309346902;42.1362114235527;113.72990309563735;-0.7231238201945512
349.0;0.0;-0.0007311892012433883;0.0;7.041964463734352e-8;0.0;0.0;0.0;0.0;0.0;0.0;0.0;0.0;0.0;-2.2451042399278044e-12;0.0;0.0;0.0;0.0;0.0;106.21957127896016;113.72990309346902;42.1362114235527;113.72990309563735;-0.7231238201945512
350.0;0.0;-0.0007311892012433883;0.0;7.041964463734352e-8;0.0;0.0;0.0;0.0;0.0;0.0;0.0;0.0;0.0;-2.2451042399278044e-12;0.0;0.0;0.0;0.0;0.0;106.21957127896016;113.72990309346902;42.1362114235527;113.72990309563735;-0.7231238201945512
351.0;0.0;-0.0007311892012433883;0.0;7.041964463734352e-8;0.0;0.0;0.0;0.0;0.0;0.0;0.0;0.0;0.0;-2.2451042399278044e-12;0.0;0.0;0.0;0.0;0.0;106.21957127896016;113.72990309346902;42.1362114235527;113.72990309563735;-0.7231238201945512
352.0;0.0;-0.0007311892012433883;0.0;7.041964463734352e-8;0.0;0.0;0.0;0.0;0.0;0.0;0.0;0.0;0.0;-2.2451042399278044e-12;0.0;0.0;0.0;0.0;0.0;106.21957127896016;113.72990309346902;42.1362114235527;113.72990309563735;-0.7231238201945512
353.0;0.0;-0.0007311892012433883;0.0;7.041964463734352e-8;0.0;0.0;0.0;0.0;0.0;0.0;0.0;0.0;0.0;-2.2451042399278044e-12;0.0;0.0;0.0;0.0;0.0;106.21957127896016;113.72990309346902;42.1362114235527;113.72990309563735;-0.7231238201945512
354.0;0.0;-0.0007311892012433883;0.0;7.041964463734352e-8;0.0;0.0;0.0;0.0;0.0;0.0;0.0;0.0;0.0;-2.2451042399278044e-12;0.0;0.0;0.0;0.0;0.0;106.21957127896016;113.72990309346902;42.1362114235527;113.72990309563735;-0.7231238201945512
355.0;0.0;-0.0007311892012433883;0.0;7.041964463734352e-8;0.0;0.0;0.0;0.0;0.0;0.0;0.0;0.0;0.0;-2.2451042399278044e-12;0.0;0.0;0.0;0.0;0.0;106.21957127896016;113.72990309346902;42.1362114235527;113.72990309563735;-0.7231238201945512
356.0;0.0;-0.0007311892012433883;0.0;7.041964463734352e-8;0.0;0.0;0.0;0.0;0.0;0.0;0.0;0.0;0.0;-2.2451042399278044e-12;0.0;0.0;0.0;0.0;0.0;106.21957127896016;113.72990309346902;42.1362114235527;113.72990309563735;-0.7231238201945512
357.0;0.0;-0.0007311892012433883;0.0;7.041964463734352e-8;0.0;0.0;0.0;0.0;0.0;0.0;0.0;0.0;0.0;-2.2451042399278044e-12;0.0;0.0;0.0;0.0;0.0;106.21957127896016;113.72990309346902;42.1362114235527;113.72990309563735;-0.7231238201945512
358.0;0.0;-0.0007311892012433883;0.0;7.041964463734352e-8;0.0;0.0;0.0;0.0;0.0;0.0;0.0;0.0;0.0;-2.2451042399278044e-12;0.0;0.0;0.0;0.0;0.0;106.21957127896016;113.72990309346902;42.1362114235527;113.72990309563735;-0.7231238201945512
359.0;0.0;-0.0007311892012433883;0.0;7.041964463734352e-8;0.0;0.0;0.0;0.0;0.0;0.0;0.0;0.0;0.0;-2.2451042399278044e-12;0.0;0.0;0.0;0.0;0.0;106.21957127896016;113.72990309346902;42.1362114235527;113.72990309563735;-0.7231238201945512
360.0;0.0;-0.0007311892012433883;0.0;7.041964463734352e-8;0.0;0.0;0.0;0.0;0.0;0.0;0.0;0.0;0.0;-2.2451042399278044e-12;0.0;0.0;0.0;0.0;0.0;106.21957127896016;113.72990309346902;42.1362114235527;113.72990309563735;-0.7231238201945512
361.0;0.0;-2.977917624859134e-8;0.0;7.041964463734352e-8;0.0;0.0;0.0;0.0;0.0;0.0;0.009933763398992008;0.0;0.009315414503051627;-0.019249132138551086;0.0;0.0;0.0;0.0;0.0;106.21957127896016;113.72990309346902;42.1362114235527;113.72990309563735;-0.7231238201945512
362.0;0.0;-2.977917624859134e-8;0.0;7.041964463734352e-8;0.0;0.0;0.0;0.0;0.0;0.0;0.009933763398992008;0.0;0.009315414503051627;-0.019249132138551086;0.0;0.0;0.0;0.0;0.0;106.21957127896016;113.72990309346902;42.1362114235527;113.72990309563735;-0.7231238201945512
363.0;0.0;-2.977917624859134e-8;0.0;7.041964463734352e-8;0.0;0.0;0.0;0.0;0.0;0.0;0.009933763398992008;0.0;0.009315414503051627;-0.019249132138551086;0.0;0.0;0.0;0.0;0.0;106.21957127896016;113.72990309346902;42.1362114235527;113.72990309563735;-0.7231238201945512
364.0;0.0;-2.977917624859134e-8;0.0;7.041964463734352e-8;0.0;0.0;0.0;0.0;0.0;0.0;0.009933763398992008;0.0;0.009315414503051627;-0.019249132138551086;0.0;0.0;0.0;0.0;0.0;106.21957127896016;113.72990309346902;42.1362114235527;113.72990309563735;-0.7231238201945512
365.0;0.0;-2.977917624859134e-8;0.0;7.041964463734352e-8;0.0;0.0;0.0;0.0;0.0;0.0;0.009933763398992008;0.0;0.009315414503051627;-0.019249132138551086;0.0;0.0;0.0;0.0;0.0;106.21957127896016;113.72990309346902;42.1362114235527;113.72990309563735;-0.7231238201945512
366.0;0.0;-2.977917624859134e-8;0.0;7.041964463734352e-8;0.0;0.0;0.0;0.0;0.0;0.0;0.009933763398992008;0.0;0.009315414503051627;-0.019249132138551086;0.0;0.0;0.0;0.0;0.0;106.21957127896016;113.72990309346902;42.1362114235527;113.72990309563735;-0.7231238201945512
367.0;0.0;-2.977917624859134e-8;0.0;7.041964463734352e-8;0.0;0.0;0.0;0.0;0.0;0.0;0.009933763398992008;0.0;0.009315414503051627;-0.019249132138551086;0.0;0.0;0.0;0.0;0.0;106.21957127896016;113.72990309346902;42.1362114235527;113.72990309563735;-0.7231238201945512
368.0;0.0;-2.977917624859134e-8;0.0;7.041964463734352e-8;0.0;0.0;0.0;0.0;0.0;0.0;0.009933763398992008;0.0;0.009315414503051627;-0.019249132138551086;0.0;0.0;0.0;0.0;0.0;106.21957127896016;113.72990309346902;42.1362114235527;113.72990309563735;-0.7231238201945512
369.0;0.0;-2.977917624859134e-8;0.0;7.041964463734352e-8;0.0;0.0;0.0;0.0;0.0;0.0;0.009933763398992008;0.0;0.009315414503051627;-0.019249132138551086;0.0;0.0;0.0;0.0;0.0;106.21957127896016;113.72990309346902;42.1362114235527;113.72990309563735;-0.7231238201945512
370.0;0.0;-2.977917624859134e-8;0.0;7.041964463734352e-8;0.0;0.0;0.0;0.0;0.0;0.0;0.009933763398992008;0.0;0.009315414503051627;-0.019249132138551086;0.0;0.0;0.0;0.0;0.0;106.21957127896016;113.72990309346902;42.1362114235527;113.72990309563735;-0.7231238201945512
371.0;0.0;-2.977917624859134e-8;0.0;7.041964463734352e-8;0.0;0.0;0.0;0.0;0.0;0.0;0.009933763398992008;0.0;0.009315414503051627;-0.019249132138551086;0.0;0.0;0.0;0.0;0.0;106.21957127896016;113.72990309346902;42.1362114235527;113.72990309563735;-0.7231238201945512
372.0;0.0;-2.977917624859134e-8;0.0;7.041964463734352e-8;0.0;0.0;0.0;0.0;0.0;0.0;0.009933763398992008;0.0;0.009315414503051627;-0.019249132138551086;0.0;0.0;0.0;0.0;0.0;106.21957127896016;113.72990309346902;42.1362114235527;113.72990309563735;-0.7231238201945512
373.0;0.0;-2.977917624859134e-8;0.0;7.041964463734352e-8;0.0;0.0;0.0;0.0;0.0;0.0;0.009933763398992008;0.0;0.009315414503051627;-0.019249132138551086;0.0;0.0;0.0;0.0;0.0;106.21957127896016;113.72990309346902;42.1362114235527;113.72990309563735;-0.7231238201945512
374.0;0.0;-2.977917624859134e-8;0.0;7.041964463734352e-8;0.0;0.0;0.0;0.0;0.0;0.0;0.009933763398992008;0.0;0.009315414503051627;-0.019249132138551086;0.0;0.0;0.0;0.0;0.0;106.21957127896016;113.72990309346902;42.1362114235527;113.72990309563735;-0.7231238201945512
375.0;0.0;-2.977917624859134e-8;0.0;7.041964463734352e-8;0.0;0.0;0.0;0.0;0.0;0.0;0.009933763398992008;0.0;0.009315414503051627;-0.019249132138551086;0.0;0.0;0.0;0.0;0.0;106.21957127896016;113.72990309346902;42.1362114235527;113.72990309563735;-0.7231238201945512
376.0;0.0;-2.977917624859134e-8;0.0;7.041964463734352e-8;0.0;0.0;0.0;0.0;0.0;0.0;0.009933763398992008;0.0;0.009315414503051627;-0.019249132138551086;0.0;0.0;0.0;0.0;0.0;106.21957127896016;113.72990309346902;42.1362114235527;113.72990309563735;-0.7231238201945512
377.0;0.0;-2.977917624859134e-8;0.0;7.041964463734352e-8;0.0;0.0;0.0;0.0;0.0;0.0;0.009933763398992008;0.0;0.009315414503051627;-0.019249132138551086;0.0;0.0;0.0;0.0;0.0;106.21957127896016;113.72990309346902;42.1362114235527;113.72990309563735;-0.7231238201945512
378.0;0.0;-2.977917624859134e-8;0.0;7.041964463734352e-8;0.0;0.0;0.0;0.0;0.0;0.0;0.009933763398992008;0.0;0.009315414503051627;-0.019249132138551086;0.0;0.0;0.0;0.0;0.0;106.21957127896016;113.72990309346902;42.1362114235527;113.72990309563735;-0.7231238201945512
379.0;0.0;-2.977917624859134e-8;0.0;7.041964463734352e-8;0.0;0.0;0.0;0.0;0.0;0.0;0.009933763398992008;0.0;0.009315414503051627;-0.019249132138551086;0.0;0.0;0.0;0.0;0.0;106.21957127896016;113.72990309346902;42.1362114235527;113.72990309563735;-0.7231238201945512
380.0;0.0;-2.977917624859134e-8;0.0;7.041964463734352e-8;0.0;0.0;0.0;0.0;0.0;0.0;0.009933763398992008;0.0;0.009315414503051627;-0.019249132138551086;0.0;0.0;0.0;0.0;0.0;106.21957127896016;113.72990309346902;42.1362114235527;113.72990309563735;-0.7231238201945512
381.0;0.0;-2.977917624859134e-8;0.0;7.041964463734352e-8;0.0;0.0;0.0;0.0;0.0;0.0;0.009933763398992008;0.0;0.009315414503051627;-0.019249132138551086;0.0;0.0;0.0;0.0;0.0;106.21957127896016;113.72990309346902;42.1362114235527;113.72990309563735;-0.7231238201945512
382.0;0.0;-2.977917624859134e-8;0.0;7.041964463734352e-8;0.0;0.0;0.0;0.0;0.0;0.0;0.009933763398992008;0.0;0.009315414503051627;-0.019249132138551086;0.0;0.0;0.0;0.0;0.0;106.21957127896016;113.72990309346902;42.1362114235527;113.72990309563735;-0.7231238201945512
383.0;0.0;-2.977917624859134e-8;0.0;7.041964463734352e-8;0.0;0.0;0.0;0.0;0.0;0.0;0.009933763398992008;0.0;0.009315414503051627;-0.019249132138551086;0.0;0.0;0.0;0.0;0.0;106.21957127896016;113.72990309346902;42.1362114235527;113.72990309563735;-0.7231238201945512
384.0;0.0;-2.977917624859134e-8;0.0;7.041964463734352e-8;0.0;0.0;0.0;0.0;0.0;0.0;0.009933763398992008;0.0;0.009315414503051627;-0.019249132138551086;0.0;0.0;0.0;0.0;0.0;106.21957127896016;113.72990309346902;42.1362114235527;113.72990309563735;-0.7231238201945512
385.0;0.0;-0.0019179718198607633;0.0;2.2902713768218637e-8;0.0;0.0;0.0;0.0;0.0;0.0;0.0;0.0;0.0;-1.8712576271378695e-11;0.0;0.0;0.0;0.0;0.0;99.616876391967;124.78529177221237;40.32010318796634;125.74964126398214;-2.1954763638555064
386.0;0.0;-0.0019179718198607633;0.0;2.2902713768218637e-8;0.0;0.0;0.0;0.0;0.0;0.0;0.0;0.0;0.0;-1.8712576271378695e-11;0.0;0.0;0.0;0.0;0.0;99.616876391967;124.78529177221237;40.32010318796634;125.74964126398214;-2.1954763638555064
387.0;0.0;-0.0019179718198607633;0.0;2.2902713768218637e-8;0.0;0.0;0.0;0.0;0.0;0.0;0.0;0.0;0.0;-1.8712576271378695e-11;0.0;0.0;0.0;0.0;0.0;99.616876391967;124.78529177221237;40.32010318796634;125.74964126398214;-2.1954763638555064
388.0;0.0;-0.0019179718198607633;0.0;2.2902713768218637e-8;0.0;0.0;0.0;0.0;0.0;0.0;0.0;0.0;0.0;-1.8712576271378695e-11;0.0;0.0;0.0;0.0;0.0;99.616876391967;124.78529177221237;40.32010318796634;125.74964126398214;-2.1954763638555064
389.0;0.0;-0.0019179718198607633;0.0;2.2902713768218637e-8;0.0;0.0;0.0;0.0;0.0;0.0;0.0;0.0;0.0;-1.8712576271378695e-11;0.0;0.0;0.0;0.0;0.0;99.616876391967;124.78529177221237;40.32010318796634;125.74964126398214;-2.1954763638555064
390.0;0.0;-0.0019179718198607633;0.0;2.2902713768218637e-8;0.0;0.0;0.0;0.0;0.0;0.0;0.0;0.0;0.0;-1.8712576271378695e-11;0.0;0.0;0.0;0.0;0.0;99.616876391967;124.78529177221237;40.32010318796634;125.74964126398214;-2.1954763638555064
391.0;0.0;-0.0019179718198607633;0.0;2.2902713768218637e-8;0.0;0.0;0.0;0.0;0.0;0.0;0.0;0.0;0.0;-1.8712576271378695e-11;0.0;0.0;0.0;0.0;0.0;99.616876391967;124.78529177221237;40.32010318796634;125.74964126398214;-2.1954763638555064
392.0;0.0;-0.0019179718198607633;0.0;2.2902713768218637e-8;0.0;0.0;0.0;0.0;0.0;0.0;0.0;0.0;0.0;-1.8712576271378695e-11;0.0;0.0;0.0;0.0;0.0;99.616876391967;124.78529177221237;40.32010318796634;125.74964126398214;-2.1954763638555064
393.0;0.0;-0.0019179718198607633;0.0;2.2902713768218637e-8;0.0;0.0;0.0;0.0;0.0;0.0;0.0;0.0;0.0;-1.8712576271378695e-11;0.0;0.0;0.0;0.0;0.0;99.616876391967;124.78529177221237;40.32010318796634;125.74964126398214;-2.1954763638555064
394.0;0.0;-0.0019179718198607633;0.0;2.2902713768218637e-8;0.0;0.0;0.0;0.0;0.0;0.0;0.0;0.0;0.0;-1.8712576271378695e-11;0.0;0.0;0.0;0.0;0.0;99.616876391967;124.78529177221237;40.32010318796634;125.74964126398214;-2.1954763638555064
395.0;0.0;-0.0019179718198607633;0.0;2.2902713768218637e-8;0.0;0.0;0.0;0.0;0.0;0.0;0.0;0.0;0.0;-1.8712576271378695e-11;0.0;0.0;0.0;0.0;0.0;99.616876391967;124.78529177221237;40.32010318796634;125.74964126398214;-2.1954763638555064
396.0;0.0;-0.0019179718198607633;0.0;2.2902713768218637e-8;0.0;0.0;0.0;0.0;0.0;0.0;0.0;0.0;0.0;-1.8712576271378695e-11;0.0;0.0;0.0;0.0;0.0;99.616876391967;124.78529177221237;40.32010318796634;125.74964126398214;-2.1954763638555064
397.0;0.0;-0.0019179718198607633;0.0;2.2902713768218637e-8;0.0;0.0;0.0;0.0;0.0;0.0;0.0;0.0;0.0;-1.8712576271378695e-11;0.0;0.0;0.0;0.0;0.0;99.616876391967;124.78529177221237;40.32010318796634;125.74964126398214;-2.1954763638555064
398.0;0.0;-0.0019179718198607633;0.0;2.2902713768218637e-8;0.0;0.0;0.0;0.0;0.0;0.0;0.0;0.0;0.0;-1.8712576271378695e-11;0.0;0.0;0.0;0.0;0.0;99.616876391967;124.78529177221237;40.32010318796634;125.74964126398214;-2.1954763638555064
399.0;0.0;-0.0019179718198607633;0.0;2.2902713768218637e-8;0.0;0.0;0.0;0.0;0.0;0.0;0.0;0.0;0.0;-1.8712576271378695e-11;0.0;0.0;0.0;0.0;0.0;99.616876391967;124.78529177221237;40.32010318796634;125.74964126398214;-2.1954763638555064
400.0;0.0;-0.0019179718198607633;0.0;2.2902713768218637e-8;0.0;0.0;0.0;0.0;0.0;0.0;0.0;0.0;0.0;-1.8712576271378695e-11;0.0;0.0;0.0;0.0;0.0;99.616876391967;124.78529177221237;40.32010318796634;125.74964126398214;-2.1954763638555064
401.0;0.0;-0.0019179718198607633;0.0;2.2902713768218637e-8;0.0;0.0;0.0;0.0;0.0;0.0;0.0;0.0;0.0;-1.8712576271378695e-11;0.0;0.0;0.0;0.0;0.0;99.616876391967;124.78529177221237;40.32010318796634;125.74964126398214;-2.1954763638555064
402.0;0.0;-0.0019179718198607633;0.0;2.2902713768218637e-8;0.0;0.0;0.0;0.0;0.0;0.0;0.0;0.0;0.0;-1.8712576271378695e-11;0.0;0.0;0.0;0.0;0.0;99.616876391967;124.78529177221237;40.32010318796634;125.74964126398214;-2.1954763638555064
403.0;0.0;-0.0019179718198607633;0.0;2.2902713768218637e-8;0.0;0.0;0.0;0.0;0.0;0.0;0.0;0.0;0.0;-1.8712576271378695e-11;0.0;0.0;0.0;0.0;0.0;99.616876391967;124.78529177221237;40.32010318796634;125.74964126398214;-2.1954763638555064
404.0;0.0;-0.0019179718198607633;0.0;2.2902713768218637e-8;0.0;0.0;0.0;0.0;0.0;0.0;0.0;0.0;0.0;-1.8712576271378695e-11;0.0;0.0;0.0;0.0;0.0;99.616876391967;124.78529177221237;40.32010318796634;125.74964126398214;-2.1954763638555064
405.0;0.0;-0.0019179718198607633;0.0;2.2902713768218637e-8;0.0;0.0;0.0;0.0;0.0;0.0;0.0;0.0;0.0;-1.8712576271378695e-11;0.0;0.0;0.0;0.0;0.0;99.616876391967;124.78529177221237;40.32010318796634;125.74964126398214;-2.1954763638555064
406.0;0.0;-0.0019179718198607633;0.0;2.2902713768218637e-8;0.0;0.0;0.0;0.0;0.0;0.0;0.0;0.0;0.0;-1.8712576271378695e-11;0.0;0.0;0.0;0.0;0.0;99.616876391967;124.78529177221237;40.32010318796634;125.74964126398214;-2.1954763638555064
407.0;0.0;-0.0019179718198607633;0.0;2.2902713768218637e-8;0.0;0.0;0.0;0.0;0.0;0.0;0.0;0.0;0.0;-1.8712576271378695e-11;0.0;0.0;0.0;0.0;0.0;99.616876391967;124.78529177221237;40.32010318796634;125.74964126398214;-2.1954763638555064
408.0;0.0;-0.0019179718198607633;0.0;2.2902713768218637e-8;0.0;0.0;0.0;0.0;0.0;0.0;0.0;0.0;0.0;-1.8712576271378695e-11;0.0;0.0;0.0;0.0;0.0;99.616876391967;124.78529177221237;40.32010318796634;125.74964126398214;-2.1954763638555064
409.0;0.0;-0.00827217406107794;0.0;2.2902713768218637e-8;0.0;0.0;0.0;0.0;0.0;0.0;0.0;0.0;0.0;-3.679130305188063e-12;0.0;0.0;0.0;0.0;0.0;99.616876391967;124.78529177221237;40.32010318796634;125.74964126398214;-2.1954763638555064
410.0;0.0;-0.00827217406107794;0.0;2.2902713768218637e-8;0.0;0.0;0.0;0.0;0.0;0.0;0.0;0.0;0.0;-3.679130305188063e-12;0.0;0.0;0.0;0.0;0.0;99.616876391967;124.78529177221237;40.32010318796634;125.74964126398214;-2.1954763638555064
411.0;0.0;-0.00827217406107794;0.0;2.2902713768218637e-8;0.0;0.0;0.0;0.0;0.0;0.0;0.0;0.0;0.0;-3.679130305188063e-12;0.0;0.0;0.0;0.0;0.0;99.616876391967;124.78529177221237;40.32010318796634;125.74964126398214;-2.1954763638555064
412.0;0.0;-0.00827217406107794;0.0;2.2902713768218637e-8;0.0;0.0;0.0;0.0;0.0;0.0;0.0;0.0;0.0;-3.679130305188063e-12;0.0;0.0;0.0;0.0;0.0;99.616876391967;124.78529177221237;40.32010318796634;125.74964126398214;-2.1954763638555064
413.0;0.0;-0.00827217406107794;0.0;2.2902713768218637e-8;0.0;0.0;0.0;0.0;0.0;0.0;0.0;0.0;0.0;-3.679130305188063e-12;0.0;0.0;0.0;0.0;0.0;99.616876391967;124.78529177221237;40.32010318796634;125.74964126398214;-2.1954763638555064
414.0;0.0;-0.00827217406107794;0.0;2.2902713768218637e-8;0.0;0.0;0.0;0.0;0.0;0.0;0.0;0.0;0.0;-3.679130305188063e-12;0.0;0.0;0.0;0.0;0.0;99.616876391967;124.78529177221237;40.32010318796634;125.74964126398214;-2.1954763638555064
415.0;0.0;-0.00827217406107794;0.0;2.2902713768218637e-8;0.0;0.0;0.0;0.0;0.0;0.0;0.0;0.0;0.0;-3.679130305188063e-12;0.0;0.0;0.0;0.0;0.0;99.616876391967;124.78529177221237;40.32010318796634;125.74964126398214;-2.1954763638555064
416.0;0.0;-0.00827217406107794;0.0;2.2902713768218637e-8;0.0;0.0;0.0;0.0;0.0;0.0;0.0;0.0;0.0;-3.679130305188063e-12;0.0;0.0;0.0;0.0;0.0;99.616876391967;124.78529177221237;40.32010318796634;125.74964126398214;-2.1954763638555064
417.0;0.0;-0.00827217406107794;0.0;2.2902713768218637e-8;0.0;0.0;0.0;0.0;0.0;0.0;0.0;0.0;0.0;-3.679130305188063e-12;0.0;0.0;0.0;0.0;0.0;99.616876391967;124.78529177221237;40.32010318796634;125.74964126398214;-2.1954763638555064
418.0;0.0;-0.00827217406107794;0.0;2.2902713768218637e-8;0.0;0.0;0.0;0.0;0.0;0.0;0.0;0.0;0.0;-3.679130305188063e-12;0.0;0.0;0.0;0.0;0.0;99.616876391967;124.78529177221237;40.32010318796634;125.74964126398214;-2.1954763638555064
419.0;0.0;-0.00827217406107794;0.0;2.2902713768218637e-8;0.0;0.0;0.0;0.0;0.0;0.0;0.0;0.0;0.0;-3.679130305188063e-12;0.0;0.0;0.0;0.0;0.0;99.616876391967;124.78529177221237;40.32010318796634;125.74964126398214;-2.1954763638555064
420.0;0.0;-0.00827217406107794;0.0;2.2902713768218637e-8;0.0;0.0;0.0;0.0;0.0;0.0;0.0;0.0;0.0;-3.679130305188063e-12;0.0;0.0;0.0;0.0;0.0;99.616876391967;124.78529177221237;40.32010318796634;125.74964126398214;-2.1954763638555064
421.0;0.0;-0.00827217406107794;0.0;2.2902713768218637e-8;0.0;0.0;0.0;0.0;0.0;0.0;0.0;0.0;0.0;-3.679130305188063e-12;0.0;0.0;0.0;0.0;0.0;99.616876391967;124.78529177221237;40.32010318796634;125.74964126398214;-2.1954763638555064
422.0;0.0;-0.00827217406107794;0.0;2.2902713768218637e-8;0.0;0.0;0.0;0.0;0.0;0.0;0.0;0.0;0.0;-3.679130305188063e-12;0.0;0.0;0.0;0.0;0.0;99.616876391967;124.78529177221237;40.32010318796634;125.74964126398214;-2.1954763638555064
423.0;0.0;-0.00827217406107794;0.0;2.2902713768218637e-8;0.0;0.0;0.0;0.0;0.0;0.0;0.0;0.0;0.0;-3.679130305188063e-12;0.0;0.0;0.0;0.0;0.0;99.616876391967;124.78529177221237;40.32010318796634;125.74964126398214;-2.1954763638555064
424.0;0.0;-0.00827217406107794;0.0;2.2902713768218637e-8;0.0;0.0;0.0;0.0;0.0;0.0;0.0;0.0;0.0;-3.679130305188063e-12;0.0;0.0;0.0;0.0;0.0;99.616876391967;124.78529177221237;40.32010318796634;125.74964126398214;-2.1954763638555064
425.0;0.0;-0.00827217406107794;0.0;2.2902713768218637e-8;0.0;0.0;0.0;0.0;0.0;0.0;0.0;0.0;0.0;-3.679130305188063e-12;0.0;0.0;0.0;0.0;0.0;99.616876391967;124.78529177221237;40.32010318796634;125.74964126398214;-2.1954763638555064
426.0;0.0;-0.00827217406107794;0.0;2.2902713768218637e-8;0.0;0.0;0.0;0.0;0.0;0.0;0.0;0.0;0.0;-3.679130305188063e-12;0.0;0.0;0.0;0.0;0.0;99.616876391967;124.78529177221237;40.32010318796634;125.74964126398214;-2.1954763638555064
427.0;0.0;-0.00827217406107794;0.0;2.2902713768218637e-8;0.0;0.0;0.0;0.0;0.0;0.0;0.0;0.0;0.0;-3.679130305188063e-12;0.0;0.0;0.0;0.0;0.0;99.616876391967;124.78529177221237;40.32010318796634;125.74964126398214;-2.1954763638555064
428.0;0.0;-0.00827217406107794;0.0;2.2902713768218637e-8;0.0;0.0;0.0;0.0;0.0;0.0;0.0;0.0;0.0;-3.679130305188063e-12;0.0;0.0;0.0;0.0;0.0;99.616876391967;124.78529177221237;40.32010318796634;125.74964126398214;-2.1954763638555064
429.0;0.0;-0.00827217406107794;0.0;2.2902713768218637e-8;0.0;0.0;0.0;0.0;0.0;0.0;0.0;0.0;0.0;-3.679130305188063e-12;0.0;0.0;0.0;0.0;0.0;99.616876391967;124.78529177221237;40.32010318796634;125.74964126398214;-2.1954763638555064
430.0;0.0;-0.00827217406107794;0.0;2.2902713768218637e-8;0.0;0.0;0.0;0.0;0.0;0.0;0.0;0.0;0.0;-3.679130305188063e-12;0.0;0.0;0.0;0.0;0.0;99.616876391967;124.78529177221237;40.32010318796634;125.74964126398214;-2.1954763638555064
431.0;0.0;-0.00827217406107794;0.0;2.2902713768218637e-8;0.0;0.0;0.0;0.0;0.0;0.0;0.0;0.0;0.0;-3.679130305188063e-12;0.0;0.0;0.0;0.0;0.0;99.616876391967;124.78529177221237;40.32010318796634;125.74964126398214;-2.1954763638555064
432.0;0.0;-0.00827217406107794;0.0;2.2902713768218637e-8;0.0;0.0;0.0;0.0;0.0;0.0;0.0;0.0;0.0;-3.679130305188063e-12;0.0;0.0;0.0;0.0;0.0;99.616876391967;124.78529177221237;40.32010318796634;125.74964126398214;-2.1954763638555064
433.0;0.0;-0.0027464712227713533;0.0;2.2902713768218637e-8;0.0;0.0;0.0;0.0;0.0;0.0;0.0;0.0;0.0;-1.1410590039783362e-11;0.0;0.0;0.0;0.0;0.0;99.616876391967;124.78529177221237;40.32010318796634;125.74964126398214;-2.1954763638555064
434.0;0.0;-0.0027464712227713533;0.0;2.2902713768218637e-8;0.0;0.0;0.0;0.0;0.0;0.0;0.0;0.0;0.0;-1.1410590039783362e-11;0.0;0.0;0.0;0.0;0.0;99.616876391967;124.78529177221237;40.32010318796634;125.74964126398214;-2.1954763638555064
435.0;0.0;-0.0027464712227713533;0.0;2.2902713768218637e-8;0.0;0.0;0.0;0.0;0.0;0.0;0.0;0.0;0.0;-1.1410590039783362e-11;0.0;0.0;0.0;0.0;0.0;99.616876391967;124.78529177221237;40.32010318796634;125.74964126398214;-2.1954763638555064
436.0;0.0;-0.0027464712227713533;0.0;2.2902713768218637e-8;0.0;0.0;0.0;0.0;0.0;0.0;0.0;0.0;0.0;-1.1410590039783362e-11;0.0;0.0;0.0;0.0;0.0;99.616876391967;124.78529177221237;40.32010318796634;125.74964126398214;-2.1954763638555064
437.0;0.0;-0.0027464712227713533;0.0;2.2902713768218637e-8;0.0;0.0;0.0;0.0;0.0;0.0;0.0;0.0;0.0;-1.1410590039783362e-11;0.0;0.0;0.0;0.0;0.0;99.616876391967;124.78529177221237;40.32010318796634;125.74964126398214;-2.1954763638555064
438.0;0.0;-0.0027464712227713533;0.0;2.2902713768218637e-8;0.0;0.0;0.0;0.0;0.0;0.0;0.0;0.0;0.0;-1.1410590039783362e-11;0.0;0.0;0.0;0.0;0.0;99.616876391967;124.78529177221237;40.32010318796634;125.74964126398214;-2.1954763638555064
439.0;0.0;-0.0027464712227713533;0.0;2.2902713768218637e-8;0.0;0.0;0.0;0.0;0.0;0.0;0.0;0.0;0.0;-1.1410590039783362e-11;0.0;0.0;0.0;0.0;0.0;99.616876391967;124.78529177221237;40.32010318796634;125.74964126398214;-2.1954763638555064
440.0;0.0;-0.0027464712227713533;0.0;2.2902713768218637e-8;0.0;0.0;0.0;0.0;0.0;0.0;0.0;0.0;0.0;-1.1410590039783362e-11;0.0;0.0;0.0;0.0;0.0;99.616876391967;124.78529177221237;40.32010318796634;125.74964126398214;-2.1954763638555064
441.0;0.0;-0.0027464712227713533;0.0;2.2902713768218637e-8;0.0;0.0;0.0;0.0;0.0;0.0;0.0;0.0;0.0;-1.1410590039783362e-11;0.0;0.0;0.0;0.0;0.0;99.616876391967;124.78529177221237;40.32010318796634;125.74964126398214;-2.1954763638555064
442.0;0.0;-0.0027464712227713533;0.0;2.2902713768218637e-8;0.0;0.0;0.0;0.0;0.0;0.0;0.0;0.0;0.0;-1.1410590039783362e-11;0.0;0.0;0.0;0.0;0.0;99.616876391967;124.78529177221237;40.32010318796634;125.74964126398214;-2.1954763638555064
443.0;0.0;-0.0027464712227713533;0.0;2.2902713768218637e-8;0.0;0.0;0.0;0.0;0.0;0.0;0.0;0.0;0.0;-1.1410590039783362e-11;0.0;0.0;0.0;0.0;0.0;99.616876391967;124.78529177221237;40.32010318796634;125.74964126398214;-2.1954763638555064
444.0;0.0;-0.0027464712227713533;0.0;2.2902713768218637e-8;0.0;0.0;0.0;0.0;0.0;0.0;0.0;0.0;0.0;-1.1410590039783362e-11;0.0;0.0;0.0;0.0;0.0;99.616876391967;124.78529177221237;40.32010318796634;125.74964126398214;-2.1954763638555064
445.0;0.0;-0.0027464712227713533;0.0;2.2902713768218637e-8;0.0;0.0;0.0;0.0;0.0;0.0;0.0;0.0;0.0;-1.1410590039783362e-11;0.0;0.0;0.0;0.0;0.0;99.616876391967;124.78529177221237;40.32010318796634;125.74964126398214;-2.1954763638555064
446.0;0.0;-0.0027464712227713533;0.0;2.2902713768218637e-8;0.0;0.0;0.0;0.0;0.0;0.0;0.0;0.0;0.0;-1.1410590039783362e-11;0.0;0.0;0.0;0.0;0.0;99.616876391967;124.78529177221237;40.32010318796634;125.74964126398214;-2.1954763638555064
447.0;0.0;-0.0027464712227713533;0.0;2.2902713768218637e-8;0.0;0.0;0.0;0.0;0.0;0.0;0.0;0.0;0.0;-1.1410590039783362e-11;0.0;0.0;0.0;0.0;0.0;99.616876391967;124.78529177221237;40.32010318796634;125.74964126398214;-2.1954763638555064
448.0;0.0;-0.0027464712227713533;0.0;2.2902713768218637e-8;0.0;0.0;0.0;0.0;0.0;0.0;0.0;0.0;0.0;-1.1410590039783362e-11;0.0;0.0;0.0;0.0;0.0;99.616876391967;124.78529177221237;40.32010318796634;125.74964126398214;-2.1954763638555064
449.0;0.0;-0.0027464712227713533;0.0;2.2902713768218637e-8;0.0;0.0;0.0;0.0;0.0;0.0;0.0;0.0;0.0;-1.1410590039783362e-11;0.0;0.0;0.0;0.0;0.0;99.616876391967;124.78529177221237;40.32010318796634;125.74964126398214;-2.1954763638555064
450.0;0.0;-0.0027464712227713533;0.0;2.2902713768218637e-8;0.0;0.0;0.0;0.0;0.0;0.0;0.0;0.0;0.0;-1.1410590039783362e-11;0.0;0.0;0.0;0.0;0.0;99.616876391967;124.78529177221237;40.32010318796634;125.74964126398214;-2.1954763638555064
451.0;0.0;-0.0027464712227713533;0.0;2.2902713768218637e-8;0.0;0.0;0.0;0.0;0.0;0.0;0.0;0.0;0.0;-1.1410590039783362e-11;0.0;0.0;0.0;0.0;0.0;99.616876391967;124.78529177221237;40.32010318796634;125.74964126398214;-2.1954763638555064
452.0;0.0;-0.0027464712227713533;0.0;2.2902713768218637e-8;0.0;0.0;0.0;0.0;0.0;0.0;0.0;0.0;0.0;-1.1410590039783362e-11;0.0;0.0;0.0;0.0;0.0;99.616876391967;124.78529177221237;40.32010318796634;125.74964126398214;-2.1954763638555064
453.0;0.0;-0.0027464712227713533;0.0;2.2902713768218637e-8;0.0;0.0;0.0;0.0;0.0;0.0;0.0;0.0;0.0;-1.1410590039783362e-11;0.0;0.0;0.0;0.0;0.0;99.616876391967;124.78529177221237;40.32010318796634;125.74964126398214;-2.1954763638555064
454.0;0.0;-0.0027464712227713533;0.0;2.2902713768218637e-8;0.0;0.0;0.0;0.0;0.0;0.0;0.0;0.0;0.0;-1.1410590039783362e-11;0.0;0.0;0.0;0.0;0.0;99.616876391967;124.78529177221237;40.32010318796634;125.74964126398214;-2.1954763638555064
455.0;0.0;-0.0027464712227713533;0.0;2.2902713768218637e-8;0.0;0.0;0.0;0.0;0.0;0.0;0.0;0.0;0.0;-1.1410590039783362e-11;0.0;0.0;0.0;0.0;0.0;99.616876391967;124.78529177221237;40.32010318796634;125.74964126398214;-2.1954763638555064
456.0;0.0;-0.0027464712227713533;0.0;2.2902713768218637e-8;0.0;0.0;0.0;0.0;0.0;0.0;0.0;0.0;0.0;-1.1410590039783362e-11;0.0;0.0;0.0;0.0;0.0;99.616876391967;124.78529177221237;40.32010318796634;125.74964126398214;-2.1954763638555064
457.0;0.0;-4.9724450636288126e-8;0.0;2.2902713768218637e-8;0.0;0.0;0.0;0.0;0.0;0.0;0.03045965375040746;0.0002722698146353245;0.02590645186805448;-0.05663856392068884;0.0;0.0;0.0;0.0;0.0;99.616876391967;124.78529177221237;40.32010318796634;125.74964126398214;-2.1954763638555064
458.0;0.0;-4.9724450636288126e-8;0.0;2.2902713768218637e-8;0.0;0.0;0.0;0.0;0.0;0.0;0.03045965375040746;0.0002722698146353245;0.02590645186805448;-0.05663856392068884;0.0;0.0;0.0;0.0;0.0;99.616876391967;124.78529177221237;40.32010318796634;125.74964126398214;-2.1954763638555064
459.0;0.0;-4.9724450636288126e-8;0.0;2.2902713768218637e-8;0.0;0.0;0.0;0.0;0.0;0.0;0.03045965375040746;0.0002722698146353245;0.02590645186805448;-0.05663856392068884;0.0;0.0;0.0;0.0;0.0;99.616876391967;124.78529177221237;40.32010318796634;125.74964126398214;-2.1954763638555064
460.0;0.0;-4.9724450636288126e-8;0.0;2.2902713768218637e-8;0.0;0.0;0.0;0.0;0.0;0.0;0.03045965375040746;0.0002722698146353245;0.02590645186805448;-0.05663856392068884;0.0;0.0;0.0;0.0;0.0;99.616876391967;124.78529177221237;40.32010318796634;125.74964126398214;-2.1954763638555064
461.0;0.0;-4.9724450636288126e-8;0.0;2.2902713768218637e-8;0.0;0.0;0.0;0.0;0.0;0.0;0.03045965375040746;0.0002722698146353245;0.02590645186805448;-0.05663856392068884;0.0;0.0;0.0;0.0;0.0;99.616876391967;124.78529177221237;40.32010318796634;125.74964126398214;-2.1954763638555064
462.0;0.0;-4.9724450636288126e-8;0.0;2.2902713768218637e-8;0.0;0.0;0.0;0.0;0.0;0.0;0.03045965375040746;0.0002722698146353245;0.02590645186805448;-0.05663856392068884;0.0;0.0;0.0;0.0;0.0;99.616876391967;124.78529177221237;40.32010318796634;125.74964126398214;-2.1954763638555064
463.0;0.0;-4.9724450636288126e-8;0.0;2.2902713768218637e-8;0.0;0.0;0.0;0.0;0.0;0.0;0.03045965375040746;0.0002722698146353245;0.02590645186805448;-0.05663856392068884;0.0;0.0;0.0;0.0;0.0;99.616876391967;124.78529177221237;40.32010318796634;125.74964126398214;-2.1954763638555064
464.0;0.0;-4.9724450636288126e-8;0.0;2.2902713768218637e-8;0.0;0.0;0.0;0.0;0.0;0.0;0.03045965375040746;0.0002722698146353245;0.02590645186805448;-0.05663856392068884;0.0;0.0;0.0;0.0;0.0;99.616876391967;124.78529177221237;40.32010318796634;125.74964126398214;-2.1954763638555064
465.0;0.0;-4.9724450636288126e-8;0.0;2.2902713768218637e-8;0.0;0.0;0.0;0.0;0.0;0.0;0.03045965375040746;0.0002722698146353245;0.02590645186805448;-0.05663856392068884;0.0;0.0;0.0;0.0;0.0;99.616876391967;124.78529177221237;40.32010318796634;125.74964126398214;-2.1954763638555064
466.0;0.0;-4.9724450636288126e-8;0.0;2.2902713768218637e-8;0.0;0.0;0.0;0.0;0.0;0.0;0.03045965375040746;0.0002722698146353245;0.02590645186805448;-0.05663856392068884;0.0;0.0;0.0;0.0;0.0;99.616876391967;124.78529177221237;40.32010318796634;125.74964126398214;-2.1954763638555064
467.0;0.0;-4.9724450636288126e-8;0.0;2.2902713768218637e-8;0.0;0.0;0.0;0.0;0.0;0.0;0.03045965375040746;0.0002722698146353245;0.02590645186805448;-0.05663856392068884;0.0;0.0;0.0;0.0;0.0;99.616876391967;124.78529177221237;40.32010318796634;125.74964126398214;-2.1954763638555064
468.0;0.0;-4.9724450636288126e-8;0.0;2.2902713768218637e-8;0.0;0.0;0.0;0.0;0.0;0.0;0.03045965375040746;0.0002722698146353245;0.02590645186805448;-0.05663856392068884;0.0;0.0;0.0;0.0;0.0;99.616876391967;124.78529177221237;40.32010318796634;125.74964126398214;-2.1954763638555064
469.0;0.0;-4.9724450636288126e-8;0.0;2.2902713768218637e-8;0.0;0.0;0.0;0.0;0.0;0.0;0.03045965375040746;0.0002722698146353245;0.02590645186805448;-0.05663856392068884;0.0;0.0;0.0;0.0;0.0;99.616876391967;124.78529177221237;40.32010318796634;125.74964126398214;-2.1954763638555064
470.0;0.0;-4.9724450636288126e-8;0.0;2.2902713768218637e-8;0.0;0.0;0.0;0.0;0.0;0.0;0.03045965375040746;0.0002722698146353245;0.02590645186805448;-0.05663856392068884;0.0;0.0;0.0;0.0;0.0;99.616876391967;124.78529177221237;40.32010318796634;125.74964126398214;-2.1954763638555064
471.0;0.0;-4.9724450636288126e-8;0.0;2.2902713768218637e-8;0.0;0.0;0.0;0.0;0.0;0.0;0.03045965375040746;0.0002722698146353245;0.02590645186805448;-0.05663856392068884;0.0;0.0;0.0;0.0;0.0;99.616876391967;124.78529177221237;40.32010318796634;125.74964126398214;-2.1954763638555064
472.0;0.0;-4.9724450636288126e-8;0.0;2.2902713768218637e-8;0.0;0.0;0.0;0.0;0.0;0.0;0.03045965375040746;0.0002722698146353245;0.02590645186805448;-0.05663856392068884;0.0;0.0;0.0;0.0;0.0;99.616876391967;124.78529177221237;40.32010318796634;125.74964126398214;-2.1954763638555064
473.0;0.0;-4.9724450636288126e-8;0.0;2.2902713768218637e-8;0.0;0.0;0.0;0.0;0.0;0.0;0.03045965375040746;0.0002722698146353245;0.02590645186805448;-0.05663856392068884;0.0;0.0;0.0;0.0;0.0;99.616876391967;124.78529177221237;40.32010318796634;125.74964126398214;-2.1954763638555064
474.0;0.0;-4.9724450636288126e-8;0.0;2.2902713768218637e-8;0.0;0.0;0.0;0.0;0.0;0.0;0.03045965375040746;0.0002722698146353245;0.02590645186805448;-0.05663856392068884;0.0;0.0;0.0;0.0;0.0;99.616876391967;124.78529177221237;40.32010318796634;125.74964126398214;-2.1954763638555064
475.0;0.0;-4.9724450636288126e-8;0.0;2.2902713768218637e-8;0.0;0.0;0.0;0.0;0.0;0.0;0.03045965375040746;0.0002722698146353245;0.02590645186805448;-0.05663856392068884;0.0;0.0;0.0;0.0;0.0;99.616876391967;124.78529177221237;40.32010318796634;125.74964126398214;-2.1954763638555064
476.0;0.0;-4.9724450636288126e-8;0.0;2.2902713768218637e-8;0.0;0.0;0.0;0.0;0.0;0.0;0.03045965375040746;0.0002722698146353245;0.02590645186805448;-0.05663856392068884;0.0;0.0;0.0;0.0;0.0;99.616876391967;124.78529177221237;40.32010318796634;125.74964126398214;-2.1954763638555064
477.0;0.0;-4.9724450636288126e-8;0.0;2.2902713768218637e-8;0.0;0.0;0.0;0.0;0.0;0.0;0.03045965375040746;0.0002722698146353245;0.02590645186805448;-0.05663856392068884;0.0;0.0;0.0;0.0;0.0;99.616876391967;124.78529177221237;40.32010318796634;125.74964126398214;-2.1954763638555064
478.0;0.0;-4.9724450636288126e-8;0.0;2.2902713768218637e-8;0.0;0.0;0.0;0.0;0.0;0.0;0.03045965375040746;0.0002722698146353245;0.02590645186805448;-0.05663856392068884;0.0;0.0;0.0;0.0;0.0;99.616876391967;124.78529177221237;40.32010318796634;125.74964126398214;-2.1954763638555064
479.0;0.0;-4.9724450636288126e-8;0.0;2.2902713768218637e-8;0.0;0.0;0.0;0.0;0.0;0.0;0.03045965375040746;0.0002722698146353245;0.02590645186805448;-0.05663856392068884;0.0;0.0;0.0;0.0;0.0;99.616876391967;124.78529177221237;40.32010318796634;125.74964126398214;-2.1954763638555064
480.0;0.0;-4.9724450636288126e-8;0.0;2.2902713768218637e-8;0.0;0.0;0.0;0.0;0.0;0.0;0.03045965375040746;0.0002722698146353245;0.02590645186805448;-0.05663856392068884;0.0;0.0;0.0;0.0;0.0;99.616876391967;124.78529177221237;40.32010318796634;125.74964126398214;-2.1954763638555064
481.0;0.0;-4.679361435305806e-8;0.0;2.2902713768218637e-8;0.0;0.0;0.0;0.0;0.0;0.0;0.01567732543797005;0.000274062730493531;0.015675118149870205;-0.031626679218777654;0.0;0.0;0.0;0.0;0.0;99.616876391967;124.78529177221237;40.32010318796634;125.74964126398214;-2.1954763638555064
482.0;0.0;-4.679361435305806e-8;0.0;2.2902713768218637e-8;0.0;0.0;0.0;0.0;0.0;0.0;0.01567732543797005;0.000274062730493531;0.015675118149870205;-0.031626679218777654;0.0;0.0;0.0;0.0;0.0;99.616876391967;124.78529177221237;40.32010318796634;125.74964126398214;-2.1954763638555064
483.0;0.0;-4.679361435305806e-8;0.0;2.2902713768218637e-8;0.0;0.0;0.0;0.0;0.0;0.0;0.01567732543797005;0.000274062730493531;0.015675118149870205;-0.031626679218777654;0.0;0.0;0.0;0.0;0.0;99.616876391967;124.78529177221237;40.32010318796634;125.74964126398214;-2.1954763638555064
484.0;0.0;-4.679361435305806e-8;0.0;2.2902713768218637e-8;0.0;0.0;0.0;0.0;0.0;0.0;0.01567732543797005;0.000274062730493531;0.015675118149870205;-0.031626679218777654;0.0;0.0;0.0;0.0;0.0;99.616876391967;124.78529177221237;40.32010318796634;125.74964126398214;-2.1954763638555064
485.0;0.0;-4.679361435305806e-8;0.0;2.2902713768218637e-8;0.0;0.0;0.0;0.0;0.0;0.0;0.01567732543797005;0.000274062730493531;0.015675118149870205;-0.031626679218777654;0.0;0.0;0.0;0.0;0.0;99.616876391967;124.78529177221237;40.32010318796634;125.74964126398214;-2.1954763638555064
486.0;0.0;-4.679361435305806e-8;0.0;2.2902713768218637e-8;0.0;0.0;0.0;0.0;0.0;0.0;0.01567732543797005;0.000274062730493531;0.015675118149870205;-0.031626679218777654;0.0;0.0;0.0;0.0;0.0;99.616876391967;124.78529177221237;40.32010318796634;125.74964126398214;-2.1954763638555064
487.0;0.0;-4.679361435305806e-8;0.0;2.2902713768218637e-8;0.0;0.0;0.0;0.0;0.0;0.0;0.01567732543797005;0.000274062730493531;0.015675118149870205;-0.031626679218777654;0.0;0.0;0.0;0.0;0.0;99.616876391967;124.78529177221237;40.32010318796634;125.74964126398214;-2.1954763638555064
488.0;0.0;-4.679361435305806e-8;0.0;2.2902713768218637e-8;0.0;0.0;0.0;0.0;0.0;0.0;0.01567732543797005;0.000274062730493531;0.015675118149870205;-0.031626679218777654;0.0;0.0;0.0;0.0;0.0;99.616876391967;124.78529177221237;40.32010318796634;125.74964126398214;-2.1954763638555064
489.0;0.0;-4.679361435305806e-8;0.0;2.2902713768218637e-8;0.0;0.0;0.0;0.0;0.0;0.0;0.01567732543797005;0.000274062730493531;0.015675118149870205;-0.031626679218777654;0.0;0.0;0.0;0.0;0.0;99.616876391967;124.78529177221237;40.32010318796634;125.74964126398214;-2.1954763638555064
490.0;0.0;-4.679361435305806e-8;0.0;2.2902713768218637e-8;0.0;0.0;0.0;0.0;0.0;0.0;0.01567732543797005;0.000274062730493531;0.015675118149870205;-0.031626679218777654;0.0;0.0;0.0;0.0;0.0;99.616876391967;124.78529177221237;40.32010318796634;125.74964126398214;-2.1954763638555064
491.0;0.0;-4.679361435305806e-8;0.0;2.2902713768218637e-8;0.0;0.0;0.0;0.0;0.0;0.0;0.01567732543797005;0.000274062730493531;0.015675118149870205;-0.031626679218777654;0.0;0.0;0.0;0.0;0.0;99.616876391967;124.78529177221237;40.32010318796634;125.74964126398214;-2.1954763638555064
492.0;0.0;-4.679361435305806e-8;0.0;2.2902713768218637e-8;0.0;0.0;0.0;0.0;0.0;0.0;0.01567732543797005;0.000274062730493531;0.015675118149870205;-0.031626679218777654;0.0;0.0;0.0;0.0;0.0;99.616876391967;124.78529177221237;40.32010318796634;125.74964126398214;-2.1954763638555064
493.0;0.0;-4.679361435305806e-8;0.0;2.2902713768218637e-8;0.0;0.0;0.0;0.0;0.0;0.0;0.01567732543797005;0.000274062730493531;0.015675118149870205;-0.031626679218777654;0.0;0.0;0.0;0.0;0.0;99.616876391967;124.78529177221237;40.32010318796634;125.74964126398214;-2.1954763638555064
494.0;0.0;-4.679361435305806e-8;0.0;2.2902713768218637e-8;0.0;0.0;0.0;0.0;0.0;0.0;0.01567732543797005;0.000274062730493531;0.015675118149870205;-0.031626679218777654;0.0;0.0;0.0;0.0;0.0;99.616876391967;124.78529177221237;40.32010318796634;125.74964126398214;-2.1954763638555064
495.0;0.0;-4.679361435305806e-8;0.0;2.2902713768218637e-8;0.0;0.0;0.0;0.0;0.0;0.0;0.01567732543797005;0.000274062730493531;0.015675118149870205;-0.031626679218777654;0.0;0.0;0.0;0.0;0.0;99.616876391967;124.78529177221237;40.32010318796634;125.74964126398214;-2.1954763638555064
496.0;0.0;-4.679361435305806e-8;0.0;2.2902713768218637e-8;0.0;0.0;0.0;0.0;0.0;0.0;0.01567732543797005;0.000274062730493531;0.015675118149870205;-0.031626679218777654;0.0;0.0;0.0;0.0;0.0;99.616876391967;124.78529177221237;40.32010318796634;125.74964126398214;-2.1954763638555064
497.0;0.0;-4.679361435305806e-8;0.0;2.2902713768218637e-8;0.0;0.0;0.0;0.0;0.0;0.0;0.01567732543797005;0.000274062730493531;0.015675118149870205;-0.031626679218777654;0.0;0.0;0.0;0.0;0.0;99.616876391967;124.78529177221237;40.32010318796634;125.74964126398214;-2.1954763638555064
498.0;0.0;-4.679361435305806e-8;0.0;2.2902713768218637e-8;0.0;0.0;0.0;0.0;0.0;0.0;0.01567732543797005;0.000274062730493531;0.015675118149870205;-0.031626679218777654;0.0;0.0;0.0;0.0;0.0;99.616876391967;124.78529177221237;40.32010318796634;125.74964126398214;-2.1954763638555064
499.0;0.0;-4.679361435305806e-8;0.0;2.2902713768218637e-8;0.0;0.0;0.0;0.0;0.0;0.0;0.01567732543797005;0.000274062730493531;0.015675118149870205;-0.031626679218777654;0.0;0.0;0.0;0.0;0.0;99.616876391967;124.78529177221237;40.32010318796634;125.74964126398214;-2.1954763638555064
500.0;0.0;-4.679361435305806e-8;0.0;2.2902713768218637e-8;0.0;0.0;0.0;0.0;0.0;0.0;0.01567732543797005;0.000274062730493531;0.015675118149870205;-0.031626679218777654;0.0;0.0;0.0;0.0;0.0;99.616876391967;124.78529177221237;40.32010318796634;125.74964126398214;-2.1954763638555064
501.0;0.0;-4.679361435305806e-8;0.0;2.2902713768218637e-8;0.0;0.0;0.0;0.0;0.0;0.0;0.01567732543797005;0.000274062730493531;0.015675118149870205;-0.031626679218777654;0.0;0.0;0.0;0.0;0.0;99.616876391967;124.78529177221237;40.32010318796634;125.74964126398214;-2.1954763638555064
502.0;0.0;-4.679361435305806e-8;0.0;2.2902713768218637e-8;0.0;0.0;0.0;0.0;0.0;0.0;0.01567732543797005;0.000274062730493531;0.015675118149870205;-0.031626679218777654;0.0;0.0;0.0;0.0;0.0;99.616876391967;124.78529177221237;40.32010318796634;125.74964126398214;-2.1954763638555064
503.0;0.0;-4.679361435305806e-8;0.0;2.2902713768218637e-8;0.0;0.0;0.0;0.0;0.0;0.0;0.01567732543797005;0.000274062730493531;0.015675118149870205;-0.031626679218777654;0.0;0.0;0.0;0.0;0.0;99.616876391967;124.78529177221237;40.32010318796634;125.74964126398214;-2.1954763638555064
504.0;0.0;-4.679361435305806e-8;0.0;2.2902713768218637e-8;0.0;0.0;0.0;0.0;0.0;0.0;0.01567732543797005;0.000274062730493531;0.015675118149870205;-0.031626679218777654;0.0;0.0;0.0;0.0;0.0;99.616876391967;124.78529177221237;40.32010318796634;125.74964126398214;-2.1954763638555064
505.0;0.0;-0.002090416476290254;0.0;2.2902713768218637e-8;0.0;0.0;0.0;0.0;0.0;0.0;0.0;0.0;0.0;-8.769977991905094e-12;0.0;0.0;0.0;0.0;0.0;99.616876391967;124.78529177221237;40.32010318796634;125.74964126398214;-2.1954763638555064
506.0;0.0;-0.002090416476290254;0.0;2.2902713768218637e-8;0.0;0.0;0.0;0.0;0.0;0.0;0.0;0.0;0.0;-8.769977991905094e-12;0.0;0.0;0.0;0.0;0.0;99.616876391967;124.78529177221237;40.32010318796634;125.74964126398214;-2.1954763638555064
507.0;0.0;-0.002090416476290254;0.0;2.2902713768218637e-8;0.0;0.0;0.0;0.0;0.0;0.0;0.0;0.0;0.0;-8.769977991905094e-12;0.0;0.0;0.0;0.0;0.0;99.616876391967;124.78529177221237;40.32010318796634;125.74964126398214;-2.1954763638555064
508.0;0.0;-0.002090416476290254;0.0;2.2902713768218637e-8;0.0;0.0;0.0;0.0;0.0;0.0;0.0;0.0;0.0;-8.769977991905094e-12;0.0;0.0;0.0;0.0;0.0;99.616876391967;124.78529177221237;40.32010318796634;125.74964126398214;-2.1954763638555064
509.0;0.0;-0.002090416476290254;0.0;2.2902713768218637e-8;0.0;0.0;0.0;0.0;0.0;0.0;0.0;0.0;0.0;-8.769977991905094e-12;0.0;0.0;0.0;0.0;0.0;99.616876391967;124.78529177221237;40.32010318796634;125.74964126398214;-2.1954763638555064
510.0;0.0;-0.002090416476290254;0.0;2.2902713768218637e-8;0.0;0.0;0.0;0.0;0.0;0.0;0.0;0.0;0.0;-8.769977991905094e-12;0.0;0.0;0.0;0.0;0.0;99.616876391967;124.78529177221237;40.32010318796634;125.74964126398214;-2.1954763638555064
511.0;0.0;-0.002090416476290254;0.0;2.2902713768218637e-8;0.0;0.0;0.0;0.0;0.0;0.0;0.0;0.0;0.0;-8.769977991905094e-12;0.0;0.0;0.0;0.0;0.0;99.616876391967;124.78529177221237;40.32010318796634;125.74964126398214;-2.1954763638555064
512.0;0.0;-0.002090416476290254;0.0;2.2902713768218637e-8;0.0;0.0;0.0;0.0;0.0;0.0;0.0;0.0;0.0;-8.769977991905094e-12;0.0;0.0;0.0;0.0;0.0;99.616876391967;124.78529177221237;40.32010318796634;125.74964126398214;-2.1954763638555064
513.0;0.0;-0.002090416476290254;0.0;2.2902713768218637e-8;0.0;0.0;0.0;0.0;0.0;0.0;0.0;0.0;0.0;-8.769977991905094e-12;0.0;0.0;0.0;0.0;0.0;99.616876391967;124.78529177221237;40.32010318796634;125.74964126398214;-2.1954763638555064
514.0;0.0;-0.002090416476290254;0.0;2.2902713768218637e-8;0.0;0.0;0.0;0.0;0.0;0.0;0.0;0.0;0.0;-8.769977991905094e-12;0.0;0.0;0.0;0.0;0.0;99.616876391967;124.78529177221237;40.32010318796634;125.74964126398214;-2.1954763638555064
515.0;0.0;-0.002090416476290254;0.0;2.2902713768218637e-8;0.0;0.0;0.0;0.0;0.0;0.0;0.0;0.0;0.0;-8.769977991905094e-12;0.0;0.0;0.0;0.0;0.0;99.616876391967;124.78529177221237;40.32010318796634;125.74964126398214;-2.1954763638555064
516.0;0.0;-0.002090416476290254;0.0;2.2902713768218637e-8;0.0;0.0;0.0;0.0;0.0;0.0;0.0;0.0;0.0;-8.769977991905094e-12;0.0;0.0;0.0;0.0;0.0;99.616876391967;124.78529177221237;40.32010318796634;125.74964126398214;-2.1954763638555064
517.0;0.0;-0.002090416476290254;0.0;2.2902713768218637e-8;0.0;0.0;0.0;0.0;0.0;0.0;0.0;0.0;0.0;-8.769977991905094e-12;0.0;0.0;0.0;0.0;0.0;99.616876391967;124.78529177221237;40.32010318796634;125.74964126398214;-2.1954763638555064
518.0;0.0;-0.002090416476290254;0.0;2.2902713768218637e-8;0.0;0.0;0.0;0.0;0.0;0.0;0.0;0.0;0.0;-8.769977991905094e-12;0.0;0.0;0.0;0.0;0.0;99.616876391967;124.78529177221237;40.32010318796634;125.74964126398214;-2.1954763638555064
519.0;0.0;-0.002090416476290254;0.0;2.2902713768218637e-8;0.0;0.0;0.0;0.0;0.0;0.0;0.0;0.0;0.0;-8.769977991905094e-12;0.0;0.0;0.0;0.0;0.0;99.616876391967;124.78529177221237;40.32010318796634;125.74964126398214;-2.1954763638555064
520.0;0.0;-0.002090416476290254;0.0;2.2902713768218637e-8;0.0;0.0;0.0;0.0;0.0;0.0;0.0;0.0;0.0;-8.769977991905094e-12;0.0;0.0;0.0;0.0;0.0;99.616876391967;124.78529177221237;40.32010318796634;125.74964126398214;-2.1954763638555064
521.0;0.0;-0.002090416476290254;0.0;2.2902713768218637e-8;0.0;0.0;0.0;0.0;0.0;0.0;0.0;0.0;0.0;-8.769977991905094e-12;0.0;0.0;0.0;0.0;0.0;99.616876391967;124.78529177221237;40.32010318796634;125.74964126398214;-2.1954763638555064
522.0;0.0;-0.002090416476290254;0.0;2.2902713768218637e-8;0.0;0.0;0.0;0.0;0.0;0.0;0.0;0.0;0.0;-8.769977991905094e-12;0.0;0.0;0.0;0.0;0.0;99.616876391967;124.78529177221237;40.32010318796634;125.74964126398214;-2.1954763638555064
523.0;0.0;-0.002090416476290254;0.0;2.2902713768218637e-8;0.0;0.0;0.0;0.0;0.0;0.0;0.0;0.0;0.0;-8.769977991905094e-12;0.0;0.0;0.0;0.0;0.0;99.616876391967;124.78529177221237;40.32010318796634;125.74964126398214;-2.1954763638555064
524.0;0.0;-0.002090416476290254;0.0;2.2902713768218637e-8;0.0;0.0;0.0;0.0;0.0;0.0;0.0;0.0;0.0;-8.769977991905094e-12;0.0;0.0;0.0;0.0;0.0;99.616876391967;124.78529177221237;40.32010318796634;125.74964126398214;-2.1954763638555064
525.0;0.0;-0.002090416476290254;0.0;2.2902713768218637e-8;0.0;0.0;0.0;0.0;0.0;0.0;0.0;0.0;0.0;-8.769977991905094e-12;0.0;0.0;0.0;0.0;0.0;99.616876391967;124.78529177221237;40.32010318796634;125.74964126398214;-2.1954763638555064
526.0;0.0;-0.002090416476290254;0.0;2.2902713768218637e-8;0.0;0.0;0.0;0.0;0.0;0.0;0.0;0.0;0.0;-8.769977991905094e-12;0.0;0.0;0.0;0.0;0.0;99.616876391967;124.78529177221237;40.32010318796634;125.74964126398214;-2.1954763638555064
527.0;0.0;-0.002090416476290254;0.0;2.2902713768218637e-8;0.0;0.0;0.0;0.0;0.0;0.0;0.0;0.0;0.0;-8.769977991905094e-12;0.0;0.0;0.0;0.0;0.0;99.616876391967;124.78529177221237;40.32010318796634;125.74964126398214;-2.1954763638555064
528.0;0.0;-0.002090416476290254;0.0;2.2902713768218637e-8;0.0;0.0;0.0;0.0;0.0;0.0;0.0;0.0;0.0;-8.769977991905094e-12;0.0;0.0;0.0;0.0;0.0;99.616876391967;124.78529177221237;40.32010318796634;125.74964126398214;-2.1954763638555064
529.0;0.0;-3.6759144635818277e-6;0.0;2.2902713768218637e-8;0.0;0.0;0.0;0.0;0.0;0.0;0.0014698951372046959;0.001237130422003673;0.004103014970636417;-0.006809927397363651;0.0;0.0;0.0;0.0;0.0;99.616876391967;124.78529177221237;40.32010318796634;125.74964126398214;-2.1954763638555064
530.0;0.0;-3.6759144635818277e-6;0.0;2.2902713768218637e-8;0.0;0.0;0.0;0.0;0.0;0.0;0.0014698951372046959;0.001237130422003673;0.004103014970636417;-0.006809927397363651;0.0;0.0;0.0;0.0;0.0;99.616876391967;124.78529177221237;40.32010318796634;125.74964126398214;-2.1954763638555064
531.0;0.0;-3.6759144635818277e-6;0.0;2.2902713768218637e-8;0.0;0.0;0.0;0.0;0.0;0.0;0.0014698951372046959;0.001237130422003673;0.004103014970636417;-0.006809927397363651;0.0;0.0;0.0;0.0;0.0;99.616876391967;124.78529177221237;40.32010318796634;125.74964126398214;-2.1954763638555064
532.0;0.0;-3.6759144635818277e-6;0.0;2.2902713768218637e-8;0.0;0.0;0.0;0.0;0.0;0.0;0.0014698951372046959;0.001237130422003673;0.004103014970636417;-0.006809927397363651;0.0;0.0;0.0;0.0;0.0;99.616876391967;124.78529177221237;40.32010318796634;125.74964126398214;-2.1954763638555064
533.0;0.0;-3.6759144635818277e-6;0.0;2.2902713768218637e-8;0.0;0.0;0.0;0.0;0.0;0.0;0.0014698951372046959;0.001237130422003673;0.004103014970636417;-0.006809927397363651;0.0;0.0;0.0;0.0;0.0;99.616876391967;124.78529177221237;40.32010318796634;125.74964126398214;-2.1954763638555064
534.0;0.0;-3.6759144635818277e-6;0.0;2.2902713768218637e-8;0.0;0.0;0.0;0.0;0.0;0.0;0.0014698951372046959;0.001237130422003673;0.004103014970636417;-0.006809927397363651;0.0;0.0;0.0;0.0;0.0;99.616876391967;124.78529177221237;40.32010318796634;125.74964126398214;-2.1954763638555064
535.0;0.0;-3.6759144635818277e-6;0.0;2.2902713768218637e-8;0.0;0.0;0.0;0.0;0.0;0.0;0.0014698951372046959;0.001237130422003673;0.004103014970636417;-0.006809927397363651;0.0;0.0;0.0;0.0;0.0;99.616876391967;124.78529177221237;40.32010318796634;125.74964126398214;-2.1954763638555064
536.0;0.0;-3.6759144635818277e-6;0.0;2.2902713768218637e-8;0.0;0.0;0.0;0.0;0.0;0.0;0.0014698951372046959;0.001237130422003673;0.004103014970636417;-0.006809927397363651;0.0;0.0;0.0;0.0;0.0;99.616876391967;124.78529177221237;40.32010318796634;125.74964126398214;-2.1954763638555064
537.0;0.0;-3.6759144635818277e-6;0.0;2.2902713768218637e-8;0.0;0.0;0.0;0.0;0.0;0.0;0.0014698951372046959;0.001237130422003673;0.004103014970636417;-0.006809927397363651;0.0;0.0;0.0;0.0;0.0;99.616876391967;124.78529177221237;40.32010318796634;125.74964126398214;-2.1954763638555064
538.0;0.0;-3.6759144635818277e-6;0.0;2.2902713768218637e-8;0.0;0.0;0.0;0.0;0.0;0.0;0.0014698951372046959;0.001237130422003673;0.004103014970636417;-0.006809927397363651;0.0;0.0;0.0;0.0;0.0;99.616876391967;124.78529177221237;40.32010318796634;125.74964126398214;-2.1954763638555064
539.0;0.0;-3.6759144635818277e-6;0.0;2.2902713768218637e-8;0.0;0.0;0.0;0.0;0.0;0.0;0.0014698951372046959;0.001237130422003673;0.004103014970636417;-0.006809927397363651;0.0;0.0;0.0;0.0;0.0;99.616876391967;124.78529177221237;40.32010318796634;125.74964126398214;-2.1954763638555064
540.0;0.0;-3.6759144635818277e-6;0.0;2.2902713768218637e-8;0.0;0.0;0.0;0.0;0.0;0.0;0.0014698951372046959;0.001237130422003673;0.004103014970636417;-0.006809927397363651;0.0;0.0;0.0;0.0;0.0;99.616876391967;124.78529177221237;40.32010318796634;125.74964126398214;-2.1954763638555064
541.0;0.0;-3.6759144635818277e-6;0.0;2.2902713768218637e-8;0.0;0.0;0.0;0.0;0.0;0.0;0.0014698951372046959;0.001237130422003673;0.004103014970636417;-0.006809927397363651;0.0;0.0;0.0;0.0;0.0;99.616876391967;124.78529177221237;40.32010318796634;125.74964126398214;-2.1954763638555064
542.0;0.0;-3.6759144635818277e-6;0.0;2.2902713768218637e-8;0.0;0.0;0.0;0.0;0.0;0.0;0.0014698951372046959;0.001237130422003673;0.004103014970636417;-0.006809927397363651;0.0;0.0;0.0;0.0;0.0;99.616876391967;124.78529177221237;40.32010318796634;125.74964126398214;-2.1954763638555064
543.0;0.0;-3.6759144635818277e-6;0.0;2.2902713768218637e-8;0.0;0.0;0.0;0.0;0.0;0.0;0.0014698951372046959;0.001237130422003673;0.004103014970636417;-0.006809927397363651;0.0;0.0;0.0;0.0;0.0;99.616876391967;124.78529177221237;40.32010318796634;125.74964126398214;-2.1954763638555064
544.0;0.0;-3.6759144635818277e-6;0.0;2.2902713768218637e-8;0.0;0.0;0.0;0.0;0.0;0.0;0.0014698951372046959;0.001237130422003673;0.004103014970636417;-0.006809927397363651;0.0;0.0;0.0;0.0;0.0;99.616876391967;124.78529177221237;40.32010318796634;125.74964126398214;-2.1954763638555064
545.0;0.0;-3.6759144635818277e-6;0.0;2.2902713768218637e-8;0.0;0.0;0.0;0.0;0.0;0.0;0.0014698951372046959;0.001237130422003673;0.004103014970636417;-0.006809927397363651;0.0;0.0;0.0;0.0;0.0;99.616876391967;124.78529177221237;40.32010318796634;125.74964126398214;-2.1954763638555064
546.0;0.0;-3.6759144635818277e-6;0.0;2.2902713768218637e-8;0.0;0.0;0.0;0.0;0.0;0.0;0.0014698951372046959;0.001237130422003673;0.004103014970636417;-0.006809927397363651;0.0;0.0;0.0;0.0;0.0;99.616876391967;124.78529177221237;40.32010318796634;125.74964126398214;-2.1954763638555064
547.0;0.0;-3.6759144635818277e-6;0.0;2.2902713768218637e-8;0.0;0.0;0.0;0.0;0.0;0.0;0.0014698951372046959;0.001237130422003673;0.004103014970636417;-0.006809927397363651;0.0;0.0;0.0;0.0;0.0;99.616876391967;124.78529177221237;40.32010318796634;125.74964126398214;-2.1954763638555064
548.0;0.0;-3.6759144635818277e-6;0.0;2.2902713768218637e-8;0.0;0.0;0.0;0.0;0.0;0.0;0.0014698951372046959;0.001237130422003673;0.004103014970636417;-0.006809927397363651;0.0;0.0;0.0;0.0;0.0;99.616876391967;124.78529177221237;40.32010318796634;125.74964126398214;-2.1954763638555064
549.0;0.0;-3.6759144635818277e-6;0.0;2.2902713768218637e-8;0.0;0.0;0.0;0.0;0.0;0.0;0.0014698951372046959;0.001237130422003673;0.004103014970636417;-0.006809927397363651;0.0;0.0;0.0;0.0;0.0;99.616876391967;124.78529177221237;40.32010318796634;125.74964126398214;-2.1954763638555064
550.0;0.0;-3.6759144635818277e-6;0.0;2.2902713768218637e-8;0.0;0.0;0.0;0.0;0.0;0.0;0.0014698951372046959;0.001237130422003673;0.004103014970636417;-0.006809927397363651;0.0;0.0;0.0;0.0;0.0;99.616876391967;124.78529177221237;40.32010318796634;125.74964126398214;-2.1954763638555064
551.0;0.0;-3.6759144635818277e-6;0.0;2.2902713768218637e-8;0.0;0.0;0.0;0.0;0.0;0.0;0.0014698951372046959;0.001237130422003673;0.004103014970636417;-0.006809927397363651;0.0;0.0;0.0;0.0;0.0;99.616876391967;124.78529177221237;40.32010318796634;125.74964126398214;-2.1954763638555064
552.0;0.0;-3.6759144635818277e-6;0.0;2.2902713768218637e-8;0.0;0.0;0.0;0.0;0.0;0.0;0.0014698951372046959;0.001237130422003673;0.004103014970636417;-0.006809927397363651;0.0;0.0;0.0;0.0;0.0;99.616876391967;124.78529177221237;40.32010318796634;125.74964126398214;-2.1954763638555064
553.0;0.0;-8.002233293402438e-9;0.0;2.2902713768218637e-8;0.0;0.0;0.0;0.0;0.0;0.0;0.016024846983159972;0.01737551076834449;0.015665156110050895;-0.04906545530671387;0.0;0.0;0.0;0.0;0.0;99.616876391967;124.78529177221237;40.32010318796634;125.74964126398214;-2.1954763638555064
554.0;0.0;-8.002233293402438e-9;0.0;2.2902713768218637e-8;0.0;0.0;0.0;0.0;0.0;0.0;0.016024846983159972;0.01737551076834449;0.015665156110050895;-0.04906545530671387;0.0;0.0;0.0;0.0;0.0;99.616876391967;124.78529177221237;40.32010318796634;125.74964126398214;-2.1954763638555064
555.0;0.0;-8.002233293402438e-9;0.0;2.2902713768218637e-8;0.0;0.0;0.0;0.0;0.0;0.0;0.016024846983159972;0.01737551076834449;0.015665156110050895;-0.04906545530671387;0.0;0.0;0.0;0.0;0.0;99.616876391967;124.78529177221237;40.32010318796634;125.74964126398214;-2.1954763638555064
556.0;0.0;-8.002233293402438e-9;0.0;2.2902713768218637e-8;0.0;0.0;0.0;0.0;0.0;0.0;0.016024846983159972;0.01737551076834449;0.015665156110050895;-0.04906545530671387;0.0;0.0;0.0;0.0;0.0;99.616876391967;124.78529177221237;40.32010318796634;125.74964126398214;-2.1954763638555064
557.0;0.0;-8.002233293402438e-9;0.0;2.2902713768218637e-8;0.0;0.0;0.0;0.0;0.0;0.0;0.016024846983159972;0.01737551076834449;0.015665156110050895;-0.04906545530671387;0.0;0.0;0.0;0.0;0.0;99.616876391967;124.78529177221237;40.32010318796634;125.74964126398214;-2.1954763638555064
558.0;0.0;-8.002233293402438e-9;0.0;2.2902713768218637e-8;0.0;0.0;0.0;0.0;0.0;0.0;0.016024846983159972;0.01737551076834449;0.015665156110050895;-0.04906545530671387;0.0;0.0;0.0;0.0;0.0;99.616876391967;124.78529177221237;40.32010318796634;125.74964126398214;-2.1954763638555064
559.0;0.0;-8.002233293402438e-9;0.0;2.2902713768218637e-8;0.0;0.0;0.0;0.0;0.0;0.0;0.016024846983159972;0.01737551076834449;0.015665156110050895;-0.04906545530671387;0.0;0.0;0.0;0.0;0.0;99.616876391967;124.78529177221237;40.32010318796634;125.74964126398214;-2.1954763638555064
560.0;0.0;-8.002233293402438e-9;0.0;2.2902713768218637e-8;0.0;0.0;0.0;0.0;0.0;0.0;0.016024846983159972;0.01737551076834449;0.015665156110050895;-0.04906545530671387;0.0;0.0;0.0;0.0;0.0;99.616876391967;124.78529177221237;40.32010318796634;125.74964126398214;-2.1954763638555064
561.0;0.0;-8.002233293402438e-9;0.0;2.2902713768218637e-8;0.0;0.0;0.0;0.0;0.0;0.0;0.016024846983159972;0.01737551076834449;0.015665156110050895;-0.04906545530671387;0.0;0.0;0.0;0.0;0.0;99.616876391967;124.78529177221237;40.32010318796634;125.74964126398214;-2.1954763638555064
562.0;0.0;-8.002233293402438e-9;0.0;2.2902713768218637e-8;0.0;0.0;0.0;0.0;0.0;0.0;0.016024846983159972;0.01737551076834449;0.015665156110050895;-0.04906545530671387;0.0;0.0;0.0;0.0;0.0;99.616876391967;124.78529177221237;40.32010318796634;125.74964126398214;-2.1954763638555064
563.0;0.0;-8.002233293402438e-9;0.0;2.2902713768218637e-8;0.0;0.0;0.0;0.0;0.0;0.0;0.016024846983159972;0.01737551076834449;0.015665156110050895;-0.04906545530671387;0.0;0.0;0.0;0.0;0.0;99.616876391967;124.78529177221237;40.32010318796634;125.74964126398214;-2.1954763638555064
564.0;0.0;-8.002233293402438e-9;0.0;2.2902713768218637e-8;0.0;0.0;0.0;0.0;0.0;0.0;0.016024846983159972;0.01737551076834449;0.015665156110050895;-0.04906545530671387;0.0;0.0;0.0;0.0;0.0;99.616876391967;124.78529177221237;40.32010318796634;125.74964126398214;-2.1954763638555064
565.0;0.0;-8.002233293402438e-9;0.0;2.2902713768218637e-8;0.0;0.0;0.0;0.0;0.0;0.0;0.016024846983159972;0.01737551076834449;0.015665156110050895;-0.04906545530671387;0.0;0.0;0.0;0.0;0.0;99.616876391967;124.78529177221237;40.32010318796634;125.74964126398214;-2.1954763638555064
566.0;0.0;-8.002233293402438e-9;0.0;2.2902713768218637e-8;0.0;0.0;0.0;0.0;0.0;0.0;0.016024846983159972;0.01737551076834449;0.015665156110050895;-0.04906545530671387;0.0;0.0;0.0;0.0;0.0;99.616876391967;124.78529177221237;40.32010318796634;125.74964126398214;-2.1954763638555064
567.0;0.0;-8.002233293402438e-9;0.0;2.2902713768218637e-8;0.0;0.0;0.0;0.0;0.0;0.0;0.016024846983159972;0.01737551076834449;0.015665156110050895;-0.04906545530671387;0.0;0.0;0.0;0.0;0.0;99.616876391967;124.78529177221237;40.32010318796634;125.74964126398214;-2.1954763638555064
568.0;0.0;-8.002233293402438e-9;0.0;2.2902713768218637e-8;0.0;0.0;0.0;0.0;0.0;0.0;0.016024846983159972;0.01737551076834449;0.015665156110050895;-0.04906545530671387;0.0;0.0;0.0;0.0;0.0;99.616876391967;124.78529177221237;40.32010318796634;125.74964126398214;-2.1954763638555064
569.0;0.0;-8.002233293402438e-9;0.0;2.2902713768218637e-8;0.0;0.0;0.0;0.0;0.0;0.0;0.016024846983159972;0.01737551076834449;0.015665156110050895;-0.04906545530671387;0.0;0.0;0.0;0.0;0.0;99.616876391967;124.78529177221237;40.32010318796634;125.74964126398214;-2.1954763638555064
570.0;0.0;-8.002233293402438e-9;0.0;2.2902713768218637e-8;0.0;0.0;0.0;0.0;0.0;0.0;0.016024846983159972;0.01737551076834449;0.015665156110050895;-0.04906545530671387;0.0;0.0;0.0;0.0;0.0;99.616876391967;124.78529177221237;40.32010318796634;125.74964126398214;-2.1954763638555064
571.0;0.0;-8.002233293402438e-9;0.0;2.2902713768218637e-8;0.0;0.0;0.0;0.0;0.0;0.0;0.016024846983159972;0.01737551076834449;0.015665156110050895;-0.04906545530671387;0.0;0.0;0.0;0.0;0.0;99.616876391967;124.78529177221237;40.32010318796634;125.74964126398214;-2.1954763638555064
572.0;0.0;-8.002233293402438e-9;0.0;2.2902713768218637e-8;0.0;0.0;0.0;0.0;0.0;0.0;0.016024846983159972;0.01737551076834449;0.015665156110050895;-0.04906545530671387;0.0;0.0;0.0;0.0;0.0;99.616876391967;124.78529177221237;40.32010318796634;125.74964126398214;-2.1954763638555064
573.0;0.0;-8.002233293402438e-9;0.0;2.2902713768218637e-8;0.0;0.0;0.0;0.0;0.0;0.0;0.016024846983159972;0.01737551076834449;0.015665156110050895;-0.04906545530671387;0.0;0.0;0.0;0.0;0.0;99.616876391967;124.78529177221237;40.32010318796634;125.74964126398214;-2.1954763638555064
574.0;0.0;-8.002233293402438e-9;0.0;2.2902713768218637e-8;0.0;0.0;0.0;0.0;0.0;0.0;0.016024846983159972;0.01737551076834449;0.015665156110050895;-0.04906545530671387;0.0;0.0;0.0;0.0;0.0;99.616876391967;124.78529177221237;40.32010318796634;125.74964126398214;-2.1954763638555064
575.0;0.0;-8.002233293402438e-9;0.0;2.2902713768218637e-8;0.0;0.0;0.0;0.0;0.0;0.0;0.016024846983159972;0.01737551076834449;0.015665156110050895;-0.04906545530671387;0.0;0.0;0.0;0.0;0.0;99.616876391967;124.78529177221237;40.32010318796634;125.74964126398214;-2.1954763638555064
576.0;0.0;-8.002233293402438e-9;0.0;2.2902713768218637e-8;0.0;0.0;0.0;0.0;0.0;0.0;0.016024846983159972;0.01737551076834449;0.015665156110050895;-0.04906545530671387;0.0;0.0;0.0;0.0;0.0;99.616876391967;124.78529177221237;40.32010318796634;125.74964126398214;-2.1954763638555064
577.0;0.0;3.7146523855927176e-8;0.0;2.105988964872103e-8;0.0;0.0;0.0;0.0;0.0;0.0;0.21571106376305754;0.18200422038938727;0.4935690903741224;-0.8912842158499147;0.0;0.0;0.0;0.0;0.0;94.81392295426198;118.1845943815186;40.30372507520767;154.6477884788517;-6.489623150405092
578.0;0.0;3.7146523855927176e-8;0.0;2.105988964872103e-8;0.0;0.0;0.0;0.0;0.0;0.0;0.21571106376305754;0.18200422038938727;0.4935690903741224;-0.8912842158499147;0.0;0.0;0.0;0.0;0.0;94.81392295426198;118.1845943815186;40.30372507520767;154.6477884788517;-6.489623150405092
579.0;0.0;3.7146523855927176e-8;0.0;2.105988964872103e-8;0.0;0.0;0.0;0.0;0.0;0.0;0.21571106376305754;0.18200422038938727;0.4935690903741224;-0.8912842158499147;0.0;0.0;0.0;0.0;0.0;94.81392295426198;118.1845943815186;40.30372507520767;154.6477884788517;-6.489623150405092
580.0;0.0;3.7146523855927176e-8;0.0;2.105988964872103e-8;0.0;0.0;0.0;0.0;0.0;0.0;0.21571106376305754;0.18200422038938727;0.4935690903741224;-0.8912842158499147;0.0;0.0;0.0;0.0;0.0;94.81392295426198;118.1845943815186;40.30372507520767;154.6477884788517;-6.489623150405092
581.0;0.0;3.7146523855927176e-8;0.0;2.105988964872103e-8;0.0;0.0;0.0;0.0;0.0;0.0;0.21571106376305754;0.18200422038938727;0.4935690903741224;-0.8912842158499147;0.0;0.0;0.0;0.0;0.0;94.81392295426198;118.1845943815186;40.30372507520767;154.6477884788517;-6.489623150405092
582.0;0.0;3.7146523855927176e-8;0.0;2.105988964872103e-8;0.0;0.0;0.0;0.0;0.0;0.0;0.21571106376305754;0.18200422038938727;0.4935690903741224;-0.8912842158499147;0.0;0.0;0.0;0.0;0.0;94.81392295426198;118.1845943815186;40.30372507520767;154.6477884788517;-6.489623150405092
583.0;0.0;3.7146523855927176e-8;0.0;2.105988964872103e-8;0.0;0.0;0.0;0.0;0.0;0.0;0.21571106376305754;0.18200422038938727;0.4935690903741224;-0.8912842158499147;0.0;0.0;0.0;0.0;0.0;94.81392295426198;118.1845943815186;40.30372507520767;154.6477884788517;-6.489623150405092
584.0;0.0;3.7146523855927176e-8;0.0;2.105988964872103e-8;0.0;0.0;0.0;0.0;0.0;0.0;0.21571106376305754;0.18200422038938727;0.4935690903741224;-0.8912842158499147;0.0;0.0;0.0;0.0;0.0;94.81392295426198;118.1845943815186;40.30372507520767;154.6477884788517;-6.489623150405092
585.0;0.0;3.7146523855927176e-8;0.0;2.105988964872103e-8;0.0;0.0;0.0;0.0;0.0;0.0;0.21571106376305754;0.18200422038938727;0.4935690903741224;-0.8912842158499147;0.0;0.0;0.0;0.0;0.0;94.81392295426198;118.1845943815186;40.30372507520767;154.6477884788517;-6.489623150405092
586.0;0.0;3.7146523855927176e-8;0.0;2.105988964872103e-8;0.0;0.0;0.0;0.0;0.0;0.0;0.21571106376305754;0.18200422038938727;0.4935690903741224;-0.8912842158499147;0.0;0.0;0.0;0.0;0.0;94.81392295426198;118.1845943815186;40.30372507520767;154.6477884788517;-6.489623150405092
587.0;0.0;3.7146523855927176e-8;0.0;2.105988964872103e-8;0.0;0.0;0.0;0.0;0.0;0.0;0.21571106376305754;0.18200422038938727;0.4935690903741224;-0.8912842158499147;0.0;0.0;0.0;0.0;0.0;94.81392295426198;118.1845943815186;40.30372507520767;154.6477884788517;-6.489623150405092
588.0;0.0;3.7146523855927176e-8;0.0;2.105988964872103e-8;0.0;0.0;0.0;0.0;0.0;0.0;0.21571106376305754;0.18200422038938727;0.4935690903741224;-0.8912842158499147;0.0;0.0;0.0;0.0;0.0;94.81392295426198;118.1845943815186;40.30372507520767;154.6477884788517;-6.489623150405092
589.0;0.0;3.7146523855927176e-8;0.0;2.105988964872103e-8;0.0;0.0;0.0;0.0;0.0;0.0;0.21571106376305754;0.18200422038938727;0.4935690903741224;-0.8912842158499147;0.0;0.0;0.0;0.0;0.0;94.81392295426198;118.1845943815186;40.30372507520767;154.6477884788517;-6.489623150405092
590.0;0.0;3.7146523855927176e-8;0.0;2.105988964872103e-8;0.0;0.0;0.0;0.0;0.0;0.0;0.21571106376305754;0.18200422038938727;0.4935690903741224;-0.8912842158499147;0.0;0.0;0.0;0.0;0.0;94.81392295426198;118.1845943815186;40.30372507520767;154.6477884788517;-6.489623150405092
591.0;0.0;3.7146523855927176e-8;0.0;2.105988964872103e-8;0.0;0.0;0.0;0.0;0.0;0.0;0.21571106376305754;0.18200422038938727;0.4935690903741224;-0.8912842158499147;0.0;0.0;0.0;0.0;0.0;94.81392295426198;118.1845943815186;40.30372507520767;154.6477884788517;-6.489623150405092
592.0;0.0;3.7146523855927176e-8;0.0;2.105988964872103e-8;0.0;0.0;0.0;0.0;0.0;0.0;0.21571106376305754;0.18200422038938727;0.4935690903741224;-0.8912842158499147;0.0;0.0;0.0;0.0;0.0;94.81392295426198;118.1845943815186;40.30372507520767;154.6477884788517;-6.489623150405092
593.0;0.0;3.7146523855927176e-8;0.0;2.105988964872103e-8;0.0;0.0;0.0;0.0;0.0;0.0;0.21571106376305754;0.18200422038938727;0.4935690903741224;-0.8912842158499147;0.0;0.0;0.0;0.0;0.0;94.81392295426198;118.1845943815186;40.30372507520767;154.6477884788517;-6.489623150405092
594.0;0.0;3.7146523855927176e-8;0.0;2.105988964872103e-8;0.0;0.0;0.0;0.0;0.0;0.0;0.21571106376305754;0.18200422038938727;0.4935690903741224;-0.8912842158499147;0.0;0.0;0.0;0.0;0.0;94.81392295426198;118.1845943815186;40.30372507520767;154.6477884788517;-6.489623150405092
595.0;0.0;3.7146523855927176e-8;0.0;2.105988964872103e-8;0.0;0.0;0.0;0.0;0.0;0.0;0.21571106376305754;0.18200422038938727;0.4935690903741224;-0.8912842158499147;0.0;0.0;0.0;0.0;0.0;94.81392295426198;118.1845943815186;40.30372507520767;154.6477884788517;-6.489623150405092
596.0;0.0;3.7146523855927176e-8;0.0;2.105988964872103e-8;0.0;0.0;0.0;0.0;0.0;0.0;0.21571106376305754;0.18200422038938727;0.4935690903741224;-0.8912842158499147;0.0;0.0;0.0;0.0;0.0;94.81392295426198;118.1845943815186;40.30372507520767;154.6477884788517;-6.489623150405092
597.0;0.0;3.7146523855927176e-8;0.0;2.105988964872103e-8;0.0;0.0;0.0;0.0;0.0;0.0;0.21571106376305754;0.18200422038938727;0.4935690903741224;-0.8912842158499147;0.0;0.0;0.0;0.0;0.0;94.81392295426198;118.1845943815186;40.30372507520767;154.6477884788517;-6.489623150405092
598.0;0.0;3.7146523855927176e-8;0.0;2.105988964872103e-8;0.0;0.0;0.0;0.0;0.0;0.0;0.21571106376305754;0.18200422038938727;0.4935690903741224;-0.8912842158499147;0.0;0.0;0.0;0.0;0.0;94.81392295426198;118.1845943815186;40.30372507520767;154.6477884788517;-6.489623150405092
599.0;0.0;3.7146523855927176e-8;0.0;2.105988964872103e-8;0.0;0.0;0.0;0.0;0.0;0.0;0.21571106376305754;0.18200422038938727;0.4935690903741224;-0.8912842158499147;0.0;0.0;0.0;0.0;0.0;94.81392295426198;118.1845943815186;40.30372507520767;154.6477884788517;-6.489623150405092
600.0;0.0;3.7146523855927176e-8;0.0;2.105988964872103e-8;0.0;0.0;0.0;0.0;0.0;0.0;0.21571106376305754;0.18200422038938727;0.4935690903741224;-0.8912842158499147;0.0;0.0;0.0;0.0;0.0;94.81392295426198;118.1845943815186;40.30372507520767;154.6477884788517;-6.489623150405092
601.0;0.0;-3.732332515867046e-9;0.0;2.105988964872103e-8;0.0;0.0;0.0;0.0;0.0;0.0;0.01345170242982842;0.013451198736241742;0.013469097526771475;-0.04037199550413457;0.0;0.0;0.0;0.0;0.0;94.81392295426198;118.1845943815186;40.30372507520767;154.6477884788517;-6.489623150405092
602.0;0.0;-3.732332515867046e-9;0.0;2.105988964872103e-8;0.0;0.0;0.0;0.0;0.0;0.0;0.01345170242982842;0.013451198736241742;0.013469097526771475;-0.04037199550413457;0.0;0.0;0.0;0.0;0.0;94.81392295426198;118.1845943815186;40.30372507520767;154.6477884788517;-6.489623150405092
603.0;0.0;-3.732332515867046e-9;0.0;2.105988964872103e-8;0.0;0.0;0.0;0.0;0.0;0.0;0.01345170242982842;0.013451198736241742;0.013469097526771475;-0.04037199550413457;0.0;0.0;0.0;0.0;0.0;94.81392295426198;118.1845943815186;40.30372507520767;154.6477884788517;-6.489623150405092
604.0;0.0;-3.732332515867046e-9;0.0;2.105988964872103e-8;0.0;0.0;0.0;0.0;0.0;0.0;0.01345170242982842;0.013451198736241742;0.013469097526771475;-0.04037199550413457;0.0;0.0;0.0;0.0;0.0;94.81392295426198;118.1845943815186;40.30372507520767;154.6477884788517;-6.489623150405092
605.0;0.0;-3.732332515867046e-9;0.0;2.105988964872103e-8;0.0;0.0;0.0;0.0;0.0;0.0;0.01345170242982842;0.013451198736241742;0.013469097526771475;-0.04037199550413457;0.0;0.0;0.0;0.0;0.0;94.81392295426198;118.1845943815186;40.30372507520767;154.6477884788517;-6.489623150405092
606.0;0.0;-3.732332515867046e-9;0.0;2.105988964872103e-8;0.0;0.0;0.0;0.0;0.0;0.0;0.01345170242982842;0.013451198736241742;0.013469097526771475;-0.04037199550413457;0.0;0.0;0.0;0.0;0.0;94.81392295426198;118.1845943815186;40.30372507520767;154.6477884788517;-6.489623150405092
607.0;0.0;-3.732332515867046e-9;0.0;2.105988964872103e-8;0.0;0.0;0.0;0.0;0.0;0.0;0.01345170242982842;0.013451198736241742;0.013469097526771475;-0.04037199550413457;0.0;0.0;0.0;0.0;0.0;94.81392295426198;118.1845943815186;40.30372507520767;154.6477884788517;-6.489623150405092
608.0;0.0;-3.732332515867046e-9;0.0;2.105988964872103e-8;0.0;0.0;0.0;0.0;0.0;0.0;0.01345170242982842;0.013451198736241742;0.013469097526771475;-0.04037199550413457;0.0;0.0;0.0;0.0;0.0;94.81392295426198;118.1845943815186;40.30372507520767;154.6477884788517;-6.489623150405092
609.0;0.0;-3.732332515867046e-9;0.0;2.105988964872103e-8;0.0;0.0;0.0;0.0;0.0;0.0;0.01345170242982842;0.013451198736241742;0.013469097526771475;-0.04037199550413457;0.0;0.0;0.0;0.0;0.0;94.81392295426198;118.1845943815186;40.30372507520767;154.6477884788517;-6.489623150405092
610.0;0.0;-3.732332515867046e-9;0.0;2.105988964872103e-8;0.0;0.0;0.0;0.0;0.0;0.0;0.01345170242982842;0.013451198736241742;0.013469097526771475;-0.04037199550413457;0.0;0.0;0.0;0.0;0.0;94.81392295426198;118.1845943815186;40.30372507520767;154.6477884788517;-6.489623150405092
611.0;0.0;-3.732332515867046e-9;0.0;2.105988964872103e-8;0.0;0.0;0.0;0.0;0.0;0.0;0.01345170242982842;0.013451198736241742;0.013469097526771475;-0.04037199550413457;0.0;0.0;0.0;0.0;0.0;94.81392295426198;118.1845943815186;40.30372507520767;154.6477884788517;-6.489623150405092
612.0;0.0;-3.732332515867046e-9;0.0;2.105988964872103e-8;0.0;0.0;0.0;0.0;0.0;0.0;0.01345170242982842;0.013451198736241742;0.013469097526771475;-0.04037199550413457;0.0;0.0;0.0;0.0;0.0;94.81392295426198;118.1845943815186;40.30372507520767;154.6477884788517;-6.489623150405092
613.0;0.0;-3.732332515867046e-9;0.0;2.105988964872103e-8;0.0;0.0;0.0;0.0;0.0;0.0;0.01345170242982842;0.013451198736241742;0.013469097526771475;-0.04037199550413457;0.0;0.0;0.0;0.0;0.0;94.81392295426198;118.1845943815186;40.30372507520767;154.6477884788517;-6.489623150405092
614.0;0.0;-3.732332515867046e-9;0.0;2.105988964872103e-8;0.0;0.0;0.0;0.0;0.0;0.0;0.01345170242982842;0.013451198736241742;0.013469097526771475;-0.04037199550413457;0.0;0.0;0.0;0.0;0.0;94.81392295426198;118.1845943815186;40.30372507520767;154.6477884788517;-6.489623150405092
615.0;0.0;-3.732332515867046e-9;0.0;2.105988964872103e-8;0.0;0.0;0.0;0.0;0.0;0.0;0.01345170242982842;0.013451198736241742;0.013469097526771475;-0.04037199550413457;0.0;0.0;0.0;0.0;0.0;94.81392295426198;118.1845943815186;40.30372507520767;154.6477884788517;-6.489623150405092
616.0;0.0;-3.732332515867046e-9;0.0;2.105988964872103e-8;0.0;0.0;0.0;0.0;0.0;0.0;0.01345170242982842;0.013451198736241742;0.013469097526771475;-0.04037199550413457;0.0;0.0;0.0;0.0;0.0;94.81392295426198;118.1845943815186;40.30372507520767;154.6477884788517;-6.489623150405092
617.0;0.0;-3.732332515867046e-9;0.0;2.105988964872103e-8;0.0;0.0;0.0;0.0;0.0;0.0;0.01345170242982842;0.013451198736241742;0.013469097526771475;-0.04037199550413457;0.0;0.0;0.0;0.0;0.0;94.81392295426198;118.1845943815186;40.30372507520767;154.6477884788517;-6.489623150405092
618.0;0.0;-3.732332515867046e-9;0.0;2.105988964872103e-8;0.0;0.0;0.0;0.0;0.0;0.0;0.01345170242982842;0.013451198736241742;0.013469097526771475;-0.04037199550413457;0.0;0.0;0.0;0.0;0.0;94.81392295426198;118.1845943815186;40.30372507520767;154.6477884788517;-6.489623150405092
619.0;0.0;-3.732332515867046e-9;0.0;2.105988964872103e-8;0.0;0.0;0.0;0.0;0.0;0.0;0.01345170242982842;0.013451198736241742;0.013469097526771475;-0.04037199550413457;0.0;0.0;0.0;0.0;0.0;94.81392295426198;118.1845943815186;40.30372507520767;154.6477884788517;-6.489623150405092
620.0;0.0;-3.732332515867046e-9;0.0;2.105988964872103e-8;0.0;0.0;0.0;0.0;0.0;0.0;0.01345170242982842;0.013451198736241742;0.013469097526771475;-0.04037199550413457;0.0;0.0;0.0;0.0;0.0;94.81392295426198;118.1845943815186;40.30372507520767;154.6477884788517;-6.489623150405092
621.0;0.0;-3.732332515867046e-9;0.0;2.105988964872103e-8;0.0;0.0;0.0;0.0;0.0;0.0;0.01345170242982842;0.013451198736241742;0.013469097526771475;-0.04037199550413457;0.0;0.0;0.0;0.0;0.0;94.81392295426198;118.1845943815186;40.30372507520767;154.6477884788517;-6.489623150405092
622.0;0.0;-3.732332515867046e-9;0.0;2.105988964872103e-8;0.0;0.0;0.0;0.0;0.0;0.0;0.01345170242982842;0.013451198736241742;0.013469097526771475;-0.04037199550413457;0.0;0.0;0.0;0.0;0.0;94.81392295426198;118.1845943815186;40.30372507520767;154.6477884788517;-6.489623150405092
623.0;0.0;-3.732332515867046e-9;0.0;2.105988964872103e-8;0.0;0.0;0.0;0.0;0.0;0.0;0.01345170242982842;0.013451198736241742;0.013469097526771475;-0.04037199550413457;0.0;0.0;0.0;0.0;0.0;94.81392295426198;118.1845943815186;40.30372507520767;154.6477884788517;-6.489623150405092
624.0;0.0;-3.732332515867046e-9;0.0;2.105988964872103e-8;0.0;0.0;0.0;0.0;0.0;0.0;0.01345170242982842;0.013451198736241742;0.013469097526771475;-0.04037199550413457;0.0;0.0;0.0;0.0;0.0;94.81392295426198;118.1845943815186;40.30372507520767;154.6477884788517;-6.489623150405092
625.0;0.0;3.4664166966519704e-10;0.0;2.105988964872103e-8;0.0;0.0;0.0;0.0;0.0;0.0;0.05987174333031859;0.059870016720053716;0.05987018977925919;-0.17961194235430847;0.0;0.0;0.0;0.0;0.0;94.81392295426198;118.1845943815186;40.30372507520767;154.6477884788517;-6.489623150405092
626.0;0.0;3.4664166966519704e-10;0.0;2.105988964872103e-8;0.0;0.0;0.0;0.0;0.0;0.0;0.05987174333031859;0.059870016720053716;0.05987018977925919;-0.17961194235430847;0.0;0.0;0.0;0.0;0.0;94.81392295426198;118.1845943815186;40.30372507520767;154.6477884788517;-6.489623150405092
627.0;0.0;3.4664166966519704e-10;0.0;2.105988964872103e-8;0.0;0.0;0.0;0.0;0.0;0.0;0.05987174333031859;0.059870016720053716;0.05987018977925919;-0.17961194235430847;0.0;0.0;0.0;0.0;0.0;94.81392295426198;118.1845943815186;40.30372507520767;154.6477884788517;-6.489623150405092
628.0;0.0;3.4664166966519704e-10;0.0;2.105988964872103e-8;0.0;0.0;0.0;0.0;0.0;0.0;0.05987174333031859;0.059870016720053716;0.05987018977925919;-0.17961194235430847;0.0;0.0;0.0;0.0;0.0;94.81392295426198;118.1845943815186;40.30372507520767;154.6477884788517;-6.489623150405092
629.0;0.0;3.4664166966519704e-10;0.0;2.105988964872103e-8;0.0;0.0;0.0;0.0;0.0;0.0;0.05987174333031859;0.059870016720053716;0.05987018977925919;-0.17961194235430847;0.0;0.0;0.0;0.0;0.0;94.81392295426198;118.1845943815186;40.30372507520767;154.6477884788517;-6.489623150405092
630.0;0.0;3.4664166966519704e-10;0.0;2.105988964872103e-8;0.0;0.0;0.0;0.0;0.0;0.0;0.05987174333031859;0.059870016720053716;0.05987018977925919;-0.17961194235430847;0.0;0.0;0.0;0.0;0.0;94.81392295426198;118.1845943815186;40.30372507520767;154.6477884788517;-6.489623150405092
631.0;0.0;3.4664166966519704e-10;0.0;2.105988964872103e-8;0.0;0.0;0.0;0.0;0.0;0.0;0.05987174333031859;0.059870016720053716;0.05987018977925919;-0.17961194235430847;0.0;0.0;0.0;0.0;0.0;94.81392295426198;118.1845943815186;40.30372507520767;154.6477884788517;-6.489623150405092
632.0;0.0;3.4664166966519704e-10;0.0;2.105988964872103e-8;0.0;0.0;0.0;0.0;0.0;0.0;0.05987174333031859;0.059870016720053716;0.05987018977925919;-0.17961194235430847;0.0;0.0;0.0;0.0;0.0;94.81392295426198;118.1845943815186;40.30372507520767;154.6477884788517;-6.489623150405092
633.0;0.0;3.4664166966519704e-10;0.0;2.105988964872103e-8;0.0;0.0;0.0;0.0;0.0;0.0;0.05987174333031859;0.059870016720053716;0.05987018977925919;-0.17961194235430847;0.0;0.0;0.0;0.0;0.0;94.81392295426198;118.1845943815186;40.30372507520767;154.6477884788517;-6.489623150405092
634.0;0.0;3.4664166966519704e-10;0.0;2.105988964872103e-8;0.0;0.0;0.0;0.0;0.0;0.0;0.05987174333031859;0.059870016720053716;0.05987018977925919;-0.17961194235430847;0.0;0.0;0.0;0.0;0.0;94.81392295426198;118.1845943815186;40.30372507520767;154.6477884788517;-6.489623150405092
635.0;0.0;3.4664166966519704e-10;0.0;2.105988964872103e-8;0.0;0.0;0.0;0.0;0.0;0.0;0.05987174333031859;0.059870016720053716;0.05987018977925919;-0.17961194235430847;0.0;0.0;0.0;0.0;0.0;94.81392295426198;118.1845943815186;40.30372507520767;154.6477884788517;-6.489623150405092
636.0;0.0;3.4664166966519704e-10;0.0;2.105988964872103e-8;0.0;0.0;0.0;0.0;0.0;0.0;0.05987174333031859;0.059870016720053716;0.05987018977925919;-0.17961194235430847;0.0;0.0;0.0;0.0;0.0;94.81392295426198;118.1845943815186;40.30372507520767;154.6477884788517;-6.489623150405092
637.0;0.0;3.4664166966519704e-10;0.0;2.105988964872103e-8;0.0;0.0;0.0;0.0;0.0;0.0;0.05987174333031859;0.059870016720053716;0.05987018977925919;-0.17961194235430847;0.0;0.0;0.0;0.0;0.0;94.81392295426198;118.1845943815186;40.30372507520767;154.6477884788517;-6.489623150405092
638.0;0.0;3.4664166966519704e-10;0.0;2.105988964872103e-8;0.0;0.0;0.0;0.0;0.0;0.0;0.05987174333031859;0.059870016720053716;0.05987018977925919;-0.17961194235430847;0.0;0.0;0.0;0.0;0.0;94.81392295426198;118.1845943815186;40.30372507520767;154.6477884788517;-6.489623150405092
639.0;0.0;3.4664166966519704e-10;0.0;2.105988964872103e-8;0.0;0.0;0.0;0.0;0.0;0.0;0.05987174333031859;0.059870016720053716;0.05987018977925919;-0.17961194235430847;0.0;0.0;0.0;0.0;0.0;94.81392295426198;118.1845943815186;40.30372507520767;154.6477884788517;-6.489623150405092
640.0;0.0;3.4664166966519704e-10;0.0;2.105988964872103e-8;0.0;0.0;0.0;0.0;0.0;0.0;0.05987174333031859;0.059870016720053716;0.05987018977925919;-0.17961194235430847;0.0;0.0;0.0;0.0;0.0;94.81392295426198;118.1845943815186;40.30372507520767;154.6477884788517;-6.489623150405092
641.0;0.0;3.4664166966519704e-10;0.0;2.105988964872103e-8;0.0;0.0;0.0;0.0;0.0;0.0;0.05987174333031859;0.059870016720053716;0.05987018977925919;-0.17961194235430847;0.0;0.0;0.0;0.0;0.0;94.81392295426198;118.1845943815186;40.30372507520767;154.6477884788517;-6.489623150405092
642.0;0.0;3.4664166966519704e-10;0.0;2.105988964872103e-8;0.0;0.0;0.0;0.0;0.0;0.0;0.05987174333031859;0.059870016720053716;0.05987018977925919;-0.17961194235430847;0.0;0.0;0.0;0.0;0.0;94.81392295426198;118.1845943815186;40.30372507520767;154.6477884788517;-6.489623150405092
643.0;0.0;3.4664166966519704e-10;0.0;2.105988964872103e-8;0.0;0.0;0.0;0.0;0.0;0.0;0.05987174333031859;0.059870016720053716;0.05987018977925919;-0.17961194235430847;0.0;0.0;0.0;0.0;0.0;94.81392295426198;118.1845943815186;40.30372507520767;154.6477884788517;-6.489623150405092
644.0;0.0;3.4664166966519704e-10;0.0;2.105988964872103e-8;0.0;0.0;0.0;0.0;0.0;0.0;0.05987174333031859;0.059870016720053716;0.05987018977925919;-0.17961194235430847;0.0;0.0;0.0;0.0;0.0;94.81392295426198;118.1845943815186;40.30372507520767;154.6477884788517;-6.489623150405092
645.0;0.0;3.4664166966519704e-10;0.0;2.105988964872103e-8;0.0;0.0;0.0;0.0;0.0;0.0;0.05987174333031859;0.059870016720053716;0.05987018977925919;-0.17961194235430847;0.0;0.0;0.0;0.0;0.0;94.81392295426198;118.1845943815186;40.30372507520767;154.6477884788517;-6.489623150405092
646.0;0.0;3.4664166966519704e-10;0.0;2.105988964872103e-8;0.0;0.0;0.0;0.0;0.0;0.0;0.05987174333031859;0.059870016720053716;0.05987018977925919;-0.17961194235430847;0.0;0.0;0.0;0.0;0.0;94.81392295426198;118.1845943815186;40.30372507520767;154.6477884788517;-6.489623150405092
647.0;0.0;3.4664166966519704e-10;0.0;2.105988964872103e-8;0.0;0.0;0.0;0.0;0.0;0.0;0.05987174333031859;0.059870016720053716;0.05987018977925919;-0.17961194235430847;0.0;0.0;0.0;0.0;0.0;94.81392295426198;118.1845943815186;40.30372507520767;154.6477884788517;-6.489623150405092
648.0;0.0;3.4664166966519704e-10;0.0;2.105988964872103e-8;0.0;0.0;0.0;0.0;0.0;0.0;0.05987174333031859;0.059870016720053716;0.05987018977925919;-0.17961194235430847;0.0;0.0;0.0;0.0;0.0;94.81392295426198;118.1845943815186;40.30372507520767;154.6477884788517;-6.489623150405092
649.0;0.0;-1.3789676067320393e-9;0.0;2.105988964872103e-8;0.0;0.0;0.0;0.0;0.0;0.0;0.21049778095703658;0.0075840712382719815;0.20916361493962518;-0.42724546432490035;0.0;0.0;0.0;0.0;0.0;94.81392295426198;118.1845943815186;40.30372507520767;154.6477884788517;-6.489623150405092
650.0;0.0;-1.3789676067320393e-9;0.0;2.105988964872103e-8;0.0;0.0;0.0;0.0;0.0;0.0;0.21049778095703658;0.0075840712382719815;0.20916361493962518;-0.42724546432490035;0.0;0.0;0.0;0.0;0.0;94.81392295426198;118.1845943815186;40.30372507520767;154.6477884788517;-6.489623150405092
651.0;0.0;-1.3789676067320393e-9;0.0;2.105988964872103e-8;0.0;0.0;0.0;0.0;0.0;0.0;0.21049778095703658;0.0075840712382719815;0.20916361493962518;-0.42724546432490035;0.0;0.0;0.0;0.0;0.0;94.81392295426198;118.1845943815186;40.30372507520767;154.6477884788517;-6.489623150405092
652.0;0.0;-1.3789676067320393e-9;0.0;2.105988964872103e-8;0.0;0.0;0.0;0.0;0.0;0.0;0.21049778095703658;0.0075840712382719815;0.20916361493962518;-0.42724546432490035;0.0;0.0;0.0;0.0;0.0;94.81392295426198;118.1845943815186;40.30372507520767;154.6477884788517;-6.489623150405092
653.0;0.0;-1.3789676067320393e-9;0.0;2.105988964872103e-8;0.0;0.0;0.0;0.0;0.0;0.0;0.21049778095703658;0.0075840712382719815;0.20916361493962518;-0.42724546432490035;0.0;0.0;0.0;0.0;0.0;94.81392295426198;118.1845943815186;40.30372507520767;154.6477884788517;-6.489623150405092
654.0;0.0;-1.3789676067320393e-9;0.0;2.105988964872103e-8;0.0;0.0;0.0;0.0;0.0;0.0;0.21049778095703658;0.0075840712382719815;0.20916361493962518;-0.42724546432490035;0.0;0.0;0.0;0.0;0.0;94.81392295426198;118.1845943815186;40.30372507520767;154.6477884788517;-6.489623150405092
655.0;0.0;-1.3789676067320393e-9;0.0;2.105988964872103e-8;0.0;0.0;0.0;0.0;0.0;0.0;0.21049778095703658;0.0075840712382719815;0.20916361493962518;-0.42724546432490035;0.0;0.0;0.0;0.0;0.0;94.81392295426198;118.1845943815186;40.30372507520767;154.6477884788517;-6.489623150405092
656.0;0.0;-1.3789676067320393e-9;0.0;2.105988964872103e-8;0.0;0.0;0.0;0.0;0.0;0.0;0.21049778095703658;0.0075840712382719815;0.20916361493962518;-0.42724546432490035;0.0;0.0;0.0;0.0;0.0;94.81392295426198;118.1845943815186;40.30372507520767;154.6477884788517;-6.489623150405092
657.0;0.0;-1.3789676067320393e-9;0.0;2.105988964872103e-8;0.0;0.0;0.0;0.0;0.0;0.0;0.21049778095703658;0.0075840712382719815;0.20916361493962518;-0.42724546432490035;0.0;0.0;0.0;0.0;0.0;94.81392295426198;118.1845943815186;40.30372507520767;154.6477884788517;-6.489623150405092
658.0;0.0;-1.3789676067320393e-9;0.0;2.105988964872103e-8;0.0;0.0;0.0;0.0;0.0;0.0;0.21049778095703658;0.0075840712382719815;0.20916361493962518;-0.42724546432490035;0.0;0.0;0.0;0.0;0.0;94.81392295426198;118.1845943815186;40.30372507520767;154.6477884788517;-6.489623150405092
659.0;0.0;-1.3789676067320393e-9;0.0;2.105988964872103e-8;0.0;0.0;0.0;0.0;0.0;0.0;0.21049778095703658;0.0075840712382719815;0.20916361493962518;-0.42724546432490035;0.0;0.0;0.0;0.0;0.0;94.81392295426198;118.1845943815186;40.30372507520767;154.6477884788517;-6.489623150405092
660.0;0.0;-1.3789676067320393e-9;0.0;2.105988964872103e-8;0.0;0.0;0.0;0.0;0.0;0.0;0.21049778095703658;0.0075840712382719815;0.20916361493962518;-0.42724546432490035;0.0;0.0;0.0;0.0;0.0;94.81392295426198;118.1845943815186;40.30372507520767;154.6477884788517;-6.489623150405092
661.0;0.0;-1.3789676067320393e-9;0.0;2.105988964872103e-8;0.0;0.0;0.0;0.0;0.0;0.0;0.21049778095703658;0.0075840712382719815;0.20916361493962518;-0.42724546432490035;0.0;0.0;0.0;0.0;0.0;94.81392295426198;118.1845943815186;40.30372507520767;154.6477884788517;-6.489623150405092
662.0;0.0;-1.3789676067320393e-9;0.0;2.105988964872103e-8;0.0;0.0;0.0;0.0;0.0;0.0;0.21049778095703658;0.0075840712382719815;0.20916361493962518;-0.42724546432490035;0.0;0.0;0.0;0.0;0.0;94.81392295426198;118.1845943815186;40.30372507520767;154.6477884788517;-6.489623150405092
663.0;0.0;-1.3789676067320393e-9;0.0;2.105988964872103e-8;0.0;0.0;0.0;0.0;0.0;0.0;0.21049778095703658;0.0075840712382719815;0.20916361493962518;-0.42724546432490035;0.0;0.0;0.0;0.0;0.0;94.81392295426198;118.1845943815186;40.30372507520767;154.6477884788517;-6.489623150405092
664.0;0.0;-1.3789676067320393e-9;0.0;2.105988964872103e-8;0.0;0.0;0.0;0.0;0.0;0.0;0.21049778095703658;0.0075840712382719815;0.20916361493962518;-0.42724546432490035;0.0;0.0;0.0;0.0;0.0;94.81392295426198;118.1845943815186;40.30372507520767;154.6477884788517;-6.489623150405092
665.0;0.0;-1.3789676067320393e-9;0.0;2.105988964872103e-8;0.0;0.0;0.0;0.0;0.0;0.0;0.21049778095703658;0.0075840712382719815;0.20916361493962518;-0.42724546432490035;0.0;0.0;0.0;0.0;0.0;94.81392295426198;118.1845943815186;40.30372507520767;154.6477884788517;-6.489623150405092
666.0;0.0;-1.3789676067320393e-9;0.0;2.105988964872103e-8;0.0;0.0;0.0;0.0;0.0;0.0;0.21049778095703658;0.0075840712382719815;0.20916361493962518;-0.42724546432490035;0.0;0.0;0.0;0.0;0.0;94.81392295426198;118.1845943815186;40.30372507520767;154.6477884788517;-6.489623150405092
667.0;0.0;-1.3789676067320393e-9;0.0;2.105988964872103e-8;0.0;0.0;0.0;0.0;0.0;0.0;0.21049778095703658;0.0075840712382719815;0.20916361493962518;-0.42724546432490035;0.0;0.0;0.0;0.0;0.0;94.81392295426198;118.1845943815186;40.30372507520767;154.6477884788517;-6.489623150405092
668.0;0.0;-1.3789676067320393e-9;0.0;2.105988964872103e-8;0.0;0.0;0.0;0.0;0.0;0.0;0.21049778095703658;0.0075840712382719815;0.20916361493962518;-0.42724546432490035;0.0;0.0;0.0;0.0;0.0;94.81392295426198;118.1845943815186;40.30372507520767;154.6477884788517;-6.489623150405092
669.0;0.0;-1.3789676067320393e-9;0.0;2.105988964872103e-8;0.0;0.0;0.0;0.0;0.0;0.0;0.21049778095703658;0.0075840712382719815;0.20916361493962518;-0.42724546432490035;0.0;0.0;0.0;0.0;0.0;94.81392295426198;118.1845943815186;40.30372507520767;154.6477884788517;-6.489623150405092
670.0;0.0;-1.3789676067320393e-9;0.0;2.105988964872103e-8;0.0;0.0;0.0;0.0;0.0;0.0;0.21049778095703658;0.0075840712382719815;0.20916361493962518;-0.42724546432490035;0.0;0.0;0.0;0.0;0.0;94.81392295426198;118.1845943815186;40.30372507520767;154.6477884788517;-6.489623150405092
671.0;0.0;-1.3789676067320393e-9;0.0;2.105988964872103e-8;0.0;0.0;0.0;0.0;0.0;0.0;0.21049778095703658;0.0075840712382719815;0.20916361493962518;-0.42724546432490035;0.0;0.0;0.0;0.0;0.0;94.81392295426198;118.1845943815186;40.30372507520767;154.6477884788517;-6.489623150405092
672.0;0.0;-1.3789676067320393e-9;0.0;2.105988964872103e-8;0.0;0.0;0.0;0.0;0.0;0.0;0.21049778095703658;0.0075840712382719815;0.20916361493962518;-0.42724546432490035;0.0;0.0;0.0;0.0;0.0;94.81392295426198;118.1845943815186;40.30372507520767;154.6477884788517;-6.489623150405092
673.0;0.0;4.0328930572094236e-10;0.0;2.105988964872103e-8;0.0;0.0;0.0;0.0;0.0;0.0;0.14504679731007292;0.039651521849685484;0.14504674444148924;-0.3297450590651033;0.0;0.0;0.0;0.0;0.0;94.81392295426198;118.1845943815186;40.30372507520767;154.6477884788517;-6.489623150405092
674.0;0.0;4.0328930572094236e-10;0.0;2.105988964872103e-8;0.0;0.0;0.0;0.0;0.0;0.0;0.14504679731007292;0.039651521849685484;0.14504674444148924;-0.3297450590651033;0.0;0.0;0.0;0.0;0.0;94.81392295426198;118.1845943815186;40.30372507520767;154.6477884788517;-6.489623150405092
675.0;0.0;4.0328930572094236e-10;0.0;2.105988964872103e-8;0.0;0.0;0.0;0.0;0.0;0.0;0.14504679731007292;0.039651521849685484;0.14504674444148924;-0.3297450590651033;0.0;0.0;0.0;0.0;0.0;94.81392295426198;118.1845943815186;40.30372507520767;154.6477884788517;-6.489623150405092
676.0;0.0;4.0328930572094236e-10;0.0;2.105988964872103e-8;0.0;0.0;0.0;0.0;0.0;0.0;0.14504679731007292;0.039651521849685484;0.14504674444148924;-0.3297450590651033;0.0;0.0;0.0;0.0;0.0;94.81392295426198;118.1845943815186;40.30372507520767;154.6477884788517;-6.489623150405092
677.0;0.0;4.0328930572094236e-10;0.0;2.105988964872103e-8;0.0;0.0;0.0;0.0;0.0;0.0;0.14504679731007292;0.039651521849685484;0.14504674444148924;-0.3297450590651033;0.0;0.0;0.0;0.0;0.0;94.81392295426198;118.1845943815186;40.30372507520767;154.6477884788517;-6.489623150405092
678.0;0.0;4.0328930572094236e-10;0.0;2.105988964872103e-8;0.0;0.0;0.0;0.0;0.0;0.0;0.14504679731007292;0.039651521849685484;0.14504674444148924;-0.3297450590651033;0.0;0.0;0.0;0.0;0.0;94.81392295426198;118.1845943815186;40.30372507520767;154.6477884788517;-6.489623150405092
679.0;0.0;4.0328930572094236e-10;0.0;2.105988964872103e-8;0.0;0.0;0.0;0.0;0.0;0.0;0.14504679731007292;0.039651521849685484;0.14504674444148924;-0.3297450590651033;0.0;0.0;0.0;0.0;0.0;94.81392295426198;118.1845943815186;40.30372507520767;154.6477884788517;-6.489623150405092
680.0;0.0;4.0328930572094236e-10;0.0;2.105988964872103e-8;0.0;0.0;0.0;0.0;0.0;0.0;0.14504679731007292;0.039651521849685484;0.14504674444148924;-0.3297450590651033;0.0;0.0;0.0;0.0;0.0;94.81392295426198;118.1845943815186;40.30372507520767;154.6477884788517;-6.489623150405092
681.0;0.0;4.0328930572094236e-10;0.0;2.105988964872103e-8;0.0;0.0;0.0;0.0;0.0;0.0;0.14504679731007292;0.039651521849685484;0.14504674444148924;-0.3297450590651033;0.0;0.0;0.0;0.0;0.0;94.81392295426198;118.1845943815186;40.30372507520767;154.6477884788517;-6.489623150405092
682.0;0.0;4.0328930572094236e-10;0.0;2.105988964872103e-8;0.0;0.0;0.0;0.0;0.0;0.0;0.14504679731007292;0.039651521849685484;0.14504674444148924;-0.3297450590651033;0.0;0.0;0.0;0.0;0.0;94.81392295426198;118.1845943815186;40.30372507520767;154.6477884788517;-6.489623150405092
683.0;0.0;4.0328930572094236e-10;0.0;2.105988964872103e-8;0.0;0.0;0.0;0.0;0.0;0.0;0.14504679731007292;0.039651521849685484;0.14504674444148924;-0.3297450590651033;0.0;0.0;0.0;0.0;0.0;94.81392295426198;118.1845943815186;40.30372507520767;154.6477884788517;-6.489623150405092
684.0;0.0;4.0328930572094236e-10;0.0;2.105988964872103e-8;0.0;0.0;0.0;0.0;0.0;0.0;0.14504679731007292;0.039651521849685484;0.14504674444148924;-0.3297450590651033;0.0;0.0;0.0;0.0;0.0;94.81392295426198;118.1845943815186;40.30372507520767;154.6477884788517;-6.489623150405092
685.0;0.0;4.0328930572094236e-10;0.0;2.105988964872103e-8;0.0;0.0;0.0;0.0;0.0;0.0;0.14504679731007292;0.039651521849685484;0.14504674444148924;-0.3297450590651033;0.0;0.0;0.0;0.0;0.0;94.81392295426198;118.1845943815186;40.30372507520767;154.6477884788517;-6.489623150405092
686.0;0.0;4.0328930572094236e-10;0.0;2.105988964872103e-8;0.0;0.0;0.0;0.0;0.0;0.0;0.14504679731007292;0.039651521849685484;0.14504674444148924;-0.3297450590651033;0.0;0.0;0.0;0.0;0.0;94.81392295426198;118.1845943815186;40.30372507520767;154.6477884788517;-6.489623150405092
687.0;0.0;4.0328930572094236e-10;0.0;2.105988964872103e-8;0.0;0.0;0.0;0.0;0.0;0.0;0.14504679731007292;0.039651521849685484;0.14504674444148924;-0.3297450590651033;0.0;0.0;0.0;0.0;0.0;94.81392295426198;118.1845943815186;40.30372507520767;154.6477884788517;-6.489623150405092
688.0;0.0;4.0328930572094236e-10;0.0;2.105988964872103e-8;0.0;0.0;0.0;0.0;0.0;0.0;0.14504679731007292;0.039651521849685484;0.14504674444148924;-0.3297450590651033;0.0;0.0;0.0;0.0;0.0;94.81392295426198;118.1845943815186;40.30372507520767;154.6477884788517;-6.489623150405092
689.0;0.0;4.0328930572094236e-10;0.0;2.105988964872103e-8;0.0;0.0;0.0;0.0;0.0;0.0;0.14504679731007292;0.039651521849685484;0.14504674444148924;-0.3297450590651033;0.0;0.0;0.0;0.0;0.0;94.81392295426198;118.1845943815186;40.30372507520767;154.6477884788517;-6.489623150405092
690.0;0.0;4.0328930572094236e-10;0.0;2.105988964872103e-8;0.0;0.0;0.0;0.0;0.0;0.0;0.14504679731007292;0.039651521849685484;0.14504674444148924;-0.3297450590651033;0.0;0.0;0.0;0.0;0.0;94.81392295426198;118.1845943815186;40.30372507520767;154.6477884788517;-6.489623150405092
691.0;0.0;4.0328930572094236e-10;0.0;2.105988964872103e-8;0.0;0.0;0.0;0.0;0.0;0.0;0.14504679731007292;0.039651521849685484;0.14504674444148924;-0.3297450590651033;0.0;0.0;0.0;0.0;0.0;94.81392295426198;118.1845943815186;40.30372507520767;154.6477884788517;-6.489623150405092
692.0;0.0;4.0328930572094236e-10;0.0;2.105988964872103e-8;0.0;0.0;0.0;0.0;0.0;0.0;0.14504679731007292;0.039651521849685484;0.14504674444148924;-0.3297450590651033;0.0;0.0;0.0;0.0;0.0;94.81392295426198;118.1845943815186;40.30372507520767;154.6477884788517;-6.489623150405092
693.0;0.0;4.0328930572094236e-10;0.0;2.105988964872103e-8;0.0;0.0;0.0;0.0;0.0;0.0;0.14504679731007292;0.039651521849685484;0.14504674444148924;-0.3297450590651033;0.0;0.0;0.0;0.0;0.0;94.81392295426198;118.1845943815186;40.30372507520767;154.6477884788517;-6.489623150405092
694.0;0.0;4.0328930572094236e-10;0.0;2.105988964872103e-8;0.0;0.0;0.0;0.0;0.0;0.0;0.14504679731007292;0.039651521849685484;0.14504674444148924;-0.3297450590651033;0.0;0.0;0.0;0.0;0.0;94.81392295426198;118.1845943815186;40.30372507520767;154.6477884788517;-6.489623150405092
695.0;0.0;4.0328930572094236e-10;0.0;2.105988964872103e-8;0.0;0.0;0.0;0.0;0.0;0.0;0.14504679731007292;0.039651521849685484;0.14504674444148924;-0.3297450590651033;0.0;0.0;0.0;0.0;0.0;94.81392295426198;118.1845943815186;40.30372507520767;154.6477884788517;-6.489623150405092
696.0;0.0;4.0328930572094236e-10;0.0;2.105988964872103e-8;0.0;0.0;0.0;0.0;0.0;0.0;0.14504679731007292;0.039651521849685484;0.14504674444148924;-0.3297450590651033;0.0;0.0;0.0;0.0;0.0;94.81392295426198;118.1845943815186;40.30372507520767;154.6477884788517;-6.489623150405092
697.0;0.0;-2.0644513383023786e-8;0.0;2.105988964872103e-8;0.0;0.0;0.0;0.0;0.0;0.0;0.00913853963551004;0.009015993810407618;0.010436238780922221;-0.028590753741195206;0.0;0.0;0.0;0.0;0.0;94.81392295426198;118.1845943815186;40.30372507520767;154.6477884788517;-6.489623150405092
698.0;0.0;-2.0644513383023786e-8;0.0;2.105988964872103e-8;0.0;0.0;0.0;0.0;0.0;0.0;0.00913853963551004;0.009015993810407618;0.010436238780922221;-0.028590753741195206;0.0;0.0;0.0;0.0;0.0;94.81392295426198;118.1845943815186;40.30372507520767;154.6477884788517;-6.489623150405092
699.0;0.0;-2.0644513383023786e-8;0.0;2.105988964872103e-8;0.0;0.0;0.0;0.0;0.0;0.0;0.00913853963551004;0.009015993810407618;0.010436238780922221;-0.028590753741195206;0.0;0.0;0.0;0.0;0.0;94.81392295426198;118.1845943815186;40.30372507520767;154.6477884788517;-6.489623150405092
700.0;0.0;-2.0644513383023786e-8;0.0;2.105988964872103e-8;0.0;0.0;0.0;0.0;0.0;0.0;0.00913853963551004;0.009015993810407618;0.010436238780922221;-0.028590753741195206;0.0;0.0;0.0;0.0;0.0;94.81392295426198;118.1845943815186;40.30372507520767;154.6477884788517;-6.489623150405092
701.0;0.0;-2.0644513383023786e-8;0.0;2.105988964872103e-8;0.0;0.0;0.0;0.0;0.0;0.0;0.00913853963551004;0.009015993810407618;0.010436238780922221;-0.028590753741195206;0.0;0.0;0.0;0.0;0.0;94.81392295426198;118.1845943815186;40.30372507520767;154.6477884788517;-6.489623150405092
702.0;0.0;-2.0644513383023786e-8;0.0;2.105988964872103e-8;0.0;0.0;0.0;0.0;0.0;0.0;0.00913853963551004;0.009015993810407618;0.010436238780922221;-0.028590753741195206;0.0;0.0;0.0;0.0;0.0;94.81392295426198;118.1845943815186;40.30372507520767;154.6477884788517;-6.489623150405092
703.0;0.0;-2.0644513383023786e-8;0.0;2.105988964872103e-8;0.0;0.0;0.0;0.0;0.0;0.0;0.00913853963551004;0.009015993810407618;0.010436238780922221;-0.028590753741195206;0.0;0.0;0.0;0.0;0.0;94.81392295426198;118.1845943815186;40.30372507520767;154.6477884788517;-6.489623150405092
704.0;0.0;-2.0644513383023786e-8;0.0;2.105988964872103e-8;0.0;0.0;0.0;0.0;0.0;0.0;0.00913853963551004;0.009015993810407618;0.010436238780922221;-0.028590753741195206;0.0;0.0;0.0;0.0;0.0;94.81392295426198;118.1845943815186;40.30372507520767;154.6477884788517;-6.489623150405092
705.0;0.0;-2.0644513383023786e-8;0.0;2.105988964872103e-8;0.0;0.0;0.0;0.0;0.0;0.0;0.00913853963551004;0.009015993810407618;0.010436238780922221;-0.028590753741195206;0.0;0.0;0.0;0.0;0.0;94.81392295426198;118.1845943815186;40.30372507520767;154.6477884788517;-6.489623150405092
706.0;0.0;-2.0644513383023786e-8;0.0;2.105988964872103e-8;0.0;0.0;0.0;0.0;0.0;0.0;0.00913853963551004;0.009015993810407618;0.010436238780922221;-0.028590753741195206;0.0;0.0;0.0;0.0;0.0;94.81392295426198;118.1845943815186;40.30372507520767;154.6477884788517;-6.489623150405092
707.0;0.0;-2.0644513383023786e-8;0.0;2.105988964872103e-8;0.0;0.0;0.0;0.0;0.0;0.0;0.00913853963551004;0.009015993810407618;0.010436238780922221;-0.028590753741195206;0.0;0.0;0.0;0.0;0.0;94.81392295426198;118.1845943815186;40.30372507520767;154.6477884788517;-6.489623150405092
708.0;0.0;-2.0644513383023786e-8;0.0;2.105988964872103e-8;0.0;0.0;0.0;0.0;0.0;0.0;0.00913853963551004;0.009015993810407618;0.010436238780922221;-0.028590753741195206;0.0;0.0;0.0;0.0;0.0;94.81392295426198;118.1845943815186;40.30372507520767;154.6477884788517;-6.489623150405092
709.0;0.0;-2.0644513383023786e-8;0.0;2.105988964872103e-8;0.0;0.0;0.0;0.0;0.0;0.0;0.00913853963551004;0.009015993810407618;0.010436238780922221;-0.028590753741195206;0.0;0.0;0.0;0.0;0.0;94.81392295426198;118.1845943815186;40.30372507520767;154.6477884788517;-6.489623150405092
710.0;0.0;-2.0644513383023786e-8;0.0;2.105988964872103e-8;0.0;0.0;0.0;0.0;0.0;0.0;0.00913853963551004;0.009015993810407618;0.010436238780922221;-0.028590753741195206;0.0;0.0;0.0;0.0;0.0;94.81392295426198;118.1845943815186;40.30372507520767;154.6477884788517;-6.489623150405092
711.0;0.0;-2.0644513383023786e-8;0.0;2.105988964872103e-8;0.0;0.0;0.0;0.0;0.0;0.0;0.00913853963551004;0.009015993810407618;0.010436238780922221;-0.028590753741195206;0.0;0.0;0.0;0.0;0.0;94.81392295426198;118.1845943815186;40.30372507520767;154.6477884788517;-6.489623150405092
712.0;0.0;-2.0644513383023786e-8;0.0;2.105988964872103e-8;0.0;0.0;0.0;0.0;0.0;0.0;0.00913853963551004;0.009015993810407618;0.010436238780922221;-0.028590753741195206;0.0;0.0;0.0;0.0;0.0;94.81392295426198;118.1845943815186;40.30372507520767;154.6477884788517;-6.489623150405092
713.0;0.0;-2.0644513383023786e-8;0.0;2.105988964872103e-8;0.0;0.0;0.0;0.0;0.0;0.0;0.00913853963551004;0.009015993810407618;0.010436238780922221;-0.028590753741195206;0.0;0.0;0.0;0.0;0.0;94.81392295426198;118.1845943815186;40.30372507520767;154.6477884788517;-6.489623150405092
714.0;0.0;-2.0644513383023786e-8;0.0;2.105988964872103e-8;0.0;0.0;0.0;0.0;0.0;0.0;0.00913853963551004;0.009015993810407618;0.010436238780922221;-0.028590753741195206;0.0;0.0;0.0;0.0;0.0;94.81392295426198;118.1845943815186;40.30372507520767;154.6477884788517;-6.489623150405092
715.0;0.0;-2.0644513383023786e-8;0.0;2.105988964872103e-8;0.0;0.0;0.0;0.0;0.0;0.0;0.00913853963551004;0.009015993810407618;0.010436238780922221;-0.028590753741195206;0.0;0.0;0.0;0.0;0.0;94.81392295426198;118.1845943815186;40.30372507520767;154.6477884788517;-6.489623150405092
716.0;0.0;-2.0644513383023786e-8;0.0;2.105988964872103e-8;0.0;0.0;0.0;0.0;0.0;0.0;0.00913853963551004;0.009015993810407618;0.010436238780922221;-0.028590753741195206;0.0;0.0;0.0;0.0;0.0;94.81392295426198;118.1845943815186;40.30372507520767;154.6477884788517;-6.489623150405092
717.0;0.0;-2.0644513383023786e-8;0.0;2.105988964872103e-8;0.0;0.0;0.0;0.0;0.0;0.0;0.00913853963551004;0.009015993810407618;0.010436238780922221;-0.028590753741195206;0.0;0.0;0.0;0.0;0.0;94.81392295426198;118.1845943815186;40.30372507520767;154.6477884788517;-6.489623150405092
718.0;0.0;-2.0644513383023786e-8;0.0;2.105988964872103e-8;0.0;0.0;0.0;0.0;0.0;0.0;0.00913853963551004;0.009015993810407618;0.010436238780922221;-0.028590753741195206;0.0;0.0;0.0;0.0;0.0;94.81392295426198;118.1845943815186;40.30372507520767;154.6477884788517;-6.489623150405092
719.0;0.0;-2.0644513383023786e-8;0.0;2.105988964872103e-8;0.0;0.0;0.0;0.0;0.0;0.0;0.00913853963551004;0.009015993810407618;0.010436238780922221;-0.028590753741195206;0.0;0.0;0.0;0.0;0.0;94.81392295426198;118.1845943815186;40.30372507520767;154.6477884788517;-6.489623150405092
720.0;0.0;-2.0644513383023786e-8;0.0;2.105988964872103e-8;0.0;0.0;0.0;0.0;0.0;0.0;0.00913853963551004;0.009015993810407618;0.010436238780922221;-0.028590753741195206;0.0;0.0;0.0;0.0;0.0;94.81392295426198;118.1845943815186;40.30372507520767;154.6477884788517;-6.489623150405092
721.0;0.0;2.2206747159386474e-10;0.0;2.105988964872103e-8;0.0;0.0;0.0;0.0;0.0;0.0;0.12017665267596958;0.1201759691281375;0.1201775119319596;-0.36053012992518085;0.0;0.0;0.0;0.0;0.0;94.81392295426198;118.1845943815186;40.30372507520767;154.6477884788517;-6.489623150405092
722.0;0.0;2.2206747159386474e-10;0.0;2.105988964872103e-8;0.0;0.0;0.0;0.0;0.0;0.0;0.12017665267596958;0.1201759691281375;0.1201775119319596;-0.36053012992518085;0.0;0.0;0.0;0.0;0.0;94.81392295426198;118.1845943815186;40.30372507520767;154.6477884788517;-6.489623150405092
723.0;0.0;2.2206747159386474e-10;0.0;2.105988964872103e-8;0.0;0.0;0.0;0.0;0.0;0.0;0.12017665267596958;0.1201759691281375;0.1201775119319596;-0.36053012992518085;0.0;0.0;0.0;0.0;0.0;94.81392295426198;118.1845943815186;40.30372507520767;154.6477884788517;-6.489623150405092
724.0;0.0;2.2206747159386474e-10;0.0;2.105988964872103e-8;0.0;0.0;0.0;0.0;0.0;0.0;0.12017665267596958;0.1201759691281375;0.1201775119319596;-0.36053012992518085;0.0;0.0;0.0;0.0;0.0;94.81392295426198;118.1845943815186;40.30372507520767;154.6477884788517;-6.489623150405092
725.0;0.0;2.2206747159386474e-10;0.0;2.105988964872103e-8;0.0;0.0;0.0;0.0;0.0;0.0;0.12017665267596958;0.1201759691281375;0.1201775119319596;-0.36053012992518085;0.0;0.0;0.0;0.0;0.0;94.81392295426198;118.1845943815186;40.30372507520767;154.6477884788517;-6.489623150405092
726.0;0.0;2.2206747159386474e-10;0.0;2.105988964872103e-8;0.0;0.0;0.0;0.0;0.0;0.0;0.12017665267596958;0.1201759691281375;0.1201775119319596;-0.36053012992518085;0.0;0.0;0.0;0.0;0.0;94.81392295426198;118.1845943815186;40.30372507520767;154.6477884788517;-6.489623150405092
727.0;0.0;2.2206747159386474e-10;0.0;2.105988964872103e-8;0.0;0.0;0.0;0.0;0.0;0.0;0.12017665267596958;0.1201759691281375;0.1201775119319596;-0.36053012992518085;0.0;0.0;0.0;0.0;0.0;94.81392295426198;118.1845943815186;40.30372507520767;154.6477884788517;-6.489623150405092
728.0;0.0;2.2206747159386474e-10;0.0;2.105988964872103e-8;0.0;0.0;0.0;0.0;0.0;0.0;0.12017665267596958;0.1201759691281375;0.1201775119319596;-0.36053012992518085;0.0;0.0;0.0;0.0;0.0;94.81392295426198;118.1845943815186;40.30372507520767;154.6477884788517;-6.489623150405092
729.0;0.0;2.2206747159386474e-10;0.0;2.105988964872103e-8;0.0;0.0;0.0;0.0;0.0;0.0;0.12017665267596958;0.1201759691281375;0.1201775119319596;-0.36053012992518085;0.0;0.0;0.0;0.0;0.0;94.81392295426198;118.1845943815186;40.30372507520767;154.6477884788517;-6.489623150405092
730.0;0.0;2.2206747159386474e-10;0.0;2.105988964872103e-8;0.0;0.0;0.0;0.0;0.0;0.0;0.12017665267596958;0.1201759691281375;0.1201775119319596;-0.36053012992518085;0.0;0.0;0.0;0.0;0.0;94.81392295426198;118.1845943815186;40.30372507520767;154.6477884788517;-6.489623150405092
731.0;0.0;2.2206747159386474e-10;0.0;2.105988964872103e-8;0.0;0.0;0.0;0.0;0.0;0.0;0.12017665267596958;0.1201759691281375;0.1201775119319596;-0.36053012992518085;0.0;0.0;0.0;0.0;0.0;94.81392295426198;118.1845943815186;40.30372507520767;154.6477884788517;-6.489623150405092
732.0;0.0;2.2206747159386474e-10;0.0;2.105988964872103e-8;0.0;0.0;0.0;0.0;0.0;0.0;0.12017665267596958;0.1201759691281375;0.1201775119319596;-0.36053012992518085;0.0;0.0;0.0;0.0;0.0;94.81392295426198;118.1845943815186;40.30372507520767;154.6477884788517;-6.489623150405092
733.0;0.0;2.2206747159386474e-10;0.0;2.105988964872103e-8;0.0;0.0;0.0;0.0;0.0;0.0;0.12017665267596958;0.1201759691281375;0.1201775119319596;-0.36053012992518085;0.0;0.0;0.0;0.0;0.0;94.81392295426198;118.1845943815186;40.30372507520767;154.6477884788517;-6.489623150405092
734.0;0.0;2.2206747159386474e-10;0.0;2.105988964872103e-8;0.0;0.0;0.0;0.0;0.0;0.0;0.12017665267596958;0.1201759691281375;0.1201775119319596;-0.36053012992518085;0.0;0.0;0.0;0.0;0.0;94.81392295426198;118.1845943815186;40.30372507520767;154.6477884788517;-6.489623150405092
735.0;0.0;2.2206747159386474e-10;0.0;2.105988964872103e-8;0.0;0.0;0.0;0.0;0.0;0.0;0.12017665267596958;0.1201759691281375;0.1201775119319596;-0.36053012992518085;0.0;0.0;0.0;0.0;0.0;94.81392295426198;118.1845943815186;40.30372507520767;154.6477884788517;-6.489623150405092
736.0;0.0;2.2206747159386474e-10;0.0;2.105988964872103e-8;0.0;0.0;0.0;0.0;0.0;0.0;0.12017665267596958;0.1201759691281375;0.1201775119319596;-0.36053012992518085;0.0;0.0;0.0;0.0;0.0;94.81392295426198;118.1845943815186;40.30372507520767;154.6477884788517;-6.489623150405092
737.0;0.0;2.2206747159386474e-10;0.0;2.105988964872103e-8;0.0;0.0;0.0;0.0;0.0;0.0;0.12017665267596958;0.1201759691281375;0.1201775119319596;-0.36053012992518085;0.0;0.0;0.0;0.0;0.0;94.81392295426198;118.1845943815186;40.30372507520767;154.6477884788517;-6.489623150405092
738.0;0.0;2.2206747159386474e-10;0.0;2.105988964872103e-8;0.0;0.0;0.0;0.0;0.0;0.0;0.12017665267596958;0.1201759691281375;0.1201775119319596;-0.36053012992518085;0.0;0.0;0.0;0.0;0.0;94.81392295426198;118.1845943815186;40.30372507520767;154.6477884788517;-6.489623150405092
739.0;0.0;2.2206747159386474e-10;0.0;2.105988964872103e-8;0.0;0.0;0.0;0.0;0.0;0.0;0.12017665267596958;0.1201759691281375;0.1201775119319596;-0.36053012992518085;0.0;0.0;0.0;0.0;0.0;94.81392295426198;118.1845943815186;40.30372507520767;154.6477884788517;-6.489623150405092
740.0;0.0;2.2206747159386474e-10;0.0;2.105988964872103e-8;0.0;0.0;0.0;0.0;0.0;0.0;0.12017665267596958;0.1201759691281375;0.1201775119319596;-0.36053012992518085;0.0;0.0;0.0;0.0;0.0;94.81392295426198;118.1845943815186;40.30372507520767;154.6477884788517;-6.489623150405092
741.0;0.0;2.2206747159386474e-10;0.0;2.105988964872103e-8;0.0;0.0;0.0;0.0;0.0;0.0;0.12017665267596958;0.1201759691281375;0.1201775119319596;-0.36053012992518085;0.0;0.0;0.0;0.0;0.0;94.81392295426198;118.1845943815186;40.30372507520767;154.6477884788517;-6.489623150405092
742.0;0.0;2.2206747159386474e-10;0.0;2.105988964872103e-8;0.0;0.0;0.0;0.0;0.0;0.0;0.12017665267596958;0.1201759691281375;0.1201775119319596;-0.36053012992518085;0.0;0.0;0.0;0.0;0.0;94.81392295426198;118.1845943815186;40.30372507520767;154.6477884788517;-6.489623150405092
743.0;0.0;2.2206747159386474e-10;0.0;2.105988964872103e-8;0.0;0.0;0.0;0.0;0.0;0.0;0.12017665267596958;0.1201759691281375;0.1201775119319596;-0.36053012992518085;0.0;0.0;0.0;0.0;0.0;94.81392295426198;118.1845943815186;40.30372507520767;154.6477884788517;-6.489623150405092
744.0;0.0;2.2206747159386474e-10;0.0;2.105988964872103e-8;0.0;0.0;0.0;0.0;0.0;0.0;0.12017665267596958;0.1201759691281375;0.1201775119319596;-0.36053012992518085;0.0;0.0;0.0;0.0;0.0;94.81392295426198;118.1845943815186;40.30372507520767;154.6477884788517;-6.489623150405092
745.0;0.0;6.671188443845716e-10;0.0;2.105988964872103e-8;0.0;0.0;0.0;0.0;0.0;0.0;0.38441333247682064;0.13134082739999034;0.3756372557760677;-0.8913914102880357;0.0;0.0;0.0;0.0;0.0;94.81392295426198;118.1845943815186;40.30372507520767;154.6477884788517;-6.489623150405092
746.0;0.0;6.671188443845716e-10;0.0;2.105988964872103e-8;0.0;0.0;0.0;0.0;0.0;0.0;0.38441333247682064;0.13134082739999034;0.3756372557760677;-0.8913914102880357;0.0;0.0;0.0;0.0;0.0;94.81392295426198;118.1845943815186;40.30372507520767;154.6477884788517;-6.489623150405092
747.0;0.0;6.671188443845716e-10;0.0;2.105988964872103e-8;0.0;0.0;0.0;0.0;0.0;0.0;0.38441333247682064;0.13134082739999034;0.3756372557760677;-0.8913914102880357;0.0;0.0;0.0;0.0;0.0;94.81392295426198;118.1845943815186;40.30372507520767;154.6477884788517;-6.489623150405092
748.0;0.0;6.671188443845716e-10;0.0;2.105988964872103e-8;0.0;0.0;0.0;0.0;0.0;0.0;0.38441333247682064;0.13134082739999034;0.3756372557760677;-0.8913914102880357;0.0;0.0;0.0;0.0;0.0;94.81392295426198;118.1845943815186;40.30372507520767;154.6477884788517;-6.489623150405092
749.0;0.0;6.671188443845716e-10;0.0;2.105988964872103e-8;0.0;0.0;0.0;0.0;0.0;0.0;0.38441333247682064;0.13134082739999034;0.3756372557760677;-0.8913914102880357;0.0;0.0;0.0;0.0;0.0;94.81392295426198;118.1845943815186;40.30372507520767;154.6477884788517;-6.489623150405092
750.0;0.0;6.671188443845716e-10;0.0;2.105988964872103e-8;0.0;0.0;0.0;0.0;0.0;0.0;0.38441333247682064;0.13134082739999034;0.3756372557760677;-0.8913914102880357;0.0;0.0;0.0;0.0;0.0;94.81392295426198;118.1845943815186;40.30372507520767;154.6477884788517;-6.489623150405092
751.0;0.0;6.671188443845716e-10;0.0;2.105988964872103e-8;0.0;0.0;0.0;0.0;0.0;0.0;0.38441333247682064;0.13134082739999034;0.3756372557760677;-0.8913914102880357;0.0;0.0;0.0;0.0;0.0;94.81392295426198;118.1845943815186;40.30372507520767;154.6477884788517;-6.489623150405092
752.0;0.0;6.671188443845716e-10;0.0;2.105988964872103e-8;0.0;0.0;0.0;0.0;0.0;0.0;0.38441333247682064;0.13134082739999034;0.3756372557760677;-0.8913914102880357;0.0;0.0;0.0;0.0;0.0;94.81392295426198;118.1845943815186;40.30372507520767;154.6477884788517;-6.489623150405092
753.0;0.0;6.671188443845716e-10;0.0;2.105988964872103e-8;0.0;0.0;0.0;0.0;0.0;0.0;0.38441333247682064;0.13134082739999034;0.3756372557760677;-0.8913914102880357;0.0;0.0;0.0;0.0;0.0;94.81392295426198;118.1845943815186;40.30372507520767;154.6477884788517;-6.489623150405092
754.0;0.0;6.671188443845716e-10;0.0;2.105988964872103e-8;0.0;0.0;0.0;0.0;0.0;0.0;0.38441333247682064;0.13134082739999034;0.3756372557760677;-0.8913914102880357;0.0;0.0;0.0;0.0;0.0;94.81392295426198;118.1845943815186;40.30372507520767;154.6477884788517;-6.489623150405092
755.0;0.0;6.671188443845716e-10;0.0;2.105988964872103e-8;0.0;0.0;0.0;0.0;0.0;0.0;0.38441333247682064;0.13134082739999034;0.3756372557760677;-0.8913914102880357;0.0;0.0;0.0;0.0;0.0;94.81392295426198;118.1845943815186;40.30372507520767;154.6477884788517;-6.489623150405092
756.0;0.0;6.671188443845716e-10;0.0;2.105988964872103e-8;0.0;0.0;0.0;0.0;0.0;0.0;0.38441333247682064;0.13134082739999034;0.3756372557760677;-0.8913914102880357;0.0;0.0;0.0;0.0;0.0;94.81392295426198;118.1845943815186;40.30372507520767;154.6477884788517;-6.489623150405092
757.0;0.0;6.671188443845716e-10;0.0;2.105988964872103e-8;0.0;0.0;0.0;0.0;0.0;0.0;0.38441333247682064;0.13134082739999034;0.3756372557760677;-0.8913914102880357;0.0;0.0;0.0;0.0;0.0;94.81392295426198;118.1845943815186;40.30372507520767;154.6477884788517;-6.489623150405092
758.0;0.0;6.671188443845716e-10;0.0;2.105988964872103e-8;0.0;0.0;0.0;0.0;0.0;0.0;0.38441333247682064;0.13134082739999034;0.3756372557760677;-0.8913914102880357;0.0;0.0;0.0;0.0;0.0;94.81392295426198;118.1845943815186;40.30372507520767;154.6477884788517;-6.489623150405092
759.0;0.0;6.671188443845716e-10;0.0;2.105988964872103e-8;0.0;0.0;0.0;0.0;0.0;0.0;0.38441333247682064;0.13134082739999034;0.3756372557760677;-0.8913914102880357;0.0;0.0;0.0;0.0;0.0;94.81392295426198;118.1845943815186;40.30372507520767;154.6477884788517;-6.489623150405092
760.0;0.0;6.671188443845716e-10;0.0;2.105988964872103e-8;0.0;0.0;0.0;0.0;0.0;0.0;0.38441333247682064;0.13134082739999034;0.3756372557760677;-0.8913914102880357;0.0;0.0;0.0;0.0;0.0;94.81392295426198;118.1845943815186;40.30372507520767;154.6477884788517;-6.489623150405092
761.0;0.0;6.671188443845716e-10;0.0;2.105988964872103e-8;0.0;0.0;0.0;0.0;0.0;0.0;0.38441333247682064;0.13134082739999034;0.3756372557760677;-0.8913914102880357;0.0;0.0;0.0;0.0;0.0;94.81392295426198;118.1845943815186;40.30372507520767;154.6477884788517;-6.489623150405092
762.0;0.0;6.671188443845716e-10;0.0;2.105988964872103e-8;0.0;0.0;0.0;0.0;0.0;0.0;0.38441333247682064;0.13134082739999034;0.3756372557760677;-0.8913914102880357;0.0;0.0;0.0;0.0;0.0;94.81392295426198;118.1845943815186;40.30372507520767;154.6477884788517;-6.489623150405092
763.0;0.0;6.671188443845716e-10;0.0;2.105988964872103e-8;0.0;0.0;0.0;0.0;0.0;0.0;0.38441333247682064;0.13134082739999034;0.3756372557760677;-0.8913914102880357;0.0;0.0;0.0;0.0;0.0;94.81392295426198;118.1845943815186;40.30372507520767;154.6477884788517;-6.489623150405092
764.0;0.0;6.671188443845716e-10;0.0;2.105988964872103e-8;0.0;0.0;0.0;0.0;0.0;0.0;0.38441333247682064;0.13134082739999034;0.3756372557760677;-0.8913914102880357;0.0;0.0;0.0;0.0;0.0;94.81392295426198;118.1845943815186;40.30372507520767;154.6477884788517;-6.489623150405092
765.0;0.0;6.671188443845716e-10;0.0;2.105988964872103e-8;0.0;0.0;0.0;0.0;0.0;0.0;0.38441333247682064;0.13134082739999034;0.3756372557760677;-0.8913914102880357;0.0;0.0;0.0;0.0;0.0;94.81392295426198;118.1845943815186;40.30372507520767;154.6477884788517;-6.489623150405092
766.0;0.0;6.671188443845716e-10;0.0;2.105988964872103e-8;0.0;0.0;0.0;0.0;0.0;0.0;0.38441333247682064;0.13134082739999034;0.3756372557760677;-0.8913914102880357;0.0;0.0;0.0;0.0;0.0;94.81392295426198;118.1845943815186;40.30372507520767;154.6477884788517;-6.489623150405092
767.0;0.0;6.671188443845716e-10;0.0;2.105988964872103e-8;0.0;0.0;0.0;0.0;0.0;0.0;0.38441333247682064;0.13134082739999034;0.3756372557760677;-0.8913914102880357;0.0;0.0;0.0;0.0;0.0;94.81392295426198;118.1845943815186;40.30372507520767;154.6477884788517;-6.489623150405092
768.0;0.0;6.671188443845716e-10;0.0;2.105988964872103e-8;0.0;0.0;0.0;0.0;0.0;0.0;0.38441333247682064;0.13134082739999034;0.3756372557760677;-0.8913914102880357;0.0;0.0;0.0;0.0;0.0;94.81392295426198;118.1845943815186;40.30372507520767;154.6477884788517;-6.489623150405092
769.0;0.0;1.736164765021642e-7;0.0;2.267277594785883e-8;0.0;0.0;0.0;0.0;0.0;0.0;0.2890742315151131;0.18236075315497652;1.333211880789945;-1.8046462506340193;0.0;0.0;0.0;0.0;0.0;88.29631412319527;110.64387953547669;39.34735097811307;188.70394935144955;-12.34711473817303
770.0;0.0;1.736164765021642e-7;0.0;2.267277594785883e-8;0.0;0.0;0.0;0.0;0.0;0.0;0.2890742315151131;0.18236075315497652;1.333211880789945;-1.8046462506340193;0.0;0.0;0.0;0.0;0.0;88.29631412319527;110.64387953547669;39.34735097811307;188.70394935144955;-12.34711473817303
771.0;0.0;1.736164765021642e-7;0.0;2.267277594785883e-8;0.0;0.0;0.0;0.0;0.0;0.0;0.2890742315151131;0.18236075315497652;1.333211880789945;-1.8046462506340193;0.0;0.0;0.0;0.0;0.0;88.29631412319527;110.64387953547669;39.34735097811307;188.70394935144955;-12.34711473817303
772.0;0.0;1.736164765021642e-7;0.0;2.267277594785883e-8;0.0;0.0;0.0;0.0;0.0;0.0;0.2890742315151131;0.18236075315497652;1.333211880789945;-1.8046462506340193;0.0;0.0;0.0;0.0;0.0;88.29631412319527;110.64387953547669;39.34735097811307;188.70394935144955;-12.34711473817303
773.0;0.0;1.736164765021642e-7;0.0;2.267277594785883e-8;0.0;0.0;0.0;0.0;0.0;0.0;0.2890742315151131;0.18236075315497652;1.333211880789945;-1.8046462506340193;0.0;0.0;0.0;0.0;0.0;88.29631412319527;110.64387953547669;39.34735097811307;188.70394935144955;-12.34711473817303
774.0;0.0;1.736164765021642e-7;0.0;2.267277594785883e-8;0.0;0.0;0.0;0.0;0.0;0.0;0.2890742315151131;0.18236075315497652;1.333211880789945;-1.8046462506340193;0.0;0.0;0.0;0.0;0.0;88.29631412319527;110.64387953547669;39.34735097811307;188.70394935144955;-12.34711473817303
775.0;0.0;1.736164765021642e-7;0.0;2.267277594785883e-8;0.0;0.0;0.0;0.0;0.0;0.0;0.2890742315151131;0.18236075315497652;1.333211880789945;-1.8046462506340193;0.0;0.0;0.0;0.0;0.0;88.29631412319527;110.64387953547669;39.34735097811307;188.70394935144955;-12.34711473817303
776.0;0.0;1.736164765021642e-7;0.0;2.267277594785883e-8;0.0;0.0;0.0;0.0;0.0;0.0;0.2890742315151131;0.18236075315497652;1.333211880789945;-1.8046462506340193;0.0;0.0;0.0;0.0;0.0;88.29631412319527;110.64387953547669;39.34735097811307;188.70394935144955;-12.34711473817303
777.0;0.0;1.736164765021642e-7;0.0;2.267277594785883e-8;0.0;0.0;0.0;0.0;0.0;0.0;0.2890742315151131;0.18236075315497652;1.333211880789945;-1.8046462506340193;0.0;0.0;0.0;0.0;0.0;88.29631412319527;110.64387953547669;39.34735097811307;188.70394935144955;-12.34711473817303
778.0;0.0;1.736164765021642e-7;0.0;2.267277594785883e-8;0.0;0.0;0.0;0.0;0.0;0.0;0.2890742315151131;0.18236075315497652;1.333211880789945;-1.8046462506340193;0.0;0.0;0.0;0.0;0.0;88.29631412319527;110.64387953547669;39.34735097811307;188.70394935144955;-12.34711473817303
779.0;0.0;1.736164765021642e-7;0.0;2.267277594785883e-8;0.0;0.0;0.0;0.0;0.0;0.0;0.2890742315151131;0.18236075315497652;1.333211880789945;-1.8046462506340193;0.0;0.0;0.0;0.0;0.0;88.29631412319527;110.64387953547669;39.34735097811307;188.70394935144955;-12.34711473817303
780.0;0.0;1.736164765021642e-7;0.0;2.267277594785883e-8;0.0;0.0;0.0;0.0;0.0;0.0;0.2890742315151131;0.18236075315497652;1.333211880789945;-1.8046462506340193;0.0;0.0;0.0;0.0;0.0;88.29631412319527;110.64387953547669;39.34735097811307;188.70394935144955;-12.34711473817303
781.0;0.0;1.736164765021642e-7;0.0;2.267277594785883e-8;0.0;0.0;0.0;0.0;0.0;0.0;0.2890742315151131;0.18236075315497652;1.333211880789945;-1.8046462506340193;0.0;0.0;0.0;0.0;0.0;88.29631412319527;110.64387953547669;39.34735097811307;188.70394935144955;-12.34711473817303
782.0;0.0;1.736164765021642e-7;0.0;2.267277594785883e-8;0.0;0.0;0.0;0.0;0.0;0.0;0.2890742315151131;0.18236075315497652;1.333211880789945;-1.8046462506340193;0.0;0.0;0.0;0.0;0.0;88.29631412319527;110.64387953547669;39.34735097811307;188.70394935144955;-12.34711473817303
783.0;0.0;1.736164765021642e-7;0.0;2.267277594785883e-8;0.0;0.0;0.0;0.0;0.0;0.0;0.2890742315151131;0.18236075315497652;1.333211880789945;-1.8046462506340193;0.0;0.0;0.0;0.0;0.0;88.29631412319527;110.64387953547669;39.34735097811307;188.70394935144955;-12.34711473817303
784.0;0.0;1.736164765021642e-7;0.0;2.267277594785883e-8;0.0;0.0;0.0;0.0;0.0;0.0;0.2890742315151131;0.18236075315497652;1.333211880789945;-1.8046462506340193;0.0;0.0;0.0;0.0;0.0;88.29631412319527;110.64387953547669;39.34735097811307;188.70394935144955;-12.34711473817303
785.0;0.0;1.736164765021642e-7;0.0;2.267277594785883e-8;0.0;0.0;0.0;0.0;0.0;0.0;0.2890742315151131;0.18236075315497652;1.333211880789945;-1.8046462506340193;0.0;0.0;0.0;0.0;0.0;88.29631412319527;110.64387953547669;39.34735097811307;188.70394935144955;-12.34711473817303
786.0;0.0;1.736164765021642e-7;0.0;2.267277594785883e-8;0.0;0.0;0.0;0.0;0.0;0.0;0.2890742315151131;0.18236075315497652;1.333211880789945;-1.8046462506340193;0.0;0.0;0.0;0.0;0.0;88.29631412319527;110.64387953547669;39.34735097811307;188.70394935144955;-12.34711473817303
787.0;0.0;1.736164765021642e-7;0.0;2.267277594785883e-8;0.0;0.0;0.0;0.0;0.0;0.0;0.2890742315151131;0.18236075315497652;1.333211880789945;-1.8046462506340193;0.0;0.0;0.0;0.0;0.0;88.29631412319527;110.64387953547669;39.34735097811307;188.70394935144955;-12.34711473817303
788.0;0.0;1.736164765021642e-7;0.0;2.267277594785883e-8;0.0;0.0;0.0;0.0;0.0;0.0;0.2890742315151131;0.18236075315497652;1.333211880789945;-1.8046462506340193;0.0;0.0;0.0;0.0;0.0;88.29631412319527;110.64387953547669;39.34735097811307;188.70394935144955;-12.34711473817303
789.0;0.0;1.736164765021642e-7;0.0;2.267277594785883e-8;0.0;0.0;0.0;0.0;0.0;0.0;0.2890742315151131;0.18236075315497652;1.333211880789945;-1.8046462506340193;0.0;0.0;0.0;0.0;0.0;88.29631412319527;110.64387953547669;39.34735097811307;188.70394935144955;-12.34711473817303
790.0;0.0;1.736164765021642e-7;0.0;2.267277594785883e-8;0.0;0.0;0.0;0.0;0.0;0.0;0.2890742315151131;0.18236075315497652;1.333211880789945;-1.8046462506340193;0.0;0.0;0.0;0.0;0.0;88.29631412319527;110.64387953547669;39.34735097811307;188.70394935144955;-12.34711473817303
791.0;0.0;1.736164765021642e-7;0.0;2.267277594785883e-8;0.0;0.0;0.0;0.0;0.0;0.0;0.2890742315151131;0.18236075315497652;1.333211880789945;-1.8046462506340193;0.0;0.0;0.0;0.0;0.0;88.29631412319527;110.64387953547669;39.34735097811307;188.70394935144955;-12.34711473817303
792.0;0.0;1.736164765021642e-7;0.0;2.267277594785883e-8;0.0;0.0;0.0;0.0;0.0;0.0;0.2890742315151131;0.18236075315497652;1.333211880789945;-1.8046462506340193;0.0;0.0;0.0;0.0;0.0;88.29631412319527;110.64387953547669;39.34735097811307;188.70394935144955;-12.34711473817303
793.0;0.0;2.0441248899018636e-10;0.0;2.267277594785883e-8;0.0;0.0;0.0;0.0;0.0;0.0;0.106999818343965;0.10699971767089987;0.10699980168963401;-0.32099933703905437;0.0;0.0;0.0;0.0;0.0;88.29631412319527;110.64387953547669;39.34735097811307;188.70394935144955;-12.34711473817303
794.0;0.0;2.0441248899018636e-10;0.0;2.267277594785883e-8;0.0;0.0;0.0;0.0;0.0;0.0;0.106999818343965;0.10699971767089987;0.10699980168963401;-0.32099933703905437;0.0;0.0;0.0;0.0;0.0;88.29631412319527;110.64387953547669;39.34735097811307;188.70394935144955;-12.34711473817303
795.0;0.0;2.0441248899018636e-10;0.0;2.267277594785883e-8;0.0;0.0;0.0;0.0;0.0;0.0;0.106999818343965;0.10699971767089987;0.10699980168963401;-0.32099933703905437;0.0;0.0;0.0;0.0;0.0;88.29631412319527;110.64387953547669;39.34735097811307;188.70394935144955;-12.34711473817303
796.0;0.0;2.0441248899018636e-10;0.0;2.267277594785883e-8;0.0;0.0;0.0;0.0;0.0;0.0;0.106999818343965;0.10699971767089987;0.10699980168963401;-0.32099933703905437;0.0;0.0;0.0;0.0;0.0;88.29631412319527;110.64387953547669;39.34735097811307;188.70394935144955;-12.34711473817303
797.0;0.0;2.0441248899018636e-10;0.0;2.267277594785883e-8;0.0;0.0;0.0;0.0;0.0;0.0;0.106999818343965;0.10699971767089987;0.10699980168963401;-0.32099933703905437;0.0;0.0;0.0;0.0;0.0;88.29631412319527;110.64387953547669;39.34735097811307;188.70394935144955;-12.34711473817303
798.0;0.0;2.0441248899018636e-10;0.0;2.267277594785883e-8;0.0;0.0;0.0;0.0;0.0;0.0;0.106999818343965;0.10699971767089987;0.10699980168963401;-0.32099933703905437;0.0;0.0;0.0;0.0;0.0;88.29631412319527;110.64387953547669;39.34735097811307;188.70394935144955;-12.34711473817303
799.0;0.0;2.0441248899018636e-10;0.0;2.267277594785883e-8;0.0;0.0;0.0;0.0;0.0;0.0;0.106999818343965;0.10699971767089987;0.10699980168963401;-0.32099933703905437;0.0;0.0;0.0;0.0;0.0;88.29631412319527;110.64387953547669;39.34735097811307;188.70394935144955;-12.34711473817303
800.0;0.0;2.0441248899018636e-10;0.0;2.267277594785883e-8;0.0;0.0;0.0;0.0;0.0;0.0;0.106999818343965;0.10699971767089987;0.10699980168963401;-0.32099933703905437;0.0;0.0;0.0;0.0;0.0;88.29631412319527;110.64387953547669;39.34735097811307;188.70394935144955;-12.34711473817303
801.0;0.0;2.0441248899018636e-10;0.0;2.267277594785883e-8;0.0;0.0;0.0;0.0;0.0;0.0;0.106999818343965;0.10699971767089987;0.10699980168963401;-0.32099933703905437;0.0;0.0;0.0;0.0;0.0;88.29631412319527;110.64387953547669;39.34735097811307;188.70394935144955;-12.34711473817303
802.0;0.0;2.0441248899018636e-10;0.0;2.267277594785883e-8;0.0;0.0;0.0;0.0;0.0;0.0;0.106999818343965;0.10699971767089987;0.10699980168963401;-0.32099933703905437;0.0;0.0;0.0;0.0;0.0;88.29631412319527;110.64387953547669;39.34735097811307;188.70394935144955;-12.34711473817303
803.0;0.0;2.0441248899018636e-10;0.0;2.267277594785883e-8;0.0;0.0;0.0;0.0;0.0;0.0;0.106999818343965;0.10699971767089987;0.10699980168963401;-0.32099933703905437;0.0;0.0;0.0;0.0;0.0;88.29631412319527;110.64387953547669;39.34735097811307;188.70394935144955;-12.34711473817303
804.0;0.0;2.0441248899018636e-10;0.0;2.267277594785883e-8;0.0;0.0;0.0;0.0;0.0;0.0;0.106999818343965;0.10699971767089987;0.10699980168963401;-0.32099933703905437;0.0;0.0;0.0;0.0;0.0;88.29631412319527;110.64387953547669;39.34735097811307;188.70394935144955;-12.34711473817303
805.0;0.0;2.0441248899018636e-10;0.0;2.267277594785883e-8;0.0;0.0;0.0;0.0;0.0;0.0;0.106999818343965;0.10699971767089987;0.10699980168963401;-0.32099933703905437;0.0;0.0;0.0;0.0;0.0;88.29631412319527;110.64387953547669;39.34735097811307;188.70394935144955;-12.34711473817303
806.0;0.0;2.0441248899018636e-10;0.0;2.267277594785883e-8;0.0;0.0;0.0;0.0;0.0;0.0;0.106999818343965;0.10699971767089987;0.10699980168963401;-0.32099933703905437;0.0;0.0;0.0;0.0;0.0;88.29631412319527;110.64387953547669;39.34735097811307;188.70394935144955;-12.34711473817303
807.0;0.0;2.0441248899018636e-10;0.0;2.267277594785883e-8;0.0;0.0;0.0;0.0;0.0;0.0;0.106999818343965;0.10699971767089987;0.10699980168963401;-0.32099933703905437;0.0;0.0;0.0;0.0;0.0;88.29631412319527;110.64387953547669;39.34735097811307;188.70394935144955;-12.34711473817303
808.0;0.0;2.0441248899018636e-10;0.0;2.267277594785883e-8;0.0;0.0;0.0;0.0;0.0;0.0;0.106999818343965;0.10699971767089987;0.10699980168963401;-0.32099933703905437;0.0;0.0;0.0;0.0;0.0;88.29631412319527;110.64387953547669;39.34735097811307;188.70394935144955;-12.34711473817303
809.0;0.0;2.0441248899018636e-10;0.0;2.267277594785883e-8;0.0;0.0;0.0;0.0;0.0;0.0;0.106999818343965;0.10699971767089987;0.10699980168963401;-0.32099933703905437;0.0;0.0;0.0;0.0;0.0;88.29631412319527;110.64387953547669;39.34735097811307;188.70394935144955;-12.34711473817303
810.0;0.0;2.0441248899018636e-10;0.0;2.267277594785883e-8;0.0;0.0;0.0;0.0;0.0;0.0;0.106999818343965;0.10699971767089987;0.10699980168963401;-0.32099933703905437;0.0;0.0;0.0;0.0;0.0;88.29631412319527;110.64387953547669;39.34735097811307;188.70394935144955;-12.34711473817303
811.0;0.0;2.0441248899018636e-10;0.0;2.267277594785883e-8;0.0;0.0;0.0;0.0;0.0;0.0;0.106999818343965;0.10699971767089987;0.10699980168963401;-0.32099933703905437;0.0;0.0;0.0;0.0;0.0;88.29631412319527;110.64387953547669;39.34735097811307;188.70394935144955;-12.34711473817303
812.0;0.0;2.0441248899018636e-10;0.0;2.267277594785883e-8;0.0;0.0;0.0;0.0;0.0;0.0;0.106999818343965;0.10699971767089987;0.10699980168963401;-0.32099933703905437;0.0;0.0;0.0;0.0;0.0;88.29631412319527;110.64387953547669;39.34735097811307;188.70394935144955;-12.34711473817303
813.0;0.0;2.0441248899018636e-10;0.0;2.267277594785883e-8;0.0;0.0;0.0;0.0;0.0;0.0;0.106999818343965;0.10699971767089987;0.10699980168963401;-0.32099933703905437;0.0;0.0;0.0;0.0;0.0;88.29631412319527;110.64387953547669;39.34735097811307;188.70394935144955;-12.34711473817303
814.0;0.0;2.0441248899018636e-10;0.0;2.267277594785883e-8;0.0;0.0;0.0;0.0;0.0;0.0;0.106999818343965;0.10699971767089987;0.10699980168963401;-0.32099933703905437;0.0;0.0;0.0;0.0;0.0;88.29631412319527;110.64387953547669;39.34735097811307;188.70394935144955;-12.34711473817303
815.0;0.0;2.0441248899018636e-10;0.0;2.267277594785883e-8;0.0;0.0;0.0;0.0;0.0;0.0;0.106999818343965;0.10699971767089987;0.10699980168963401;-0.32099933703905437;0.0;0.0;0.0;0.0;0.0;88.29631412319527;110.64387953547669;39.34735097811307;188.70394935144955;-12.34711473817303
816.0;0.0;2.0441248899018636e-10;0.0;2.267277594785883e-8;0.0;0.0;0.0;0.0;0.0;0.0;0.106999818343965;0.10699971767089987;0.10699980168963401;-0.32099933703905437;0.0;0.0;0.0;0.0;0.0;88.29631412319527;110.64387953547669;39.34735097811307;188.70394935144955;-12.34711473817303
817.0;0.0;1.208539669957594e-7;0.0;2.267277594785883e-8;0.0;0.0;0.0;0.0;0.0;0.0;0.13534645691722164;0.11063350884676312;0.13534383297671082;-0.3813233689056589;0.0;0.0;0.0;0.0;0.0;88.29631412319527;110.64387953547669;39.34735097811307;188.70394935144955;-12.34711473817303
818.0;0.0;1.208539669957594e-7;0.0;2.267277594785883e-8;0.0;0.0;0.0;0.0;0.0;0.0;0.13534645691722164;0.11063350884676312;0.13534383297671082;-0.3813233689056589;0.0;0.0;0.0;0.0;0.0;88.29631412319527;110.64387953547669;39.34735097811307;188.70394935144955;-12.34711473817303
819.0;0.0;1.208539669957594e-7;0.0;2.267277594785883e-8;0.0;0.0;0.0;0.0;0.0;0.0;0.13534645691722164;0.11063350884676312;0.13534383297671082;-0.3813233689056589;0.0;0.0;0.0;0.0;0.0;88.29631412319527;110.64387953547669;39.34735097811307;188.70394935144955;-12.34711473817303
820.0;0.0;1.208539669957594e-7;0.0;2.267277594785883e-8;0.0;0.0;0.0;0.0;0.0;0.0;0.13534645691722164;0.11063350884676312;0.13534383297671082;-0.3813233689056589;0.0;0.0;0.0;0.0;0.0;88.29631412319527;110.64387953547669;39.34735097811307;188.70394935144955;-12.34711473817303
821.0;0.0;1.208539669957594e-7;0.0;2.267277594785883e-8;0.0;0.0;0.0;0.0;0.0;0.0;0.13534645691722164;0.11063350884676312;0.13534383297671082;-0.3813233689056589;0.0;0.0;0.0;0.0;0.0;88.29631412319527;110.64387953547669;39.34735097811307;188.70394935144955;-12.34711473817303
822.0;0.0;1.208539669957594e-7;0.0;2.267277594785883e-8;0.0;0.0;0.0;0.0;0.0;0.0;0.13534645691722164;0.11063350884676312;0.13534383297671082;-0.3813233689056589;0.0;0.0;0.0;0.0;0.0;88.29631412319527;110.64387953547669;39.34735097811307;188.70394935144955;-12.34711473817303
823.0;0.0;1.208539669957594e-7;0.0;2.267277594785883e-8;0.0;0.0;0.0;0.0;0.0;0.0;0.13534645691722164;0.11063350884676312;0.13534383297671082;-0.3813233689056589;0.0;0.0;0.0;0.0;0.0;88.29631412319527;110.64387953547669;39.34735097811307;188.70394935144955;-12.34711473817303
824.0;0.0;1.208539669957594e-7;0.0;2.267277594785883e-8;0.0;0.0;0.0;0.0;0.0;0.0;0.13534645691722164;0.11063350884676312;0.13534383297671082;-0.3813233689056589;0.0;0.0;0.0;0.0;0.0;88.29631412319527;110.64387953547669;39.34735097811307;188.70394935144955;-12.34711473817303
825.0;0.0;1.208539669957594e-7;0.0;2.267277594785883e-8;0.0;0.0;0.0;0.0;0.0;0.0;0.13534645691722164;0.11063350884676312;0.13534383297671082;-0.3813233689056589;0.0;0.0;0.0;0.0;0.0;88.29631412319527;110.64387953547669;39.34735097811307;188.70394935144955;-12.34711473817303
826.0;0.0;1.208539669957594e-7;0.0;2.267277594785883e-8;0.0;0.0;0.0;0.0;0.0;0.0;0.13534645691722164;0.11063350884676312;0.13534383297671082;-0.3813233689056589;0.0;0.0;0.0;0.0;0.0;88.29631412319527;110.64387953547669;39.34735097811307;188.70394935144955;-12.34711473817303
827.0;0.0;1.208539669957594e-7;0.0;2.267277594785883e-8;0.0;0.0;0.0;0.0;0.0;0.0;0.13534645691722164;0.11063350884676312;0.13534383297671082;-0.3813233689056589;0.0;0.0;0.0;0.0;0.0;88.29631412319527;110.64387953547669;39.34735097811307;188.70394935144955;-12.34711473817303
828.0;0.0;1.208539669957594e-7;0.0;2.267277594785883e-8;0.0;0.0;0.0;0.0;0.0;0.0;0.13534645691722164;0.11063350884676312;0.13534383297671082;-0.3813233689056589;0.0;0.0;0.0;0.0;0.0;88.29631412319527;110.64387953547669;39.34735097811307;188.70394935144955;-12.34711473817303
829.0;0.0;1.208539669957594e-7;0.0;2.267277594785883e-8;0.0;0.0;0.0;0.0;0.0;0.0;0.13534645691722164;0.11063350884676312;0.13534383297671082;-0.3813233689056589;0.0;0.0;0.0;0.0;0.0;88.29631412319527;110.64387953547669;39.34735097811307;188.70394935144955;-12.34711473817303
830.0;0.0;1.208539669957594e-7;0.0;2.267277594785883e-8;0.0;0.0;0.0;0.0;0.0;0.0;0.13534645691722164;0.11063350884676312;0.13534383297671082;-0.3813233689056589;0.0;0.0;0.0;0.0;0.0;88.29631412319527;110.64387953547669;39.34735097811307;188.70394935144955;-12.34711473817303
831.0;0.0;1.208539669957594e-7;0.0;2.267277594785883e-8;0.0;0.0;0.0;0.0;0.0;0.0;0.13534645691722164;0.11063350884676312;0.13534383297671082;-0.3813233689056589;0.0;0.0;0.0;0.0;0.0;88.29631412319527;110.64387953547669;39.34735097811307;188.70394935144955;-12.34711473817303
832.0;0.0;1.208539669957594e-7;0.0;2.267277594785883e-8;0.0;0.0;0.0;0.0;0.0;0.0;0.13534645691722164;0.11063350884676312;0.13534383297671082;-0.3813233689056589;0.0;0.0;0.0;0.0;0.0;88.29631412319527;110.64387953547669;39.34735097811307;188.70394935144955;-12.34711473817303
833.0;0.0;1.208539669957594e-7;0.0;2.267277594785883e-8;0.0;0.0;0.0;0.0;0.0;0.0;0.13534645691722164;0.11063350884676312;0.13534383297671082;-0.3813233689056589;0.0;0.0;0.0;0.0;0.0;88.29631412319527;110.64387953547669;39.34735097811307;188.70394935144955;-12.34711473817303
834.0;0.0;1.208539669957594e-7;0.0;2.267277594785883e-8;0.0;0.0;0.0;0.0;0.0;0.0;0.13534645691722164;0.11063350884676312;0.13534383297671082;-0.3813233689056589;0.0;0.0;0.0;0.0;0.0;88.29631412319527;110.64387953547669;39.34735097811307;188.70394935144955;-12.34711473817303
835.0;0.0;1.208539669957594e-7;0.0;2.267277594785883e-8;0.0;0.0;0.0;0.0;0.0;0.0;0.13534645691722164;0.11063350884676312;0.13534383297671082;-0.3813233689056589;0.0;0.0;0.0;0.0;0.0;88.29631412319527;110.64387953547669;39.34735097811307;188.70394935144955;-12.34711473817303
836.0;0.0;1.208539669957594e-7;0.0;2.267277594785883e-8;0.0;0.0;0.0;0.0;0.0;0.0;0.13534645691722164;0.11063350884676312;0.13534383297671082;-0.3813233689056589;0.0;0.0;0.0;0.0;0.0;88.29631412319527;110.64387953547669;39.34735097811307;188.70394935144955;-12.34711473817303
837.0;0.0;1.208539669957594e-7;0.0;2.267277594785883e-8;0.0;0.0;0.0;0.0;0.0;0.0;0.13534645691722164;0.11063350884676312;0.13534383297671082;-0.3813233689056589;0.0;0.0;0.0;0.0;0.0;88.29631412319527;110.64387953547669;39.34735097811307;188.70394935144955;-12.34711473817303
838.0;0.0;1.208539669957594e-7;0.0;2.267277594785883e-8;0.0;0.0;0.0;0.0;0.0;0.0;0.13534645691722164;0.11063350884676312;0.13534383297671082;-0.3813233689056589;0.0;0.0;0.0;0.0;0.0;88.29631412319527;110.64387953547669;39.34735097811307;188.70394935144955;-12.34711473817303
839.0;0.0;1.208539669957594e-7;0.0;2.267277594785883e-8;0.0;0.0;0.0;0.0;0.0;0.0;0.13534645691722164;0.11063350884676312;0.13534383297671082;-0.3813233689056589;0.0;0.0;0.0;0.0;0.0;88.29631412319527;110.64387953547669;39.34735097811307;188.70394935144955;-12.34711473817303
840.0;0.0;1.208539669957594e-7;0.0;2.267277594785883e-8;0.0;0.0;0.0;0.0;0.0;0.0;0.13534645691722164;0.11063350884676312;0.13534383297671082;-0.3813233689056589;0.0;0.0;0.0;0.0;0.0;88.29631412319527;110.64387953547669;39.34735097811307;188.70394935144955;-12.34711473817303
841.0;0.0;7.44303553700686e-10;0.0;2.267277594785883e-8;0.0;0.0;0.0;0.0;0.0;0.0;0.3612450949767359;0.053732029178335215;0.3544542405768739;-0.7694313620692629;0.0;0.0;0.0;0.0;0.0;88.29631412319527;110.64387953547669;39.34735097811307;188.70394935144955;-12.34711473817303
842.0;0.0;7.44303553700686e-10;0.0;2.267277594785883e-8;0.0;0.0;0.0;0.0;0.0;0.0;0.3612450949767359;0.053732029178335215;0.3544542405768739;-0.7694313620692629;0.0;0.0;0.0;0.0;0.0;88.29631412319527;110.64387953547669;39.34735097811307;188.70394935144955;-12.34711473817303
843.0;0.0;7.44303553700686e-10;0.0;2.267277594785883e-8;0.0;0.0;0.0;0.0;0.0;0.0;0.3612450949767359;0.053732029178335215;0.3544542405768739;-0.7694313620692629;0.0;0.0;0.0;0.0;0.0;88.29631412319527;110.64387953547669;39.34735097811307;188.70394935144955;-12.34711473817303
844.0;0.0;7.44303553700686e-10;0.0;2.267277594785883e-8;0.0;0.0;0.0;0.0;0.0;0.0;0.3612450949767359;0.053732029178335215;0.3544542405768739;-0.7694313620692629;0.0;0.0;0.0;0.0;0.0;88.29631412319527;110.64387953547669;39.34735097811307;188.70394935144955;-12.34711473817303
845.0;0.0;7.44303553700686e-10;0.0;2.267277594785883e-8;0.0;0.0;0.0;0.0;0.0;0.0;0.3612450949767359;0.053732029178335215;0.3544542405768739;-0.7694313620692629;0.0;0.0;0.0;0.0;0.0;88.29631412319527;110.64387953547669;39.34735097811307;188.70394935144955;-12.34711473817303
846.0;0.0;7.44303553700686e-10;0.0;2.267277594785883e-8;0.0;0.0;0.0;0.0;0.0;0.0;0.3612450949767359;0.053732029178335215;0.3544542405768739;-0.7694313620692629;0.0;0.0;0.0;0.0;0.0;88.29631412319527;110.64387953547669;39.34735097811307;188.70394935144955;-12.34711473817303
847.0;0.0;7.44303553700686e-10;0.0;2.267277594785883e-8;0.0;0.0;0.0;0.0;0.0;0.0;0.3612450949767359;0.053732029178335215;0.3544542405768739;-0.7694313620692629;0.0;0.0;0.0;0.0;0.0;88.29631412319527;110.64387953547669;39.34735097811307;188.70394935144955;-12.34711473817303
848.0;0.0;7.44303553700686e-10;0.0;2.267277594785883e-8;0.0;0.0;0.0;0.0;0.0;0.0;0.3612450949767359;0.053732029178335215;0.3544542405768739;-0.7694313620692629;0.0;0.0;0.0;0.0;0.0;88.29631412319527;110.64387953547669;39.34735097811307;188.70394935144955;-12.34711473817303
849.0;0.0;7.44303553700686e-10;0.0;2.267277594785883e-8;0.0;0.0;0.0;0.0;0.0;0.0;0.3612450949767359;0.053732029178335215;0.3544542405768739;-0.7694313620692629;0.0;0.0;0.0;0.0;0.0;88.29631412319527;110.64387953547669;39.34735097811307;188.70394935144955;-12.34711473817303
850.0;0.0;7.44303553700686e-10;0.0;2.267277594785883e-8;0.0;0.0;0.0;0.0;0.0;0.0;0.3612450949767359;0.053732029178335215;0.3544542405768739;-0.7694313620692629;0.0;0.0;0.0;0.0;0.0;88.29631412319527;110.64387953547669;39.34735097811307;188.70394935144955;-12.34711473817303
851.0;0.0;7.44303553700686e-10;0.0;2.267277594785883e-8;0.0;0.0;0.0;0.0;0.0;0.0;0.3612450949767359;0.053732029178335215;0.3544542405768739;-0.7694313620692629;0.0;0.0;0.0;0.0;0.0;88.29631412319527;110.64387953547669;39.34735097811307;188.70394935144955;-12.34711473817303
852.0;0.0;7.44303553700686e-10;0.0;2.267277594785883e-8;0.0;0.0;0.0;0.0;0.0;0.0;0.3612450949767359;0.053732029178335215;0.3544542405768739;-0.7694313620692629;0.0;0.0;0.0;0.0;0.0;88.29631412319527;110.64387953547669;39.34735097811307;188.70394935144955;-12.34711473817303
853.0;0.0;7.44303553700686e-10;0.0;2.267277594785883e-8;0.0;0.0;0.0;0.0;0.0;0.0;0.3612450949767359;0.053732029178335215;0.3544542405768739;-0.7694313620692629;0.0;0.0;0.0;0.0;0.0;88.29631412319527;110.64387953547669;39.34735097811307;188.70394935144955;-12.34711473817303
854.0;0.0;7.44303553700686e-10;0.0;2.267277594785883e-8;0.0;0.0;0.0;0.0;0.0;0.0;0.3612450949767359;0.053732029178335215;0.3544542405768739;-0.7694313620692629;0.0;0.0;0.0;0.0;0.0;88.29631412319527;110.64387953547669;39.34735097811307;188.70394935144955;-12.34711473817303
855.0;0.0;7.44303553700686e-10;0.0;2.267277594785883e-8;0.0;0.0;0.0;0.0;0.0;0.0;0.3612450949767359;0.053732029178335215;0.3544542405768739;-0.7694313620692629;0.0;0.0;0.0;0.0;0.0;88.29631412319527;110.64387953547669;39.34735097811307;188.70394935144955;-12.34711473817303
856.0;0.0;7.44303553700686e-10;0.0;2.267277594785883e-8;0.0;0.0;0.0;0.0;0.0;0.0;0.3612450949767359;0.053732029178335215;0.3544542405768739;-0.7694313620692629;0.0;0.0;0.0;0.0;0.0;88.29631412319527;110.64387953547669;39.34735097811307;188.70394935144955;-12.34711473817303
857.0;0.0;7.44303553700686e-10;0.0;2.267277594785883e-8;0.0;0.0;0.0;0.0;0.0;0.0;0.3612450949767359;0.053732029178335215;0.3544542405768739;-0.7694313620692629;0.0;0.0;0.0;0.0;0.0;88.29631412319527;110.64387953547669;39.34735097811307;188.70394935144955;-12.34711473817303
858.0;0.0;7.44303553700686e-10;0.0;2.267277594785883e-8;0.0;0.0;0.0;0.0;0.0;0.0;0.3612450949767359;0.053732029178335215;0.3544542405768739;-0.7694313620692629;0.0;0.0;0.0;0.0;0.0;88.29631412319527;110.64387953547669;39.34735097811307;188.70394935144955;-12.34711473817303
859.0;0.0;7.44303553700686e-10;0.0;2.267277594785883e-8;0.0;0.0;0.0;0.0;0.0;0.0;0.3612450949767359;0.053732029178335215;0.3544542405768739;-0.7694313620692629;0.0;0.0;0.0;0.0;0.0;88.29631412319527;110.64387953547669;39.34735097811307;188.70394935144955;-12.34711473817303
860.0;0.0;7.44303553700686e-10;0.0;2.267277594785883e-8;0.0;0.0;0.0;0.0;0.0;0.0;0.3612450949767359;0.053732029178335215;0.3544542405768739;-0.7694313620692629;0.0;0.0;0.0;0.0;0.0;88.29631412319527;110.64387953547669;39.34735097811307;188.70394935144955;-12.34711473817303
861.0;0.0;7.44303553700686e-10;0.0;2.267277594785883e-8;0.0;0.0;0.0;0.0;0.0;0.0;0.3612450949767359;0.053732029178335215;0.3544542405768739;-0.7694313620692629;0.0;0.0;0.0;0.0;0.0;88.29631412319527;110.64387953547669;39.34735097811307;188.70394935144955;-12.34711473817303
862.0;0.0;7.44303553700686e-10;0.0;2.267277594785883e-8;0.0;0.0;0.0;0.0;0.0;0.0;0.3612450949767359;0.053732029178335215;0.3544542405768739;-0.7694313620692629;0.0;0.0;0.0;0.0;0.0;88.29631412319527;110.64387953547669;39.34735097811307;188.70394935144955;-12.34711473817303
863.0;0.0;7.44303553700686e-10;0.0;2.267277594785883e-8;0.0;0.0;0.0;0.0;0.0;0.0;0.3612450949767359;0.053732029178335215;0.3544542405768739;-0.7694313620692629;0.0;0.0;0.0;0.0;0.0;88.29631412319527;110.64387953547669;39.34735097811307;188.70394935144955;-12.34711473817303
864.0;0.0;7.44303553700686e-10;0.0;2.267277594785883e-8;0.0;0.0;0.0;0.0;0.0;0.0;0.3612450949767359;0.053732029178335215;0.3544542405768739;-0.7694313620692629;0.0;0.0;0.0;0.0;0.0;88.29631412319527;110.64387953547669;39.34735097811307;188.70394935144955;-12.34711473817303
865.0;0.0;2.7734304993433528e-9;0.0;2.267277594785883e-8;0.0;0.0;0.0;0.0;0.0;0.0;0.29260028121198184;0.05805410303773118;0.2926002554076324;-0.6432546296648438;0.0;0.0;0.0;0.0;0.0;88.29631412319527;110.64387953547669;39.34735097811307;188.70394935144955;-12.34711473817303
866.0;0.0;2.7734304993433528e-9;0.0;2.267277594785883e-8;0.0;0.0;0.0;0.0;0.0;0.0;0.29260028121198184;0.05805410303773118;0.2926002554076324;-0.6432546296648438;0.0;0.0;0.0;0.0;0.0;88.29631412319527;110.64387953547669;39.34735097811307;188.70394935144955;-12.34711473817303
867.0;0.0;2.7734304993433528e-9;0.0;2.267277594785883e-8;0.0;0.0;0.0;0.0;0.0;0.0;0.29260028121198184;0.05805410303773118;0.2926002554076324;-0.6432546296648438;0.0;0.0;0.0;0.0;0.0;88.29631412319527;110.64387953547669;39.34735097811307;188.70394935144955;-12.34711473817303
868.0;0.0;2.7734304993433528e-9;0.0;2.267277594785883e-8;0.0;0.0;0.0;0.0;0.0;0.0;0.29260028121198184;0.05805410303773118;0.2926002554076324;-0.6432546296648438;0.0;0.0;0.0;0.0;0.0;88.29631412319527;110.64387953547669;39.34735097811307;188.70394935144955;-12.34711473817303
869.0;0.0;2.7734304993433528e-9;0.0;2.267277594785883e-8;0.0;0.0;0.0;0.0;0.0;0.0;0.29260028121198184;0.05805410303773118;0.2926002554076324;-0.6432546296648438;0.0;0.0;0.0;0.0;0.0;88.29631412319527;110.64387953547669;39.34735097811307;188.70394935144955;-12.34711473817303
870.0;0.0;2.7734304993433528e-9;0.0;2.267277594785883e-8;0.0;0.0;0.0;0.0;0.0;0.0;0.29260028121198184;0.05805410303773118;0.2926002554076324;-0.6432546296648438;0.0;0.0;0.0;0.0;0.0;88.29631412319527;110.64387953547669;39.34735097811307;188.70394935144955;-12.34711473817303
871.0;0.0;2.7734304993433528e-9;0.0;2.267277594785883e-8;0.0;0.0;0.0;0.0;0.0;0.0;0.29260028121198184;0.05805410303773118;0.2926002554076324;-0.6432546296648438;0.0;0.0;0.0;0.0;0.0;88.29631412319527;110.64387953547669;39.34735097811307;188.70394935144955;-12.34711473817303
872.0;0.0;2.7734304993433528e-9;0.0;2.267277594785883e-8;0.0;0.0;0.0;0.0;0.0;0.0;0.29260028121198184;0.05805410303773118;0.2926002554076324;-0.6432546296648438;0.0;0.0;0.0;0.0;0.0;88.29631412319527;110.64387953547669;39.34735097811307;188.70394935144955;-12.34711473817303
873.0;0.0;2.7734304993433528e-9;0.0;2.267277594785883e-8;0.0;0.0;0.0;0.0;0.0;0.0;0.29260028121198184;0.05805410303773118;0.2926002554076324;-0.6432546296648438;0.0;0.0;0.0;0.0;0.0;88.29631412319527;110.64387953547669;39.34735097811307;188.70394935144955;-12.34711473817303
874.0;0.0;2.7734304993433528e-9;0.0;2.267277594785883e-8;0.0;0.0;0.0;0.0;0.0;0.0;0.29260028121198184;0.05805410303773118;0.2926002554076324;-0.6432546296648438;0.0;0.0;0.0;0.0;0.0;88.29631412319527;110.64387953547669;39.34735097811307;188.70394935144955;-12.34711473817303
875.0;0.0;2.7734304993433528e-9;0.0;2.267277594785883e-8;0.0;0.0;0.0;0.0;0.0;0.0;0.29260028121198184;0.05805410303773118;0.2926002554076324;-0.6432546296648438;0.0;0.0;0.0;0.0;0.0;88.29631412319527;110.64387953547669;39.34735097811307;188.70394935144955;-12.34711473817303
876.0;0.0;2.7734304993433528e-9;0.0;2.267277594785883e-8;0.0;0.0;0.0;0.0;0.0;0.0;0.29260028121198184;0.05805410303773118;0.2926002554076324;-0.6432546296648438;0.0;0.0;0.0;0.0;0.0;88.29631412319527;110.64387953547669;39.34735097811307;188.70394935144955;-12.34711473817303
877.0;0.0;2.7734304993433528e-9;0.0;2.267277594785883e-8;0.0;0.0;0.0;0.0;0.0;0.0;0.29260028121198184;0.05805410303773118;0.2926002554076324;-0.6432546296648438;0.0;0.0;0.0;0.0;0.0;88.29631412319527;110.64387953547669;39.34735097811307;188.70394935144955;-12.34711473817303
878.0;0.0;2.7734304993433528e-9;0.0;2.267277594785883e-8;0.0;0.0;0.0;0.0;0.0;0.0;0.29260028121198184;0.05805410303773118;0.2926002554076324;-0.6432546296648438;0.0;0.0;0.0;0.0;0.0;88.29631412319527;110.64387953547669;39.34735097811307;188.70394935144955;-12.34711473817303
879.0;0.0;2.7734304993433528e-9;0.0;2.267277594785883e-8;0.0;0.0;0.0;0.0;0.0;0.0;0.29260028121198184;0.05805410303773118;0.2926002554076324;-0.6432546296648438;0.0;0.0;0.0;0.0;0.0;88.29631412319527;110.64387953547669;39.34735097811307;188.70394935144955;-12.34711473817303
880.0;0.0;2.7734304993433528e-9;0.0;2.267277594785883e-8;0.0;0.0;0.0;0.0;0.0;0.0;0.29260028121198184;0.05805410303773118;0.2926002554076324;-0.6432546296648438;0.0;0.0;0.0;0.0;0.0;88.29631412319527;110.64387953547669;39.34735097811307;188.70394935144955;-12.34711473817303
881.0;0.0;2.7734304993433528e-9;0.0;2.267277594785883e-8;0.0;0.0;0.0;0.0;0.0;0.0;0.29260028121198184;0.05805410303773118;0.2926002554076324;-0.6432546296648438;0.0;0.0;0.0;0.0;0.0;88.29631412319527;110.64387953547669;39.34735097811307;188.70394935144955;-12.34711473817303
882.0;0.0;2.7734304993433528e-9;0.0;2.267277594785883e-8;0.0;0.0;0.0;0.0;0.0;0.0;0.29260028121198184;0.05805410303773118;0.2926002554076324;-0.6432546296648438;0.0;0.0;0.0;0.0;0.0;88.29631412319527;110.64387953547669;39.34735097811307;188.70394935144955;-12.34711473817303
883.0;0.0;2.7734304993433528e-9;0.0;2.267277594785883e-8;0.0;0.0;0.0;0.0;0.0;0.0;0.29260028121198184;0.05805410303773118;0.2926002554076324;-0.6432546296648438;0.0;0.0;0.0;0.0;0.0;88.29631412319527;110.64387953547669;39.34735097811307;188.70394935144955;-12.34711473817303
884.0;0.0;2.7734304993433528e-9;0.0;2.267277594785883e-8;0.0;0.0;0.0;0.0;0.0;0.0;0.29260028121198184;0.05805410303773118;0.2926002554076324;-0.6432546296648438;0.0;0.0;0.0;0.0;0.0;88.29631412319527;110.64387953547669;39.34735097811307;188.70394935144955;-12.34711473817303
885.0;0.0;2.7734304993433528e-9;0.0;2.267277594785883e-8;0.0;0.0;0.0;0.0;0.0;0.0;0.29260028121198184;0.05805410303773118;0.2926002554076324;-0.6432546296648438;0.0;0.0;0.0;0.0;0.0;88.29631412319527;110.64387953547669;39.34735097811307;188.70394935144955;-12.34711473817303
886.0;0.0;2.7734304993433528e-9;0.0;2.267277594785883e-8;0.0;0.0;0.0;0.0;0.0;0.0;0.29260028121198184;0.05805410303773118;0.2926002554076324;-0.6432546296648438;0.0;0.0;0.0;0.0;0.0;88.29631412319527;110.64387953547669;39.34735097811307;188.70394935144955;-12.34711473817303
887.0;0.0;2.7734304993433528e-9;0.0;2.267277594785883e-8;0.0;0.0;0.0;0.0;0.0;0.0;0.29260028121198184;0.05805410303773118;0.2926002554076324;-0.6432546296648438;0.0;0.0;0.0;0.0;0.0;88.29631412319527;110.64387953547669;39.34735097811307;188.70394935144955;-12.34711473817303
888.0;0.0;2.7734304993433528e-9;0.0;2.267277594785883e-8;0.0;0.0;0.0;0.0;0.0;0.0;0.29260028121198184;0.05805410303773118;0.2926002554076324;-0.6432546296648438;0.0;0.0;0.0;0.0;0.0;88.29631412319527;110.64387953547669;39.34735097811307;188.70394935144955;-12.34711473817303
889.0;0.0;-1.2133121790796814e-8;0.0;2.267277594785883e-8;0.0;0.0;0.0;0.0;0.0;0.0;0.0657789432452687;0.0015082690896450876;0.06588740656607417;-0.13317466257438962;0.0;0.0;0.0;0.0;0.0;88.29631412319527;110.64387953547669;39.34735097811307;188.70394935144955;-12.34711473817303
890.0;0.0;-1.2133121790796814e-8;0.0;2.267277594785883e-8;0.0;0.0;0.0;0.0;0.0;0.0;0.0657789432452687;0.0015082690896450876;0.06588740656607417;-0.13317466257438962;0.0;0.0;0.0;0.0;0.0;88.29631412319527;110.64387953547669;39.34735097811307;188.70394935144955;-12.34711473817303
891.0;0.0;-1.2133121790796814e-8;0.0;2.267277594785883e-8;0.0;0.0;0.0;0.0;0.0;0.0;0.0657789432452687;0.0015082690896450876;0.06588740656607417;-0.13317466257438962;0.0;0.0;0.0;0.0;0.0;88.29631412319527;110.64387953547669;39.34735097811307;188.70394935144955;-12.34711473817303
892.0;0.0;-1.2133121790796814e-8;0.0;2.267277594785883e-8;0.0;0.0;0.0;0.0;0.0;0.0;0.0657789432452687;0.0015082690896450876;0.06588740656607417;-0.13317466257438962;0.0;0.0;0.0;0.0;0.0;88.29631412319527;110.64387953547669;39.34735097811307;188.70394935144955;-12.34711473817303
893.0;0.0;-1.2133121790796814e-8;0.0;2.267277594785883e-8;0.0;0.0;0.0;0.0;0.0;0.0;0.0657789432452687;0.0015082690896450876;0.06588740656607417;-0.13317466257438962;0.0;0.0;0.0;0.0;0.0;88.29631412319527;110.64387953547669;39.34735097811307;188.70394935144955;-12.34711473817303
894.0;0.0;-1.2133121790796814e-8;0.0;2.267277594785883e-8;0.0;0.0;0.0;0.0;0.0;0.0;0.0657789432452687;0.0015082690896450876;0.06588740656607417;-0.13317466257438962;0.0;0.0;0.0;0.0;0.0;88.29631412319527;110.64387953547669;39.34735097811307;188.70394935144955;-12.34711473817303
895.0;0.0;-1.2133121790796814e-8;0.0;2.267277594785883e-8;0.0;0.0;0.0;0.0;0.0;0.0;0.0657789432452687;0.0015082690896450876;0.06588740656607417;-0.13317466257438962;0.0;0.0;0.0;0.0;0.0;88.29631412319527;110.64387953547669;39.34735097811307;188.70394935144955;-12.34711473817303
896.0;0.0;-1.2133121790796814e-8;0.0;2.267277594785883e-8;0.0;0.0;0.0;0.0;0.0;0.0;0.0657789432452687;0.0015082690896450876;0.06588740656607417;-0.13317466257438962;0.0;0.0;0.0;0.0;0.0;88.29631412319527;110.64387953547669;39.34735097811307;188.70394935144955;-12.34711473817303
897.0;0.0;-1.2133121790796814e-8;0.0;2.267277594785883e-8;0.0;0.0;0.0;0.0;0.0;0.0;0.0657789432452687;0.0015082690896450876;0.06588740656607417;-0.13317466257438962;0.0;0.0;0.0;0.0;0.0;88.29631412319527;110.64387953547669;39.34735097811307;188.70394935144955;-12.34711473817303
898.0;0.0;-1.2133121790796814e-8;0.0;2.267277594785883e-8;0.0;0.0;0.0;0.0;0.0;0.0;0.0657789432452687;0.0015082690896450876;0.06588740656607417;-0.13317466257438962;0.0;0.0;0.0;0.0;0.0;88.29631412319527;110.64387953547669;39.34735097811307;188.70394935144955;-12.34711473817303
899.0;0.0;-1.2133121790796814e-8;0.0;2.267277594785883e-8;0.0;0.0;0.0;0.0;0.0;0.0;0.0657789432452687;0.0015082690896450876;0.06588740656607417;-0.13317466257438962;0.0;0.0;0.0;0.0;0.0;88.29631412319527;110.64387953547669;39.34735097811307;188.70394935144955;-12.34711473817303
900.0;0.0;-1.2133121790796814e-8;0.0;2.267277594785883e-8;0.0;0.0;0.0;0.0;0.0;0.0;0.0657789432452687;0.0015082690896450876;0.06588740656607417;-0.13317466257438962;0.0;0.0;0.0;0.0;0.0;88.29631412319527;110.64387953547669;39.34735097811307;188.70394935144955;-12.34711473817303
901.0;0.0;-1.2133121790796814e-8;0.0;2.267277594785883e-8;0.0;0.0;0.0;0.0;0.0;0.0;0.0657789432452687;0.0015082690896450876;0.06588740656607417;-0.13317466257438962;0.0;0.0;0.0;0.0;0.0;88.29631412319527;110.64387953547669;39.34735097811307;188.70394935144955;-12.34711473817303
902.0;0.0;-1.2133121790796814e-8;0.0;2.267277594785883e-8;0.0;0.0;0.0;0.0;0.0;0.0;0.0657789432452687;0.0015082690896450876;0.06588740656607417;-0.13317466257438962;0.0;0.0;0.0;0.0;0.0;88.29631412319527;110.64387953547669;39.34735097811307;188.70394935144955;-12.34711473817303
903.0;0.0;-1.2133121790796814e-8;0.0;2.267277594785883e-8;0.0;0.0;0.0;0.0;0.0;0.0;0.0657789432452687;0.0015082690896450876;0.06588740656607417;-0.13317466257438962;0.0;0.0;0.0;0.0;0.0;88.29631412319527;110.64387953547669;39.34735097811307;188.70394935144955;-12.34711473817303
904.0;0.0;-1.2133121790796814e-8;0.0;2.267277594785883e-8;0.0;0.0;0.0;0.0;0.0;0.0;0.0657789432452687;0.0015082690896450876;0.06588740656607417;-0.13317466257438962;0.0;0.0;0.0;0.0;0.0;88.29631412319527;110.64387953547669;39.34735097811307;188.70394935144955;-12.34711473817303
905.0;0.0;-1.2133121790796814e-8;0.0;2.267277594785883e-8;0.0;0.0;0.0;0.0;0.0;0.0;0.0657789432452687;0.0015082690896450876;0.06588740656607417;-0.13317466257438962;0.0;0.0;0.0;0.0;0.0;88.29631412319527;110.64387953547669;39.34735097811307;188.70394935144955;-12.34711473817303
906.0;0.0;-1.2133121790796814e-8;0.0;2.267277594785883e-8;0.0;0.0;0.0;0.0;0.0;0.0;0.0657789432452687;0.0015082690896450876;0.06588740656607417;-0.13317466257438962;0.0;0.0;0.0;0.0;0.0;88.29631412319527;110.64387953547669;39.34735097811307;188.70394935144955;-12.34711473817303
907.0;0.0;-1.2133121790796814e-8;0.0;2.267277594785883e-8;0.0;0.0;0.0;0.0;0.0;0.0;0.0657789432452687;0.0015082690896450876;0.06588740656607417;-0.13317466257438962;0.0;0.0;0.0;0.0;0.0;88.29631412319527;110.64387953547669;39.34735097811307;188.70394935144955;-12.34711473817303
908.0;0.0;-1.2133121790796814e-8;0.0;2.267277594785883e-8;0.0;0.0;0.0;0.0;0.0;0.0;0.0657789432452687;0.0015082690896450876;0.06588740656607417;-0.13317466257438962;0.0;0.0;0.0;0.0;0.0;88.29631412319527;110.64387953547669;39.34735097811307;188.70394935144955;-12.34711473817303
909.0;0.0;-1.2133121790796814e-8;0.0;2.267277594785883e-8;0.0;0.0;0.0;0.0;0.0;0.0;0.0657789432452687;0.0015082690896450876;0.06588740656607417;-0.13317466257438962;0.0;0.0;0.0;0.0;0.0;88.29631412319527;110.64387953547669;39.34735097811307;188.70394935144955;-12.34711473817303
910.0;0.0;-1.2133121790796814e-8;0.0;2.267277594785883e-8;0.0;0.0;0.0;0.0;0.0;0.0;0.0657789432452687;0.0015082690896450876;0.06588740656607417;-0.13317466257438962;0.0;0.0;0.0;0.0;0.0;88.29631412319527;110.64387953547669;39.34735097811307;188.70394935144955;-12.34711473817303
911.0;0.0;-1.2133121790796814e-8;0.0;2.267277594785883e-8;0.0;0.0;0.0;0.0;0.0;0.0;0.0657789432452687;0.0015082690896450876;0.06588740656607417;-0.13317466257438962;0.0;0.0;0.0;0.0;0.0;88.29631412319527;110.64387953547669;39.34735097811307;188.70394935144955;-12.34711473817303
912.0;0.0;-1.2133121790796814e-8;0.0;2.267277594785883e-8;0.0;0.0;0.0;0.0;0.0;0.0;0.0657789432452687;0.0015082690896450876;0.06588740656607417;-0.13317466257438962;0.0;0.0;0.0;0.0;0.0;88.29631412319527;110.64387953547669;39.34735097811307;188.70394935144955;-12.34711473817303
913.0;0.0;5.4096352118178834e-8;0.0;2.267277594785883e-8;0.0;0.0;0.0;0.0;0.0;0.0;0.28634650928619815;0.20114724163947034;0.2863464795932466;-0.7738400371038292;0.0;0.0;0.0;0.0;0.0;88.29631412319527;110.64387953547669;39.34735097811307;188.70394935144955;-12.34711473817303
914.0;0.0;5.4096352118178834e-8;0.0;2.267277594785883e-8;0.0;0.0;0.0;0.0;0.0;0.0;0.28634650928619815;0.20114724163947034;0.2863464795932466;-0.7738400371038292;0.0;0.0;0.0;0.0;0.0;88.29631412319527;110.64387953547669;39.34735097811307;188.70394935144955;-12.34711473817303
915.0;0.0;5.4096352118178834e-8;0.0;2.267277594785883e-8;0.0;0.0;0.0;0.0;0.0;0.0;0.28634650928619815;0.20114724163947034;0.2863464795932466;-0.7738400371038292;0.0;0.0;0.0;0.0;0.0;88.29631412319527;110.64387953547669;39.34735097811307;188.70394935144955;-12.34711473817303
916.0;0.0;5.4096352118178834e-8;0.0;2.267277594785883e-8;0.0;0.0;0.0;0.0;0.0;0.0;0.28634650928619815;0.20114724163947034;0.2863464795932466;-0.7738400371038292;0.0;0.0;0.0;0.0;0.0;88.29631412319527;110.64387953547669;39.34735097811307;188.70394935144955;-12.34711473817303
917.0;0.0;5.4096352118178834e-8;0.0;2.267277594785883e-8;0.0;0.0;0.0;0.0;0.0;0.0;0.28634650928619815;0.20114724163947034;0.2863464795932466;-0.7738400371038292;0.0;0.0;0.0;0.0;0.0;88.29631412319527;110.64387953547669;39.34735097811307;188.70394935144955;-12.34711473817303
918.0;0.0;5.4096352118178834e-8;0.0;2.267277594785883e-8;0.0;0.0;0.0;0.0;0.0;0.0;0.28634650928619815;0.20114724163947034;0.2863464795932466;-0.7738400371038292;0.0;0.0;0.0;0.0;0.0;88.29631412319527;110.64387953547669;39.34735097811307;188.70394935144955;-12.34711473817303
919.0;0.0;5.4096352118178834e-8;0.0;2.267277594785883e-8;0.0;0.0;0.0;0.0;0.0;0.0;0.28634650928619815;0.20114724163947034;0.2863464795932466;-0.7738400371038292;0.0;0.0;0.0;0.0;0.0;88.29631412319527;110.64387953547669;39.34735097811307;188.70394935144955;-12.34711473817303
920.0;0.0;5.4096352118178834e-8;0.0;2.267277594785883e-8;0.0;0.0;0.0;0.0;0.0;0.0;0.28634650928619815;0.20114724163947034;0.2863464795932466;-0.7738400371038292;0.0;0.0;0.0;0.0;0.0;88.29631412319527;110.64387953547669;39.34735097811307;188.70394935144955;-12.34711473817303
921.0;0.0;5.4096352118178834e-8;0.0;2.267277594785883e-8;0.0;0.0;0.0;0.0;0.0;0.0;0.28634650928619815;0.20114724163947034;0.2863464795932466;-0.7738400371038292;0.0;0.0;0.0;0.0;0.0;88.29631412319527;110.64387953547669;39.34735097811307;188.70394935144955;-12.34711473817303
922.0;0.0;5.4096352118178834e-8;0.0;2.267277594785883e-8;0.0;0.0;0.0;0.0;0.0;0.0;0.28634650928619815;0.20114724163947034;0.2863464795932466;-0.7738400371038292;0.0;0.0;0.0;0.0;0.0;88.29631412319527;110.64387953547669;39.34735097811307;188.70394935144955;-12.34711473817303
923.0;0.0;5.4096352118178834e-8;0.0;2.267277594785883e-8;0.0;0.0;0.0;0.0;0.0;0.0;0.28634650928619815;0.20114724163947034;0.2863464795932466;-0.7738400371038292;0.0;0.0;0.0;0.0;0.0;88.29631412319527;110.64387953547669;39.34735097811307;188.70394935144955;-12.34711473817303
924.0;0.0;5.4096352118178834e-8;0.0;2.267277594785883e-8;0.0;0.0;0.0;0.0;0.0;0.0;0.28634650928619815;0.20114724163947034;0.2863464795932466;-0.7738400371038292;0.0;0.0;0.0;0.0;0.0;88.29631412319527;110.64387953547669;39.34735097811307;188.70394935144955;-12.34711473817303
925.0;0.0;5.4096352118178834e-8;0.0;2.267277594785883e-8;0.0;0.0;0.0;0.0;0.0;0.0;0.28634650928619815;0.20114724163947034;0.2863464795932466;-0.7738400371038292;0.0;0.0;0.0;0.0;0.0;88.29631412319527;110.64387953547669;39.34735097811307;188.70394935144955;-12.34711473817303
926.0;0.0;5.4096352118178834e-8;0.0;2.267277594785883e-8;0.0;0.0;0.0;0.0;0.0;0.0;0.28634650928619815;0.20114724163947034;0.2863464795932466;-0.7738400371038292;0.0;0.0;0.0;0.0;0.0;88.29631412319527;110.64387953547669;39.34735097811307;188.70394935144955;-12.34711473817303
927.0;0.0;5.4096352118178834e-8;0.0;2.267277594785883e-8;0.0;0.0;0.0;0.0;0.0;0.0;0.28634650928619815;0.20114724163947034;0.2863464795932466;-0.7738400371038292;0.0;0.0;0.0;0.0;0.0;88.29631412319527;110.64387953547669;39.34735097811307;188.70394935144955;-12.34711473817303
928.0;0.0;5.4096352118178834e-8;0.0;2.267277594785883e-8;0.0;0.0;0.0;0.0;0.0;0.0;0.28634650928619815;0.20114724163947034;0.2863464795932466;-0.7738400371038292;0.0;0.0;0.0;0.0;0.0;88.29631412319527;110.64387953547669;39.34735097811307;188.70394935144955;-12.34711473817303
929.0;0.0;5.4096352118178834e-8;0.0;2.267277594785883e-8;0.0;0.0;0.0;0.0;0.0;0.0;0.28634650928619815;0.20114724163947034;0.2863464795932466;-0.7738400371038292;0.0;0.0;0.0;0.0;0.0;88.29631412319527;110.64387953547669;39.34735097811307;188.70394935144955;-12.34711473817303
930.0;0.0;5.4096352118178834e-8;0.0;2.267277594785883e-8;0.0;0.0;0.0;0.0;0.0;0.0;0.28634650928619815;0.20114724163947034;0.2863464795932466;-0.7738400371038292;0.0;0.0;0.0;0.0;0.0;88.29631412319527;110.64387953547669;39.34735097811307;188.70394935144955;-12.34711473817303
931.0;0.0;5.4096352118178834e-8;0.0;2.267277594785883e-8;0.0;0.0;0.0;0.0;0.0;0.0;0.28634650928619815;0.20114724163947034;0.2863464795932466;-0.7738400371038292;0.0;0.0;0.0;0.0;0.0;88.29631412319527;110.64387953547669;39.34735097811307;188.70394935144955;-12.34711473817303
932.0;0.0;5.4096352118178834e-8;0.0;2.267277594785883e-8;0.0;0.0;0.0;0.0;0.0;0.0;0.28634650928619815;0.20114724163947034;0.2863464795932466;-0.7738400371038292;0.0;0.0;0.0;0.0;0.0;88.29631412319527;110.64387953547669;39.34735097811307;188.70394935144955;-12.34711473817303
933.0;0.0;5.4096352118178834e-8;0.0;2.267277594785883e-8;0.0;0.0;0.0;0.0;0.0;0.0;0.28634650928619815;0.20114724163947034;0.2863464795932466;-0.7738400371038292;0.0;0.0;0.0;0.0;0.0;88.29631412319527;110.64387953547669;39.34735097811307;188.70394935144955;-12.34711473817303
934.0;0.0;5.4096352118178834e-8;0.0;2.267277594785883e-8;0.0;0.0;0.0;0.0;0.0;0.0;0.28634650928619815;0.20114724163947034;0.2863464795932466;-0.7738400371038292;0.0;0.0;0.0;0.0;0.0;88.29631412319527;110.64387953547669;39.34735097811307;188.70394935144955;-12.34711473817303
935.0;0.0;5.4096352118178834e-8;0.0;2.267277594785883e-8;0.0;0.0;0.0;0.0;0.0;0.0;0.28634650928619815;0.20114724163947034;0.2863464795932466;-0.7738400371038292;0.0;0.0;0.0;0.0;0.0;88.29631412319527;110.64387953547669;39.34735097811307;188.70394935144955;-12.34711473817303
936.0;0.0;5.4096352118178834e-8;0.0;2.267277594785883e-8;0.0;0.0;0.0;0.0;0.0;0.0;0.28634650928619815;0.20114724163947034;0.2863464795932466;-0.7738400371038292;0.0;0.0;0.0;0.0;0.0;88.29631412319527;110.64387953547669;39.34735097811307;188.70394935144955;-12.34711473817303
937.0;0.0;1.8197162981992862e-9;0.0;2.267277594785883e-8;0.0;0.0;0.0;0.0;0.0;0.0;0.4581173290562603;0.1518301935011853;0.9207268566771907;-1.5306743727675445;0.0;0.0;0.0;0.0;0.0;88.29631412319527;110.64387953547669;39.34735097811307;188.70394935144955;-12.34711473817303
938.0;0.0;1.8197162981992862e-9;0.0;2.267277594785883e-8;0.0;0.0;0.0;0.0;0.0;0.0;0.4581173290562603;0.1518301935011853;0.9207268566771907;-1.5306743727675445;0.0;0.0;0.0;0.0;0.0;88.29631412319527;110.64387953547669;39.34735097811307;188.70394935144955;-12.34711473817303
939.0;0.0;1.8197162981992862e-9;0.0;2.267277594785883e-8;0.0;0.0;0.0;0.0;0.0;0.0;0.4581173290562603;0.1518301935011853;0.9207268566771907;-1.5306743727675445;0.0;0.0;0.0;0.0;0.0;88.29631412319527;110.64387953547669;39.34735097811307;188.70394935144955;-12.34711473817303
940.0;0.0;1.8197162981992862e-9;0.0;2.267277594785883e-8;0.0;0.0;0.0;0.0;0.0;0.0;0.4581173290562603;0.1518301935011853;0.9207268566771907;-1.5306743727675445;0.0;0.0;0.0;0.0;0.0;88.29631412319527;110.64387953547669;39.34735097811307;188.70394935144955;-12.34711473817303
941.0;0.0;1.8197162981992862e-9;0.0;2.267277594785883e-8;0.0;0.0;0.0;0.0;0.0;0.0;0.4581173290562603;0.1518301935011853;0.9207268566771907;-1.5306743727675445;0.0;0.0;0.0;0.0;0.0;88.29631412319527;110.64387953547669;39.34735097811307;188.70394935144955;-12.34711473817303
942.0;0.0;1.8197162981992862e-9;0.0;2.267277594785883e-8;0.0;0.0;0.0;0.0;0.0;0.0;0.4581173290562603;0.1518301935011853;0.9207268566771907;-1.5306743727675445;0.0;0.0;0.0;0.0;0.0;88.29631412319527;110.64387953547669;39.34735097811307;188.70394935144955;-12.34711473817303
943.0;0.0;1.8197162981992862e-9;0.0;2.267277594785883e-8;0.0;0.0;0.0;0.0;0.0;0.0;0.4581173290562603;0.1518301935011853;0.9207268566771907;-1.5306743727675445;0.0;0.0;0.0;0.0;0.0;88.29631412319527;110.64387953547669;39.34735097811307;188.70394935144955;-12.34711473817303
944.0;0.0;1.8197162981992862e-9;0.0;2.267277594785883e-8;0.0;0.0;0.0;0.0;0.0;0.0;0.4581173290562603;0.1518301935011853;0.9207268566771907;-1.5306743727675445;0.0;0.0;0.0;0.0;0.0;88.29631412319527;110.64387953547669;39.34735097811307;188.70394935144955;-12.34711473817303
945.0;0.0;1.8197162981992862e-9;0.0;2.267277594785883e-8;0.0;0.0;0.0;0.0;0.0;0.0;0.4581173290562603;0.1518301935011853;0.9207268566771907;-1.5306743727675445;0.0;0.0;0.0;0.0;0.0;88.29631412319527;110.64387953547669;39.34735097811307;188.70394935144955;-12.34711473817303
946.0;0.0;1.8197162981992862e-9;0.0;2.267277594785883e-8;0.0;0.0;0.0;0.0;0.0;0.0;0.4581173290562603;0.1518301935011853;0.9207268566771907;-1.5306743727675445;0.0;0.0;0.0;0.0;0.0;88.29631412319527;110.64387953547669;39.34735097811307;188.70394935144955;-12.34711473817303
947.0;0.0;1.8197162981992862e-9;0.0;2.267277594785883e-8;0.0;0.0;0.0;0.0;0.0;0.0;0.4581173290562603;0.1518301935011853;0.9207268566771907;-1.5306743727675445;0.0;0.0;0.0;0.0;0.0;88.29631412319527;110.64387953547669;39.34735097811307;188.70394935144955;-12.34711473817303
948.0;0.0;1.8197162981992862e-9;0.0;2.267277594785883e-8;0.0;0.0;0.0;0.0;0.0;0.0;0.4581173290562603;0.1518301935011853;0.9207268566771907;-1.5306743727675445;0.0;0.0;0.0;0.0;0.0;88.29631412319527;110.64387953547669;39.34735097811307;188.70394935144955;-12.34711473817303
949.0;0.0;1.8197162981992862e-9;0.0;2.267277594785883e-8;0.0;0.0;0.0;0.0;0.0;0.0;0.4581173290562603;0.1518301935011853;0.9207268566771907;-1.5306743727675445;0.0;0.0;0.0;0.0;0.0;88.29631412319527;110.64387953547669;39.34735097811307;188.70394935144955;-12.34711473817303
950.0;0.0;1.8197162981992862e-9;0.0;2.267277594785883e-8;0.0;0.0;0.0;0.0;0.0;0.0;0.4581173290562603;0.1518301935011853;0.9207268566771907;-1.5306743727675445;0.0;0.0;0.0;0.0;0.0;88.29631412319527;110.64387953547669;39.34735097811307;188.70394935144955;-12.34711473817303
951.0;0.0;1.8197162981992862e-9;0.0;2.267277594785883e-8;0.0;0.0;0.0;0.0;0.0;0.0;0.4581173290562603;0.1518301935011853;0.9207268566771907;-1.5306743727675445;0.0;0.0;0.0;0.0;0.0;88.29631412319527;110.64387953547669;39.34735097811307;188.70394935144955;-12.34711473817303
952.0;0.0;1.8197162981992862e-9;0.0;2.267277594785883e-8;0.0;0.0;0.0;0.0;0.0;0.0;0.4581173290562603;0.1518301935011853;0.9207268566771907;-1.5306743727675445;0.0;0.0;0.0;0.0;0.0;88.29631412319527;110.64387953547669;39.34735097811307;188.70394935144955;-12.34711473817303
953.0;0.0;1.8197162981992862e-9;0.0;2.267277594785883e-8;0.0;0.0;0.0;0.0;0.0;0.0;0.4581173290562603;0.1518301935011853;0.9207268566771907;-1.5306743727675445;0.0;0.0;0.0;0.0;0.0;88.29631412319527;110.64387953547669;39.34735097811307;188.70394935144955;-12.34711473817303
954.0;0.0;1.8197162981992862e-9;0.0;2.267277594785883e-8;0.0;0.0;0.0;0.0;0.0;0.0;0.4581173290562603;0.1518301935011853;0.9207268566771907;-1.5306743727675445;0.0;0.0;0.0;0.0;0.0;88.29631412319527;110.64387953547669;39.34735097811307;188.70394935144955;-12.34711473817303
955.0;0.0;1.8197162981992862e-9;0.0;2.267277594785883e-8;0.0;0.0;0.0;0.0;0.0;0.0;0.4581173290562603;0.1518301935011853;0.9207268566771907;-1.5306743727675445;0.0;0.0;0.0;0.0;0.0;88.29631412319527;110.64387953547669;39.34735097811307;188.70394935144955;-12.34711473817303
956.0;0.0;1.8197162981992862e-9;0.0;2.267277594785883e-8;0.0;0.0;0.0;0.0;0.0;0.0;0.4581173290562603;0.1518301935011853;0.9207268566771907;-1.5306743727675445;0.0;0.0;0.0;0.0;0.0;88.29631412319527;110.64387953547669;39.34735097811307;188.70394935144955;-12.34711473817303
957.0;0.0;1.8197162981992862e-9;0.0;2.267277594785883e-8;0.0;0.0;0.0;0.0;0.0;0.0;0.4581173290562603;0.1518301935011853;0.9207268566771907;-1.5306743727675445;0.0;0.0;0.0;0.0;0.0;88.29631412319527;110.64387953547669;39.34735097811307;188.70394935144955;-12.34711473817303
958.0;0.0;1.8197162981992862e-9;0.0;2.267277594785883e-8;0.0;0.0;0.0;0.0;0.0;0.0;0.4581173290562603;0.1518301935011853;0.9207268566771907;-1.5306743727675445;0.0;0.0;0.0;0.0;0.0;88.29631412319527;110.64387953547669;39.34735097811307;188.70394935144955;-12.34711473817303
959.0;0.0;1.8197162981992862e-9;0.0;2.267277594785883e-8;0.0;0.0;0.0;0.0;0.0;0.0;0.4581173290562603;0.1518301935011853;0.9207268566771907;-1.5306743727675445;0.0;0.0;0.0;0.0;0.0;88.29631412319527;110.64387953547669;39.34735097811307;188.70394935144955;-12.34711473817303
960.0;0.0;1.8197162981992862e-9;0.0;2.267277594785883e-8;0.0;0.0;0.0;0.0;0.0;0.0;0.4581173290562603;0.1518301935011853;0.9207268566771907;-1.5306743727675445;0.0;0.0;0.0;0.0;0.0;88.29631412319527;110.64387953547669;39.34735097811307;188.70394935144955;-12.34711473817303
961.0;0.0;2.3323511487368058e-7;0.0;1.4312268159521827e-7;0.0;0.0;0.0;0.0;0.0;5.27938687005173e-13;0.3192419163102951;0.18236224103952905;1.2762233961027283;-1.7778268605401337;0.0;0.0;0.0;0.0;0.0;80.61893714435438;102.64550863495336;40.722751485554475;215.3364465131048;-11.495292459075891
962.0;0.0;2.3323511487368058e-7;0.0;1.4312268159521827e-7;0.0;0.0;0.0;0.0;0.0;5.27938687005173e-13;0.3192419163102951;0.18236224103952905;1.2762233961027283;-1.7778268605401337;0.0;0.0;0.0;0.0;0.0;80.61893714435438;102.64550863495336;40.722751485554475;215.3364465131048;-11.495292459075891
963.0;0.0;2.3323511487368058e-7;0.0;1.4312268159521827e-7;0.0;0.0;0.0;0.0;0.0;5.27938687005173e-13;0.3192419163102951;0.18236224103952905;1.2762233961027283;-1.7778268605401337;0.0;0.0;0.0;0.0;0.0;80.61893714435438;102.64550863495336;40.722751485554475;215.3364465131048;-11.495292459075891
964.0;0.0;2.3323511487368058e-7;0.0;1.4312268159521827e-7;0.0;0.0;0.0;0.0;0.0;5.27938687005173e-13;0.3192419163102951;0.18236224103952905;1.2762233961027283;-1.7778268605401337;0.0;0.0;0.0;0.0;0.0;80.61893714435438;102.64550863495336;40.722751485554475;215.3364465131048;-11.495292459075891
965.0;0.0;2.3323511487368058e-7;0.0;1.4312268159521827e-7;0.0;0.0;0.0;0.0;0.0;5.27938687005173e-13;0.3192419163102951;0.18236224103952905;1.2762233961027283;-1.7778268605401337;0.0;0.0;0.0;0.0;0.0;80.61893714435438;102.64550863495336;40.722751485554475;215.3364465131048;-11.495292459075891
966.0;0.0;2.3323511487368058e-7;0.0;1.4312268159521827e-7;0.0;0.0;0.0;0.0;0.0;5.27938687005173e-13;0.3192419163102951;0.18236224103952905;1.2762233961027283;-1.7778268605401337;0.0;0.0;0.0;0.0;0.0;80.61893714435438;102.64550863495336;40.722751485554475;215.3364465131048;-11.495292459075891
967.0;0.0;2.3323511487368058e-7;0.0;1.4312268159521827e-7;0.0;0.0;0.0;0.0;0.0;5.27938687005173e-13;0.3192419163102951;0.18236224103952905;1.2762233961027283;-1.7778268605401337;0.0;0.0;0.0;0.0;0.0;80.61893714435438;102.64550863495336;40.722751485554475;215.3364465131048;-11.495292459075891
968.0;0.0;2.3323511487368058e-7;0.0;1.4312268159521827e-7;0.0;0.0;0.0;0.0;0.0;5.27938687005173e-13;0.3192419163102951;0.18236224103952905;1.2762233961027283;-1.7778268605401337;0.0;0.0;0.0;0.0;0.0;80.61893714435438;102.64550863495336;40.722751485554475;215.3364465131048;-11.495292459075891
969.0;0.0;2.3323511487368058e-7;0.0;1.4312268159521827e-7;0.0;0.0;0.0;0.0;0.0;5.27938687005173e-13;0.3192419163102951;0.18236224103952905;1.2762233961027283;-1.7778268605401337;0.0;0.0;0.0;0.0;0.0;80.61893714435438;102.64550863495336;40.722751485554475;215.3364465131048;-11.495292459075891
970.0;0.0;2.3323511487368058e-7;0.0;1.4312268159521827e-7;0.0;0.0;0.0;0.0;0.0;5.27938687005173e-13;0.3192419163102951;0.18236224103952905;1.2762233961027283;-1.7778268605401337;0.0;0.0;0.0;0.0;0.0;80.61893714435438;102.64550863495336;40.722751485554475;215.3364465131048;-11.495292459075891
971.0;0.0;2.3323511487368058e-7;0.0;1.4312268159521827e-7;0.0;0.0;0.0;0.0;0.0;5.27938687005173e-13;0.3192419163102951;0.18236224103952905;1.2762233961027283;-1.7778268605401337;0.0;0.0;0.0;0.0;0.0;80.61893714435438;102.64550863495336;40.722751485554475;215.3364465131048;-11.495292459075891
972.0;0.0;2.3323511487368058e-7;0.0;1.4312268159521827e-7;0.0;0.0;0.0;0.0;0.0;5.27938687005173e-13;0.3192419163102951;0.18236224103952905;1.2762233961027283;-1.7778268605401337;0.0;0.0;0.0;0.0;0.0;80.61893714435438;102.64550863495336;40.722751485554475;215.3364465131048;-11.495292459075891
973.0;0.0;2.3323511487368058e-7;0.0;1.4312268159521827e-7;0.0;0.0;0.0;0.0;0.0;5.27938687005173e-13;0.3192419163102951;0.18236224103952905;1.2762233961027283;-1.7778268605401337;0.0;0.0;0.0;0.0;0.0;80.61893714435438;102.64550863495336;40.722751485554475;215.3364465131048;-11.495292459075891
974.0;0.0;2.3323511487368058e-7;0.0;1.4312268159521827e-7;0.0;0.0;0.0;0.0;0.0;5.27938687005173e-13;0.3192419163102951;0.18236224103952905;1.2762233961027283;-1.7778268605401337;0.0;0.0;0.0;0.0;0.0;80.61893714435438;102.64550863495336;40.722751485554475;215.3364465131048;-11.495292459075891
975.0;0.0;2.3323511487368058e-7;0.0;1.4312268159521827e-7;0.0;0.0;0.0;0.0;0.0;5.27938687005173e-13;0.3192419163102951;0.18236224103952905;1.2762233961027283;-1.7778268605401337;0.0;0.0;0.0;0.0;0.0;80.61893714435438;102.64550863495336;40.722751485554475;215.3364465131048;-11.495292459075891
976.0;0.0;2.3323511487368058e-7;0.0;1.4312268159521827e-7;0.0;0.0;0.0;0.0;0.0;5.27938687005173e-13;0.3192419163102951;0.18236224103952905;1.2762233961027283;-1.7778268605401337;0.0;0.0;0.0;0.0;0.0;80.61893714435438;102.64550863495336;40.722751485554475;215.3364465131048;-11.495292459075891
977.0;0.0;2.3323511487368058e-7;0.0;1.4312268159521827e-7;0.0;0.0;0.0;0.0;0.0;5.27938687005173e-13;0.3192419163102951;0.18236224103952905;1.2762233961027283;-1.7778268605401337;0.0;0.0;0.0;0.0;0.0;80.61893714435438;102.64550863495336;40.722751485554475;215.3364465131048;-11.495292459075891
978.0;0.0;2.3323511487368058e-7;0.0;1.4312268159521827e-7;0.0;0.0;0.0;0.0;0.0;5.27938687005173e-13;0.3192419163102951;0.18236224103952905;1.2762233961027283;-1.7778268605401337;0.0;0.0;0.0;0.0;0.0;80.61893714435438;102.64550863495336;40.722751485554475;215.3364465131048;-11.495292459075891
979.0;0.0;2.3323511487368058e-7;0.0;1.4312268159521827e-7;0.0;0.0;0.0;0.0;0.0;5.27938687005173e-13;0.3192419163102951;0.18236224103952905;1.2762233961027283;-1.7778268605401337;0.0;0.0;0.0;0.0;0.0;80.61893714435438;102.64550863495336;40.722751485554475;215.3364465131048;-11.495292459075891
980.0;0.0;2.3323511487368058e-7;0.0;1.4312268159521827e-7;0.0;0.0;0.0;0.0;0.0;5.27938687005173e-13;0.3192419163102951;0.18236224103952905;1.2762233961027283;-1.7778268605401337;0.0;0.0;0.0;0.0;0.0;80.61893714435438;102.64550863495336;40.722751485554475;215.3364465131048;-11.495292459075891
981.0;0.0;2.3323511487368058e-7;0.0;1.4312268159521827e-7;0.0;0.0;0.0;0.0;0.0;5.27938687005173e-13;0.3192419163102951;0.18236224103952905;1.2762233961027283;-1.7778268605401337;0.0;0.0;0.0;0.0;0.0;80.61893714435438;102.64550863495336;40.722751485554475;215.3364465131048;-11.495292459075891
982.0;0.0;2.3323511487368058e-7;0.0;1.4312268159521827e-7;0.0;0.0;0.0;0.0;0.0;5.27938687005173e-13;0.3192419163102951;0.18236224103952905;1.2762233961027283;-1.7778268605401337;0.0;0.0;0.0;0.0;0.0;80.61893714435438;102.64550863495336;40.722751485554475;215.3364465131048;-11.495292459075891
983.0;0.0;2.3323511487368058e-7;0.0;1.4312268159521827e-7;0.0;0.0;0.0;0.0;0.0;5.27938687005173e-13;0.3192419163102951;0.18236224103952905;1.2762233961027283;-1.7778268605401337;0.0;0.0;0.0;0.0;0.0;80.61893714435438;102.64550863495336;40.722751485554475;215.3364465131048;-11.495292459075891
984.0;0.0;2.3323511487368058e-7;0.0;1.4312268159521827e-7;0.0;0.0;0.0;0.0;0.0;5.27938687005173e-13;0.3192419163102951;0.18236224103952905;1.2762233961027283;-1.7778268605401337;0.0;0.0;0.0;0.0;0.0;80.61893714435438;102.64550863495336;40.722751485554475;215.3364465131048;-11.495292459075891
985.0;0.0;1.6391194633087996e-8;0.0;1.4312268159521827e-7;0.0;0.0;0.0;0.0;0.0;5.27936475538219e-13;0.13171089053979973;0.12286785129266288;0.1317108731178272;-0.3862895716163624;0.0;0.0;0.0;0.0;0.0;80.61893714435438;102.64550863495336;40.722751485554475;215.3364465131048;-11.495292459075891
986.0;0.0;1.6391194633087996e-8;0.0;1.4312268159521827e-7;0.0;0.0;0.0;0.0;0.0;5.27936475538219e-13;0.13171089053979973;0.12286785129266288;0.1317108731178272;-0.3862895716163624;0.0;0.0;0.0;0.0;0.0;80.61893714435438;102.64550863495336;40.722751485554475;215.3364465131048;-11.495292459075891
987.0;0.0;1.6391194633087996e-8;0.0;1.4312268159521827e-7;0.0;0.0;0.0;0.0;0.0;5.27936475538219e-13;0.13171089053979973;0.12286785129266288;0.1317108731178272;-0.3862895716163624;0.0;0.0;0.0;0.0;0.0;80.61893714435438;102.64550863495336;40.722751485554475;215.3364465131048;-11.495292459075891
988.0;0.0;1.6391194633087996e-8;0.0;1.4312268159521827e-7;0.0;0.0;0.0;0.0;0.0;5.27936475538219e-13;0.13171089053979973;0.12286785129266288;0.1317108731178272;-0.3862895716163624;0.0;0.0;0.0;0.0;0.0;80.61893714435438;102.64550863495336;40.722751485554475;215.3364465131048;-11.495292459075891
989.0;0.0;1.6391194633087996e-8;0.0;1.4312268159521827e-7;0.0;0.0;0.0;0.0;0.0;5.27936475538219e-13;0.13171089053979973;0.12286785129266288;0.1317108731178272;-0.3862895716163624;0.0;0.0;0.0;0.0;0.0;80.61893714435438;102.64550863495336;40.722751485554475;215.3364465131048;-11.495292459075891
990.0;0.0;1.6391194633087996e-8;0.0;1.4312268159521827e-7;0.0;0.0;0.0;0.0;0.0;5.27936475538219e-13;0.13171089053979973;0.12286785129266288;0.1317108731178272;-0.3862895716163624;0.0;0.0;0.0;0.0;0.0;80.61893714435438;102.64550863495336;40.722751485554475;215.3364465131048;-11.495292459075891
991.0;0.0;1.6391194633087996e-8;0.0;1.4312268159521827e-7;0.0;0.0;0.0;0.0;0.0;5.27936475538219e-13;0.13171089053979973;0.12286785129266288;0.1317108731178272;-0.3862895716163624;0.0;0.0;0.0;0.0;0.0;80.61893714435438;102.64550863495336;40.722751485554475;215.3364465131048;-11.495292459075891
992.0;0.0;1.6391194633087996e-8;0.0;1.4312268159521827e-7;0.0;0.0;0.0;0.0;0.0;5.27936475538219e-13;0.13171089053979973;0.12286785129266288;0.1317108731178272;-0.3862895716163624;0.0;0.0;0.0;0.0;0.0;80.61893714435438;102.64550863495336;40.722751485554475;215.3364465131048;-11.495292459075891
993.0;0.0;1.6391194633087996e-8;0.0;1.4312268159521827e-7;0.0;0.0;0.0;0.0;0.0;5.27936475538219e-13;0.13171089053979973;0.12286785129266288;0.1317108731178272;-0.3862895716163624;0.0;0.0;0.0;0.0;0.0;80.61893714435438;102.64550863495336;40.722751485554475;215.3364465131048;-11.495292459075891
994.0;0.0;1.6391194633087996e-8;0.0;1.4312268159521827e-7;0.0;0.0;0.0;0.0;0.0;5.27936475538219e-13;0.13171089053979973;0.12286785129266288;0.1317108731178272;-0.3862895716163624;0.0;0.0;0.0;0.0;0.0;80.61893714435438;102.64550863495336;40.722751485554475;215.3364465131048;-11.495292459075891
995.0;0.0;1.6391194633087996e-8;0.0;1.4312268159521827e-7;0.0;0.0;0.0;0.0;0.0;5.27936475538219e-13;0.13171089053979973;0.12286785129266288;0.1317108731178272;-0.3862895716163624;0.0;0.0;0.0;0.0;0.0;80.61893714435438;102.64550863495336;40.722751485554475;215.3364465131048;-11.495292459075891
996.0;0.0;1.6391194633087996e-8;0.0;1.4312268159521827e-7;0.0;0.0;0.0;0.0;0.0;5.27936475538219e-13;0.13171089053979973;0.12286785129266288;0.1317108731178272;-0.3862895716163624;0.0;0.0;0.0;0.0;0.0;80.61893714435438;102.64550863495336;40.722751485554475;215.3364465131048;-11.495292459075891
997.0;0.0;1.6391194633087996e-8;0.0;1.4312268159521827e-7;0.0;0.0;0.0;0.0;0.0;5.27936475538219e-13;0.13171089053979973;0.12286785129266288;0.1317108731178272;-0.3862895716163624;0.0;0.0;0.0;0.0;0.0;80.61893714435438;102.64550863495336;40.722751485554475;215.3364465131048;-11.495292459075891
998.0;0.0;1.6391194633087996e-8;0.0;1.4312268159521827e-7;0.0;0.0;0.0;0.0;0.0;5.27936475538219e-13;0.13171089053979973;0.12286785129266288;0.1317108731178272;-0.3862895716163624;0.0;0.0;0.0;0.0;0.0;80.61893714435438;102.64550863495336;40.722751485554475;215.3364465131048;-11.495292459075891
999.0;0.0;1.6391194633087996e-8;0.0;1.4312268159521827e-7;0.0;0.0;0.0;0.0;0.0;5.27936475538219e-13;0.13171089053979973;0.12286785129266288;0.1317108731178272;-0.3862895716163624;0.0;0.0;0.0;0.0;0.0;80.61893714435438;102.64550863495336;40.722751485554475;215.3364465131048;-11.495292459075891
1000.0;0.0;1.6391194633087996e-8;0.0;1.4312268159521827e-7;0.0;0.0;0.0;0.0;0.0;5.27936475538219e-13;0.13171089053979973;0.12286785129266288;0.1317108731178272;-0.3862895716163624;0.0;0.0;0.0;0.0;0.0;80.61893714435438;102.64550863495336;40.722751485554475;215.3364465131048;-11.495292459075891
1001.0;0.0;1.6391194633087996e-8;0.0;1.4312268159521827e-7;0.0;0.0;0.0;0.0;0.0;5.27936475538219e-13;0.13171089053979973;0.12286785129266288;0.1317108731178272;-0.3862895716163624;0.0;0.0;0.0;0.0;0.0;80.61893714435438;102.64550863495336;40.722751485554475;215.3364465131048;-11.495292459075891
1002.0;0.0;1.6391194633087996e-8;0.0;1.4312268159521827e-7;0.0;0.0;0.0;0.0;0.0;5.27936475538219e-13;0.13171089053979973;0.12286785129266288;0.1317108731178272;-0.3862895716163624;0.0;0.0;0.0;0.0;0.0;80.61893714435438;102.64550863495336;40.722751485554475;215.3364465131048;-11.495292459075891
1003.0;0.0;1.6391194633087996e-8;0.0;1.4312268159521827e-7;0.0;0.0;0.0;0.0;0.0;5.27936475538219e-13;0.13171089053979973;0.12286785129266288;0.1317108731178272;-0.3862895716163624;0.0;0.0;0.0;0.0;0.0;80.61893714435438;102.64550863495336;40.722751485554475;215.3364465131048;-11.495292459075891
1004.0;0.0;1.6391194633087996e-8;0.0;1.4312268159521827e-7;0.0;0.0;0.0;0.0;0.0;5.27936475538219e-13;0.13171089053979973;0.12286785129266288;0.1317108731178272;-0.3862895716163624;0.0;0.0;0.0;0.0;0.0;80.61893714435438;102.64550863495336;40.722751485554475;215.3364465131048;-11.495292459075891
1005.0;0.0;1.6391194633087996e-8;0.0;1.4312268159521827e-7;0.0;0.0;0.0;0.0;0.0;5.27936475538219e-13;0.13171089053979973;0.12286785129266288;0.1317108731178272;-0.3862895716163624;0.0;0.0;0.0;0.0;0.0;80.61893714435438;102.64550863495336;40.722751485554475;215.3364465131048;-11.495292459075891
1006.0;0.0;1.6391194633087996e-8;0.0;1.4312268159521827e-7;0.0;0.0;0.0;0.0;0.0;5.27936475538219e-13;0.13171089053979973;0.12286785129266288;0.1317108731178272;-0.3862895716163624;0.0;0.0;0.0;0.0;0.0;80.61893714435438;102.64550863495336;40.722751485554475;215.3364465131048;-11.495292459075891
1007.0;0.0;1.6391194633087996e-8;0.0;1.4312268159521827e-7;0.0;0.0;0.0;0.0;0.0;5.27936475538219e-13;0.13171089053979973;0.12286785129266288;0.1317108731178272;-0.3862895716163624;0.0;0.0;0.0;0.0;0.0;80.61893714435438;102.64550863495336;40.722751485554475;215.3364465131048;-11.495292459075891
1008.0;0.0;1.6391194633087996e-8;0.0;1.4312268159521827e-7;0.0;0.0;0.0;0.0;0.0;5.27936475538219e-13;0.13171089053979973;0.12286785129266288;0.1317108731178272;-0.3862895716163624;0.0;0.0;0.0;0.0;0.0;80.61893714435438;102.64550863495336;40.722751485554475;215.3364465131048;-11.495292459075891
1009.0;0.0;1.4417462493680633e-7;0.0;1.4312268159521827e-7;0.0;0.0;0.0;0.0;0.0;5.279411552210276e-13;0.16450980181238237;0.11061381622986774;0.16450957429730845;-0.43963276097647;0.0;0.0;0.0;0.0;0.0;80.61893714435438;102.64550863495336;40.722751485554475;215.3364465131048;-11.495292459075891
1010.0;0.0;1.4417462493680633e-7;0.0;1.4312268159521827e-7;0.0;0.0;0.0;0.0;0.0;5.279411552210276e-13;0.16450980181238237;0.11061381622986774;0.16450957429730845;-0.43963276097647;0.0;0.0;0.0;0.0;0.0;80.61893714435438;102.64550863495336;40.722751485554475;215.3364465131048;-11.495292459075891
1011.0;0.0;1.4417462493680633e-7;0.0;1.4312268159521827e-7;0.0;0.0;0.0;0.0;0.0;5.279411552210276e-13;0.16450980181238237;0.11061381622986774;0.16450957429730845;-0.43963276097647;0.0;0.0;0.0;0.0;0.0;80.61893714435438;102.64550863495336;40.722751485554475;215.3364465131048;-11.495292459075891
1012.0;0.0;1.4417462493680633e-7;0.0;1.4312268159521827e-7;0.0;0.0;0.0;0.0;0.0;5.279411552210276e-13;0.16450980181238237;0.11061381622986774;0.16450957429730845;-0.43963276097647;0.0;0.0;0.0;0.0;0.0;80.61893714435438;102.64550863495336;40.722751485554475;215.3364465131048;-11.495292459075891
1013.0;0.0;1.4417462493680633e-7;0.0;1.4312268159521827e-7;0.0;0.0;0.0;0.0;0.0;5.279411552210276e-13;0.16450980181238237;0.11061381622986774;0.16450957429730845;-0.43963276097647;0.0;0.0;0.0;0.0;0.0;80.61893714435438;102.64550863495336;40.722751485554475;215.3364465131048;-11.495292459075891
1014.0;0.0;1.4417462493680633e-7;0.0;1.4312268159521827e-7;0.0;0.0;0.0;0.0;0.0;5.279411552210276e-13;0.16450980181238237;0.11061381622986774;0.16450957429730845;-0.43963276097647;0.0;0.0;0.0;0.0;0.0;80.61893714435438;102.64550863495336;40.722751485554475;215.3364465131048;-11.495292459075891
1015.0;0.0;1.4417462493680633e-7;0.0;1.4312268159521827e-7;0.0;0.0;0.0;0.0;0.0;5.279411552210276e-13;0.16450980181238237;0.11061381622986774;0.16450957429730845;-0.43963276097647;0.0;0.0;0.0;0.0;0.0;80.61893714435438;102.64550863495336;40.722751485554475;215.3364465131048;-11.495292459075891
1016.0;0.0;1.4417462493680633e-7;0.0;1.4312268159521827e-7;0.0;0.0;0.0;0.0;0.0;5.279411552210276e-13;0.16450980181238237;0.11061381622986774;0.16450957429730845;-0.43963276097647;0.0;0.0;0.0;0.0;0.0;80.61893714435438;102.64550863495336;40.722751485554475;215.3364465131048;-11.495292459075891
1017.0;0.0;1.4417462493680633e-7;0.0;1.4312268159521827e-7;0.0;0.0;0.0;0.0;0.0;5.279411552210276e-13;0.16450980181238237;0.11061381622986774;0.16450957429730845;-0.43963276097647;0.0;0.0;0.0;0.0;0.0;80.61893714435438;102.64550863495336;40.722751485554475;215.3364465131048;-11.495292459075891
1018.0;0.0;1.4417462493680633e-7;0.0;1.4312268159521827e-7;0.0;0.0;0.0;0.0;0.0;5.279411552210276e-13;0.16450980181238237;0.11061381622986774;0.16450957429730845;-0.43963276097647;0.0;0.0;0.0;0.0;0.0;80.61893714435438;102.64550863495336;40.722751485554475;215.3364465131048;-11.495292459075891
1019.0;0.0;1.4417462493680633e-7;0.0;1.4312268159521827e-7;0.0;0.0;0.0;0.0;0.0;5.279411552210276e-13;0.16450980181238237;0.11061381622986774;0.16450957429730845;-0.43963276097647;0.0;0.0;0.0;0.0;0.0;80.61893714435438;102.64550863495336;40.722751485554475;215.3364465131048;-11.495292459075891
1020.0;0.0;1.4417462493680633e-7;0.0;1.4312268159521827e-7;0.0;0.0;0.0;0.0;0.0;5.279411552210276e-13;0.16450980181238237;0.11061381622986774;0.16450957429730845;-0.43963276097647;0.0;0.0;0.0;0.0;0.0;80.61893714435438;102.64550863495336;40.722751485554475;215.3364465131048;-11.495292459075891
1021.0;0.0;1.4417462493680633e-7;0.0;1.4312268159521827e-7;0.0;0.0;0.0;0.0;0.0;5.279411552210276e-13;0.16450980181238237;0.11061381622986774;0.16450957429730845;-0.43963276097647;0.0;0.0;0.0;0.0;0.0;80.61893714435438;102.64550863495336;40.722751485554475;215.3364465131048;-11.495292459075891
1022.0;0.0;1.4417462493680633e-7;0.0;1.4312268159521827e-7;0.0;0.0;0.0;0.0;0.0;5.279411552210276e-13;0.16450980181238237;0.11061381622986774;0.16450957429730845;-0.43963276097647;0.0;0.0;0.0;0.0;0.0;80.61893714435438;102.64550863495336;40.722751485554475;215.3364465131048;-11.495292459075891
1023.0;0.0;1.4417462493680633e-7;0.0;1.4312268159521827e-7;0.0;0.0;0.0;0.0;0.0;5.279411552210276e-13;0.16450980181238237;0.11061381622986774;0.16450957429730845;-0.43963276097647;0.0;0.0;0.0;0.0;0.0;80.61893714435438;102.64550863495336;40.722751485554475;215.3364465131048;-11.495292459075891
1024.0;0.0;1.4417462493680633e-7;0.0;1.4312268159521827e-7;0.0;0.0;0.0;0.0;0.0;5.279411552210276e-13;0.16450980181238237;0.11061381622986774;0.16450957429730845;-0.43963276097647;0.0;0.0;0.0;0.0;0.0;80.61893714435438;102.64550863495336;40.722751485554475;215.3364465131048;-11.495292459075891
1025.0;0.0;1.4417462493680633e-7;0.0;1.4312268159521827e-7;0.0;0.0;0.0;0.0;0.0;5.279411552210276e-13;0.16450980181238237;0.11061381622986774;0.16450957429730845;-0.43963276097647;0.0;0.0;0.0;0.0;0.0;80.61893714435438;102.64550863495336;40.722751485554475;215.3364465131048;-11.495292459075891
1026.0;0.0;1.4417462493680633e-7;0.0;1.4312268159521827e-7;0.0;0.0;0.0;0.0;0.0;5.279411552210276e-13;0.16450980181238237;0.11061381622986774;0.16450957429730845;-0.43963276097647;0.0;0.0;0.0;0.0;0.0;80.61893714435438;102.64550863495336;40.722751485554475;215.3364465131048;-11.495292459075891
1027.0;0.0;1.4417462493680633e-7;0.0;1.4312268159521827e-7;0.0;0.0;0.0;0.0;0.0;5.279411552210276e-13;0.16450980181238237;0.11061381622986774;0.16450957429730845;-0.43963276097647;0.0;0.0;0.0;0.0;0.0;80.61893714435438;102.64550863495336;40.722751485554475;215.3364465131048;-11.495292459075891
1028.0;0.0;1.4417462493680633e-7;0.0;1.4312268159521827e-7;0.0;0.0;0.0;0.0;0.0;5.279411552210276e-13;0.16450980181238237;0.11061381622986774;0.16450957429730845;-0.43963276097647;0.0;0.0;0.0;0.0;0.0;80.61893714435438;102.64550863495336;40.722751485554475;215.3364465131048;-11.495292459075891
1029.0;0.0;1.4417462493680633e-7;0.0;1.4312268159521827e-7;0.0;0.0;0.0;0.0;0.0;5.279411552210276e-13;0.16450980181238237;0.11061381622986774;0.16450957429730845;-0.43963276097647;0.0;0.0;0.0;0.0;0.0;80.61893714435438;102.64550863495336;40.722751485554475;215.3364465131048;-11.495292459075891
1030.0;0.0;1.4417462493680633e-7;0.0;1.4312268159521827e-7;0.0;0.0;0.0;0.0;0.0;5.279411552210276e-13;0.16450980181238237;0.11061381622986774;0.16450957429730845;-0.43963276097647;0.0;0.0;0.0;0.0;0.0;80.61893714435438;102.64550863495336;40.722751485554475;215.3364465131048;-11.495292459075891
1031.0;0.0;1.4417462493680633e-7;0.0;1.4312268159521827e-7;0.0;0.0;0.0;0.0;0.0;5.279411552210276e-13;0.16450980181238237;0.11061381622986774;0.16450957429730845;-0.43963276097647;0.0;0.0;0.0;0.0;0.0;80.61893714435438;102.64550863495336;40.722751485554475;215.3364465131048;-11.495292459075891
1032.0;0.0;1.4417462493680633e-7;0.0;1.4312268159521827e-7;0.0;0.0;0.0;0.0;0.0;5.279411552210276e-13;0.16450980181238237;0.11061381622986774;0.16450957429730845;-0.43963276097647;0.0;0.0;0.0;0.0;0.0;80.61893714435438;102.64550863495336;40.722751485554475;215.3364465131048;-11.495292459075891
1033.0;0.0;3.75253745795679e-8;0.0;1.4312268159521827e-7;0.0;0.0;0.0;0.0;0.0;5.279369252158304e-13;0.3940810833834329;0.07271159808122143;0.37589690935413556;-0.8426894785789132;0.0;0.0;0.0;0.0;0.0;80.61893714435438;102.64550863495336;40.722751485554475;215.3364465131048;-11.495292459075891
1034.0;0.0;3.75253745795679e-8;0.0;1.4312268159521827e-7;0.0;0.0;0.0;0.0;0.0;5.279369252158304e-13;0.3940810833834329;0.07271159808122143;0.37589690935413556;-0.8426894785789132;0.0;0.0;0.0;0.0;0.0;80.61893714435438;102.64550863495336;40.722751485554475;215.3364465131048;-11.495292459075891
1035.0;0.0;3.75253745795679e-8;0.0;1.4312268159521827e-7;0.0;0.0;0.0;0.0;0.0;5.279369252158304e-13;0.3940810833834329;0.07271159808122143;0.37589690935413556;-0.8426894785789132;0.0;0.0;0.0;0.0;0.0;80.61893714435438;102.64550863495336;40.722751485554475;215.3364465131048;-11.495292459075891
1036.0;0.0;3.75253745795679e-8;0.0;1.4312268159521827e-7;0.0;0.0;0.0;0.0;0.0;5.279369252158304e-13;0.3940810833834329;0.07271159808122143;0.37589690935413556;-0.8426894785789132;0.0;0.0;0.0;0.0;0.0;80.61893714435438;102.64550863495336;40.722751485554475;215.3364465131048;-11.495292459075891
1037.0;0.0;3.75253745795679e-8;0.0;1.4312268159521827e-7;0.0;0.0;0.0;0.0;0.0;5.279369252158304e-13;0.3940810833834329;0.07271159808122143;0.37589690935413556;-0.8426894785789132;0.0;0.0;0.0;0.0;0.0;80.61893714435438;102.64550863495336;40.722751485554475;215.3364465131048;-11.495292459075891
1038.0;0.0;3.75253745795679e-8;0.0;1.4312268159521827e-7;0.0;0.0;0.0;0.0;0.0;5.279369252158304e-13;0.3940810833834329;0.07271159808122143;0.37589690935413556;-0.8426894785789132;0.0;0.0;0.0;0.0;0.0;80.61893714435438;102.64550863495336;40.722751485554475;215.3364465131048;-11.495292459075891
1039.0;0.0;3.75253745795679e-8;0.0;1.4312268159521827e-7;0.0;0.0;0.0;0.0;0.0;5.279369252158304e-13;0.3940810833834329;0.07271159808122143;0.37589690935413556;-0.8426894785789132;0.0;0.0;0.0;0.0;0.0;80.61893714435438;102.64550863495336;40.722751485554475;215.3364465131048;-11.495292459075891
1040.0;0.0;3.75253745795679e-8;0.0;1.4312268159521827e-7;0.0;0.0;0.0;0.0;0.0;5.279369252158304e-13;0.3940810833834329;0.07271159808122143;0.37589690935413556;-0.8426894785789132;0.0;0.0;0.0;0.0;0.0;80.61893714435438;102.64550863495336;40.722751485554475;215.3364465131048;-11.495292459075891
1041.0;0.0;3.75253745795679e-8;0.0;1.4312268159521827e-7;0.0;0.0;0.0;0.0;0.0;5.279369252158304e-13;0.3940810833834329;0.07271159808122143;0.37589690935413556;-0.8426894785789132;0.0;0.0;0.0;0.0;0.0;80.61893714435438;102.64550863495336;40.722751485554475;215.3364465131048;-11.495292459075891
1042.0;0.0;3.75253745795679e-8;0.0;1.4312268159521827e-7;0.0;0.0;0.0;0.0;0.0;5.279369252158304e-13;0.3940810833834329;0.07271159808122143;0.37589690935413556;-0.8426894785789132;0.0;0.0;0.0;0.0;0.0;80.61893714435438;102.64550863495336;40.722751485554475;215.3364465131048;-11.495292459075891
1043.0;0.0;3.75253745795679e-8;0.0;1.4312268159521827e-7;0.0;0.0;0.0;0.0;0.0;5.279369252158304e-13;0.3940810833834329;0.07271159808122143;0.37589690935413556;-0.8426894785789132;0.0;0.0;0.0;0.0;0.0;80.61893714435438;102.64550863495336;40.722751485554475;215.3364465131048;-11.495292459075891
1044.0;0.0;3.75253745795679e-8;0.0;1.4312268159521827e-7;0.0;0.0;0.0;0.0;0.0;5.279369252158304e-13;0.3940810833834329;0.07271159808122143;0.37589690935413556;-0.8426894785789132;0.0;0.0;0.0;0.0;0.0;80.61893714435438;102.64550863495336;40.722751485554475;215.3364465131048;-11.495292459075891
1045.0;0.0;3.75253745795679e-8;0.0;1.4312268159521827e-7;0.0;0.0;0.0;0.0;0.0;5.279369252158304e-13;0.3940810833834329;0.07271159808122143;0.37589690935413556;-0.8426894785789132;0.0;0.0;0.0;0.0;0.0;80.61893714435438;102.64550863495336;40.722751485554475;215.3364465131048;-11.495292459075891
1046.0;0.0;3.75253745795679e-8;0.0;1.4312268159521827e-7;0.0;0.0;0.0;0.0;0.0;5.279369252158304e-13;0.3940810833834329;0.07271159808122143;0.37589690935413556;-0.8426894785789132;0.0;0.0;0.0;0.0;0.0;80.61893714435438;102.64550863495336;40.722751485554475;215.3364465131048;-11.495292459075891
1047.0;0.0;3.75253745795679e-8;0.0;1.4312268159521827e-7;0.0;0.0;0.0;0.0;0.0;5.279369252158304e-13;0.3940810833834329;0.07271159808122143;0.37589690935413556;-0.8426894785789132;0.0;0.0;0.0;0.0;0.0;80.61893714435438;102.64550863495336;40.722751485554475;215.3364465131048;-11.495292459075891
1048.0;0.0;3.75253745795679e-8;0.0;1.4312268159521827e-7;0.0;0.0;0.0;0.0;0.0;5.279369252158304e-13;0.3940810833834329;0.07271159808122143;0.37589690935413556;-0.8426894785789132;0.0;0.0;0.0;0.0;0.0;80.61893714435438;102.64550863495336;40.722751485554475;215.3364465131048;-11.495292459075891
1049.0;0.0;3.75253745795679e-8;0.0;1.4312268159521827e-7;0.0;0.0;0.0;0.0;0.0;5.279369252158304e-13;0.3940810833834329;0.07271159808122143;0.37589690935413556;-0.8426894785789132;0.0;0.0;0.0;0.0;0.0;80.61893714435438;102.64550863495336;40.722751485554475;215.3364465131048;-11.495292459075891
1050.0;0.0;3.75253745795679e-8;0.0;1.4312268159521827e-7;0.0;0.0;0.0;0.0;0.0;5.279369252158304e-13;0.3940810833834329;0.07271159808122143;0.37589690935413556;-0.8426894785789132;0.0;0.0;0.0;0.0;0.0;80.61893714435438;102.64550863495336;40.722751485554475;215.3364465131048;-11.495292459075891
1051.0;0.0;3.75253745795679e-8;0.0;1.4312268159521827e-7;0.0;0.0;0.0;0.0;0.0;5.279369252158304e-13;0.3940810833834329;0.07271159808122143;0.37589690935413556;-0.8426894785789132;0.0;0.0;0.0;0.0;0.0;80.61893714435438;102.64550863495336;40.722751485554475;215.3364465131048;-11.495292459075891
1052.0;0.0;3.75253745795679e-8;0.0;1.4312268159521827e-7;0.0;0.0;0.0;0.0;0.0;5.279369252158304e-13;0.3940810833834329;0.07271159808122143;0.37589690935413556;-0.8426894785789132;0.0;0.0;0.0;0.0;0.0;80.61893714435438;102.64550863495336;40.722751485554475;215.3364465131048;-11.495292459075891
1053.0;0.0;3.75253745795679e-8;0.0;1.4312268159521827e-7;0.0;0.0;0.0;0.0;0.0;5.279369252158304e-13;0.3940810833834329;0.07271159808122143;0.37589690935413556;-0.8426894785789132;0.0;0.0;0.0;0.0;0.0;80.61893714435438;102.64550863495336;40.722751485554475;215.3364465131048;-11.495292459075891
1054.0;0.0;3.75253745795679e-8;0.0;1.4312268159521827e-7;0.0;0.0;0.0;0.0;0.0;5.279369252158304e-13;0.3940810833834329;0.07271159808122143;0.37589690935413556;-0.8426894785789132;0.0;0.0;0.0;0.0;0.0;80.61893714435438;102.64550863495336;40.722751485554475;215.3364465131048;-11.495292459075891
1055.0;0.0;3.75253745795679e-8;0.0;1.4312268159521827e-7;0.0;0.0;0.0;0.0;0.0;5.279369252158304e-13;0.3940810833834329;0.07271159808122143;0.37589690935413556;-0.8426894785789132;0.0;0.0;0.0;0.0;0.0;80.61893714435438;102.64550863495336;40.722751485554475;215.3364465131048;-11.495292459075891
1056.0;0.0;3.75253745795679e-8;0.0;1.4312268159521827e-7;0.0;0.0;0.0;0.0;0.0;5.279369252158304e-13;0.3940810833834329;0.07271159808122143;0.37589690935413556;-0.8426894785789132;0.0;0.0;0.0;0.0;0.0;80.61893714435438;102.64550863495336;40.722751485554475;215.3364465131048;-11.495292459075891
1057.0;0.0;2.777223684876447e-8;0.0;1.4312268159521827e-7;0.0;0.0;0.0;0.0;0.0;5.279361430874032e-13;0.33237325132028556;0.06227064567562484;0.33237322825168425;-0.7270170424613989;0.0;0.0;0.0;0.0;0.0;80.61893714435438;102.64550863495336;40.722751485554475;215.3364465131048;-11.495292459075891
1058.0;0.0;2.777223684876447e-8;0.0;1.4312268159521827e-7;0.0;0.0;0.0;0.0;0.0;5.279361430874032e-13;0.33237325132028556;0.06227064567562484;0.33237322825168425;-0.7270170424613989;0.0;0.0;0.0;0.0;0.0;80.61893714435438;102.64550863495336;40.722751485554475;215.3364465131048;-11.495292459075891
1059.0;0.0;2.777223684876447e-8;0.0;1.4312268159521827e-7;0.0;0.0;0.0;0.0;0.0;5.279361430874032e-13;0.33237325132028556;0.06227064567562484;0.33237322825168425;-0.7270170424613989;0.0;0.0;0.0;0.0;0.0;80.61893714435438;102.64550863495336;40.722751485554475;215.3364465131048;-11.495292459075891
1060.0;0.0;2.777223684876447e-8;0.0;1.4312268159521827e-7;0.0;0.0;0.0;0.0;0.0;5.279361430874032e-13;0.33237325132028556;0.06227064567562484;0.33237322825168425;-0.7270170424613989;0.0;0.0;0.0;0.0;0.0;80.61893714435438;102.64550863495336;40.722751485554475;215.3364465131048;-11.495292459075891
1061.0;0.0;2.777223684876447e-8;0.0;1.4312268159521827e-7;0.0;0.0;0.0;0.0;0.0;5.279361430874032e-13;0.33237325132028556;0.06227064567562484;0.33237322825168425;-0.7270170424613989;0.0;0.0;0.0;0.0;0.0;80.61893714435438;102.64550863495336;40.722751485554475;215.3364465131048;-11.495292459075891
1062.0;0.0;2.777223684876447e-8;0.0;1.4312268159521827e-7;0.0;0.0;0.0;0.0;0.0;5.279361430874032e-13;0.33237325132028556;0.06227064567562484;0.33237322825168425;-0.7270170424613989;0.0;0.0;0.0;0.0;0.0;80.61893714435438;102.64550863495336;40.722751485554475;215.3364465131048;-11.495292459075891
1063.0;0.0;2.777223684876447e-8;0.0;1.4312268159521827e-7;0.0;0.0;0.0;0.0;0.0;5.279361430874032e-13;0.33237325132028556;0.06227064567562484;0.33237322825168425;-0.7270170424613989;0.0;0.0;0.0;0.0;0.0;80.61893714435438;102.64550863495336;40.722751485554475;215.3364465131048;-11.495292459075891
1064.0;0.0;2.777223684876447e-8;0.0;1.4312268159521827e-7;0.0;0.0;0.0;0.0;0.0;5.279361430874032e-13;0.33237325132028556;0.06227064567562484;0.33237322825168425;-0.7270170424613989;0.0;0.0;0.0;0.0;0.0;80.61893714435438;102.64550863495336;40.722751485554475;215.3364465131048;-11.495292459075891
1065.0;0.0;2.777223684876447e-8;0.0;1.4312268159521827e-7;0.0;0.0;0.0;0.0;0.0;5.279361430874032e-13;0.33237325132028556;0.06227064567562484;0.33237322825168425;-0.7270170424613989;0.0;0.0;0.0;0.0;0.0;80.61893714435438;102.64550863495336;40.722751485554475;215.3364465131048;-11.495292459075891
1066.0;0.0;2.777223684876447e-8;0.0;1.4312268159521827e-7;0.0;0.0;0.0;0.0;0.0;5.279361430874032e-13;0.33237325132028556;0.06227064567562484;0.33237322825168425;-0.7270170424613989;0.0;0.0;0.0;0.0;0.0;80.61893714435438;102.64550863495336;40.722751485554475;215.3364465131048;-11.495292459075891
1067.0;0.0;2.777223684876447e-8;0.0;1.4312268159521827e-7;0.0;0.0;0.0;0.0;0.0;5.279361430874032e-13;0.33237325132028556;0.06227064567562484;0.33237322825168425;-0.7270170424613989;0.0;0.0;0.0;0.0;0.0;80.61893714435438;102.64550863495336;40.722751485554475;215.3364465131048;-11.495292459075891
1068.0;0.0;2.777223684876447e-8;0.0;1.4312268159521827e-7;0.0;0.0;0.0;0.0;0.0;5.279361430874032e-13;0.33237325132028556;0.06227064567562484;0.33237322825168425;-0.7270170424613989;0.0;0.0;0.0;0.0;0.0;80.61893714435438;102.64550863495336;40.722751485554475;215.3364465131048;-11.495292459075891
1069.0;0.0;2.777223684876447e-8;0.0;1.4312268159521827e-7;0.0;0.0;0.0;0.0;0.0;5.279361430874032e-13;0.33237325132028556;0.06227064567562484;0.33237322825168425;-0.7270170424613989;0.0;0.0;0.0;0.0;0.0;80.61893714435438;102.64550863495336;40.722751485554475;215.3364465131048;-11.495292459075891
1070.0;0.0;2.777223684876447e-8;0.0;1.4312268159521827e-7;0.0;0.0;0.0;0.0;0.0;5.279361430874032e-13;0.33237325132028556;0.06227064567562484;0.33237322825168425;-0.7270170424613989;0.0;0.0;0.0;0.0;0.0;80.61893714435438;102.64550863495336;40.722751485554475;215.3364465131048;-11.495292459075891
1071.0;0.0;2.777223684876447e-8;0.0;1.4312268159521827e-7;0.0;0.0;0.0;0.0;0.0;5.279361430874032e-13;0.33237325132028556;0.06227064567562484;0.33237322825168425;-0.7270170424613989;0.0;0.0;0.0;0.0;0.0;80.61893714435438;102.64550863495336;40.722751485554475;215.3364465131048;-11.495292459075891
1072.0;0.0;2.777223684876447e-8;0.0;1.4312268159521827e-7;0.0;0.0;0.0;0.0;0.0;5.279361430874032e-13;0.33237325132028556;0.06227064567562484;0.33237322825168425;-0.7270170424613989;0.0;0.0;0.0;0.0;0.0;80.61893714435438;102.64550863495336;40.722751485554475;215.3364465131048;-11.495292459075891
1073.0;0.0;2.777223684876447e-8;0.0;1.4312268159521827e-7;0.0;0.0;0.0;0.0;0.0;5.279361430874032e-13;0.33237325132028556;0.06227064567562484;0.33237322825168425;-0.7270170424613989;0.0;0.0;0.0;0.0;0.0;80.61893714435438;102.64550863495336;40.722751485554475;215.3364465131048;-11.495292459075891
1074.0;0.0;2.777223684876447e-8;0.0;1.4312268159521827e-7;0.0;0.0;0.0;0.0;0.0;5.279361430874032e-13;0.33237325132028556;0.06227064567562484;0.33237322825168425;-0.7270170424613989;0.0;0.0;0.0;0.0;0.0;80.61893714435438;102.64550863495336;40.722751485554475;215.3364465131048;-11.495292459075891
1075.0;0.0;2.777223684876447e-8;0.0;1.4312268159521827e-7;0.0;0.0;0.0;0.0;0.0;5.279361430874032e-13;0.33237325132028556;0.06227064567562484;0.33237322825168425;-0.7270170424613989;0.0;0.0;0.0;0.0;0.0;80.61893714435438;102.64550863495336;40.722751485554475;215.3364465131048;-11.495292459075891
1076.0;0.0;2.777223684876447e-8;0.0;1.4312268159521827e-7;0.0;0.0;0.0;0.0;0.0;5.279361430874032e-13;0.33237325132028556;0.06227064567562484;0.33237322825168425;-0.7270170424613989;0.0;0.0;0.0;0.0;0.0;80.61893714435438;102.64550863495336;40.722751485554475;215.3364465131048;-11.495292459075891
1077.0;0.0;2.777223684876447e-8;0.0;1.4312268159521827e-7;0.0;0.0;0.0;0.0;0.0;5.279361430874032e-13;0.33237325132028556;0.06227064567562484;0.33237322825168425;-0.7270170424613989;0.0;0.0;0.0;0.0;0.0;80.61893714435438;102.64550863495336;40.722751485554475;215.3364465131048;-11.495292459075891
1078.0;0.0;2.777223684876447e-8;0.0;1.4312268159521827e-7;0.0;0.0;0.0;0.0;0.0;5.279361430874032e-13;0.33237325132028556;0.06227064567562484;0.33237322825168425;-0.7270170424613989;0.0;0.0;0.0;0.0;0.0;80.61893714435438;102.64550863495336;40.722751485554475;215.3364465131048;-11.495292459075891
1079.0;0.0;2.777223684876447e-8;0.0;1.4312268159521827e-7;0.0;0.0;0.0;0.0;0.0;5.279361430874032e-13;0.33237325132028556;0.06227064567562484;0.33237322825168425;-0.7270170424613989;0.0;0.0;0.0;0.0;0.0;80.61893714435438;102.64550863495336;40.722751485554475;215.3364465131048;-11.495292459075891
1080.0;0.0;2.777223684876447e-8;0.0;1.4312268159521827e-7;0.0;0.0;0.0;0.0;0.0;5.279361430874032e-13;0.33237325132028556;0.06227064567562484;0.33237322825168425;-0.7270170424613989;0.0;0.0;0.0;0.0;0.0;80.61893714435438;102.64550863495336;40.722751485554475;215.3364465131048;-11.495292459075891
1081.0;0.0;1.5065215329109525e-8;0.0;1.4312268159521827e-7;0.0;0.0;0.0;0.0;0.0;5.279381417560442e-13;0.08979815823005921;0.0056104452541018875;0.08979812764257356;-0.18520668592533288;0.0;0.0;0.0;0.0;0.0;80.61893714435438;102.64550863495336;40.722751485554475;215.3364465131048;-11.495292459075891
1082.0;0.0;1.5065215329109525e-8;0.0;1.4312268159521827e-7;0.0;0.0;0.0;0.0;0.0;5.279381417560442e-13;0.08979815823005921;0.0056104452541018875;0.08979812764257356;-0.18520668592533288;0.0;0.0;0.0;0.0;0.0;80.61893714435438;102.64550863495336;40.722751485554475;215.3364465131048;-11.495292459075891
1083.0;0.0;1.5065215329109525e-8;0.0;1.4312268159521827e-7;0.0;0.0;0.0;0.0;0.0;5.279381417560442e-13;0.08979815823005921;0.0056104452541018875;0.08979812764257356;-0.18520668592533288;0.0;0.0;0.0;0.0;0.0;80.61893714435438;102.64550863495336;40.722751485554475;215.3364465131048;-11.495292459075891
1084.0;0.0;1.5065215329109525e-8;0.0;1.4312268159521827e-7;0.0;0.0;0.0;0.0;0.0;5.279381417560442e-13;0.08979815823005921;0.0056104452541018875;0.08979812764257356;-0.18520668592533288;0.0;0.0;0.0;0.0;0.0;80.61893714435438;102.64550863495336;40.722751485554475;215.3364465131048;-11.495292459075891
1085.0;0.0;1.5065215329109525e-8;0.0;1.4312268159521827e-7;0.0;0.0;0.0;0.0;0.0;5.279381417560442e-13;0.08979815823005921;0.0056104452541018875;0.08979812764257356;-0.18520668592533288;0.0;0.0;0.0;0.0;0.0;80.61893714435438;102.64550863495336;40.722751485554475;215.3364465131048;-11.495292459075891
1086.0;0.0;1.5065215329109525e-8;0.0;1.4312268159521827e-7;0.0;0.0;0.0;0.0;0.0;5.279381417560442e-13;0.08979815823005921;0.0056104452541018875;0.08979812764257356;-0.18520668592533288;0.0;0.0;0.0;0.0;0.0;80.61893714435438;102.64550863495336;40.722751485554475;215.3364465131048;-11.495292459075891
1087.0;0.0;1.5065215329109525e-8;0.0;1.4312268159521827e-7;0.0;0.0;0.0;0.0;0.0;5.279381417560442e-13;0.08979815823005921;0.0056104452541018875;0.08979812764257356;-0.18520668592533288;0.0;0.0;0.0;0.0;0.0;80.61893714435438;102.64550863495336;40.722751485554475;215.3364465131048;-11.495292459075891
1088.0;0.0;1.5065215329109525e-8;0.0;1.4312268159521827e-7;0.0;0.0;0.0;0.0;0.0;5.279381417560442e-13;0.08979815823005921;0.0056104452541018875;0.08979812764257356;-0.18520668592533288;0.0;0.0;0.0;0.0;0.0;80.61893714435438;102.64550863495336;40.722751485554475;215.3364465131048;-11.495292459075891
1089.0;0.0;1.5065215329109525e-8;0.0;1.4312268159521827e-7;0.0;0.0;0.0;0.0;0.0;5.279381417560442e-13;0.08979815823005921;0.0056104452541018875;0.08979812764257356;-0.18520668592533288;0.0;0.0;0.0;0.0;0.0;80.61893714435438;102.64550863495336;40.722751485554475;215.3364465131048;-11.495292459075891
1090.0;0.0;1.5065215329109525e-8;0.0;1.4312268159521827e-7;0.0;0.0;0.0;0.0;0.0;5.279381417560442e-13;0.08979815823005921;0.0056104452541018875;0.08979812764257356;-0.18520668592533288;0.0;0.0;0.0;0.0;0.0;80.61893714435438;102.64550863495336;40.722751485554475;215.3364465131048;-11.495292459075891
1091.0;0.0;1.5065215329109525e-8;0.0;1.4312268159521827e-7;0.0;0.0;0.0;0.0;0.0;5.279381417560442e-13;0.08979815823005921;0.0056104452541018875;0.08979812764257356;-0.18520668592533288;0.0;0.0;0.0;0.0;0.0;80.61893714435438;102.64550863495336;40.722751485554475;215.3364465131048;-11.495292459075891
1092.0;0.0;1.5065215329109525e-8;0.0;1.4312268159521827e-7;0.0;0.0;0.0;0.0;0.0;5.279381417560442e-13;0.08979815823005921;0.0056104452541018875;0.08979812764257356;-0.18520668592533288;0.0;0.0;0.0;0.0;0.0;80.61893714435438;102.64550863495336;40.722751485554475;215.3364465131048;-11.495292459075891
1093.0;0.0;1.5065215329109525e-8;0.0;1.4312268159521827e-7;0.0;0.0;0.0;0.0;0.0;5.279381417560442e-13;0.08979815823005921;0.0056104452541018875;0.08979812764257356;-0.18520668592533288;0.0;0.0;0.0;0.0;0.0;80.61893714435438;102.64550863495336;40.722751485554475;215.3364465131048;-11.495292459075891
1094.0;0.0;1.5065215329109525e-8;0.0;1.4312268159521827e-7;0.0;0.0;0.0;0.0;0.0;5.279381417560442e-13;0.08979815823005921;0.0056104452541018875;0.08979812764257356;-0.18520668592533288;0.0;0.0;0.0;0.0;0.0;80.61893714435438;102.64550863495336;40.722751485554475;215.3364465131048;-11.495292459075891
1095.0;0.0;1.5065215329109525e-8;0.0;1.4312268159521827e-7;0.0;0.0;0.0;0.0;0.0;5.279381417560442e-13;0.08979815823005921;0.0056104452541018875;0.08979812764257356;-0.18520668592533288;0.0;0.0;0.0;0.0;0.0;80.61893714435438;102.64550863495336;40.722751485554475;215.3364465131048;-11.495292459075891
1096.0;0.0;1.5065215329109525e-8;0.0;1.4312268159521827e-7;0.0;0.0;0.0;0.0;0.0;5.279381417560442e-13;0.08979815823005921;0.0056104452541018875;0.08979812764257356;-0.18520668592533288;0.0;0.0;0.0;0.0;0.0;80.61893714435438;102.64550863495336;40.722751485554475;215.3364465131048;-11.495292459075891
1097.0;0.0;1.5065215329109525e-8;0.0;1.4312268159521827e-7;0.0;0.0;0.0;0.0;0.0;5.279381417560442e-13;0.08979815823005921;0.0056104452541018875;0.08979812764257356;-0.18520668592533288;0.0;0.0;0.0;0.0;0.0;80.61893714435438;102.64550863495336;40.722751485554475;215.3364465131048;-11.495292459075891
1098.0;0.0;1.5065215329109525e-8;0.0;1.4312268159521827e-7;0.0;0.0;0.0;0.0;0.0;5.279381417560442e-13;0.08979815823005921;0.0056104452541018875;0.08979812764257356;-0.18520668592533288;0.0;0.0;0.0;0.0;0.0;80.61893714435438;102.64550863495336;40.722751485554475;215.3364465131048;-11.495292459075891
1099.0;0.0;1.5065215329109525e-8;0.0;1.4312268159521827e-7;0.0;0.0;0.0;0.0;0.0;5.279381417560442e-13;0.08979815823005921;0.0056104452541018875;0.08979812764257356;-0.18520668592533288;0.0;0.0;0.0;0.0;0.0;80.61893714435438;102.64550863495336;40.722751485554475;215.3364465131048;-11.495292459075891
1100.0;0.0;1.5065215329109525e-8;0.0;1.4312268159521827e-7;0.0;0.0;0.0;0.0;0.0;5.279381417560442e-13;0.08979815823005921;0.0056104452541018875;0.08979812764257356;-0.18520668592533288;0.0;0.0;0.0;0.0;0.0;80.61893714435438;102.64550863495336;40.722751485554475;215.3364465131048;-11.495292459075891
1101.0;0.0;1.5065215329109525e-8;0.0;1.4312268159521827e-7;0.0;0.0;0.0;0.0;0.0;5.279381417560442e-13;0.08979815823005921;0.0056104452541018875;0.08979812764257356;-0.18520668592533288;0.0;0.0;0.0;0.0;0.0;80.61893714435438;102.64550863495336;40.722751485554475;215.3364465131048;-11.495292459075891
1102.0;0.0;1.5065215329109525e-8;0.0;1.4312268159521827e-7;0.0;0.0;0.0;0.0;0.0;5.279381417560442e-13;0.08979815823005921;0.0056104452541018875;0.08979812764257356;-0.18520668592533288;0.0;0.0;0.0;0.0;0.0;80.61893714435438;102.64550863495336;40.722751485554475;215.3364465131048;-11.495292459075891
1103.0;0.0;1.5065215329109525e-8;0.0;1.4312268159521827e-7;0.0;0.0;0.0;0.0;0.0;5.279381417560442e-13;0.08979815823005921;0.0056104452541018875;0.08979812764257356;-0.18520668592533288;0.0;0.0;0.0;0.0;0.0;80.61893714435438;102.64550863495336;40.722751485554475;215.3364465131048;-11.495292459075891
1104.0;0.0;1.5065215329109525e-8;0.0;1.4312268159521827e-7;0.0;0.0;0.0;0.0;0.0;5.279381417560442e-13;0.08979815823005921;0.0056104452541018875;0.08979812764257356;-0.18520668592533288;0.0;0.0;0.0;0.0;0.0;80.61893714435438;102.64550863495336;40.722751485554475;215.3364465131048;-11.495292459075891
1105.0;0.0;7.456860550044789e-8;0.0;1.4312268159521827e-7;0.0;0.0;0.0;0.0;0.0;5.279365960574002e-13;0.3358099304861053;0.20112618812590666;0.3358099116808079;-0.8727458084624831;0.0;0.0;0.0;0.0;0.0;80.61893714435438;102.64550863495336;40.722751485554475;215.3364465131048;-11.495292459075891
1106.0;0.0;7.456860550044789e-8;0.0;1.4312268159521827e-7;0.0;0.0;0.0;0.0;0.0;5.279365960574002e-13;0.3358099304861053;0.20112618812590666;0.3358099116808079;-0.8727458084624831;0.0;0.0;0.0;0.0;0.0;80.61893714435438;102.64550863495336;40.722751485554475;215.3364465131048;-11.495292459075891
1107.0;0.0;7.456860550044789e-8;0.0;1.4312268159521827e-7;0.0;0.0;0.0;0.0;0.0;5.279365960574002e-13;0.3358099304861053;0.20112618812590666;0.3358099116808079;-0.8727458084624831;0.0;0.0;0.0;0.0;0.0;80.61893714435438;102.64550863495336;40.722751485554475;215.3364465131048;-11.495292459075891
1108.0;0.0;7.456860550044789e-8;0.0;1.4312268159521827e-7;0.0;0.0;0.0;0.0;0.0;5.279365960574002e-13;0.3358099304861053;0.20112618812590666;0.3358099116808079;-0.8727458084624831;0.0;0.0;0.0;0.0;0.0;80.61893714435438;102.64550863495336;40.722751485554475;215.3364465131048;-11.495292459075891
1109.0;0.0;7.456860550044789e-8;0.0;1.4312268159521827e-7;0.0;0.0;0.0;0.0;0.0;5.279365960574002e-13;0.3358099304861053;0.20112618812590666;0.3358099116808079;-0.8727458084624831;0.0;0.0;0.0;0.0;0.0;80.61893714435438;102.64550863495336;40.722751485554475;215.3364465131048;-11.495292459075891
1110.0;0.0;7.456860550044789e-8;0.0;1.4312268159521827e-7;0.0;0.0;0.0;0.0;0.0;5.279365960574002e-13;0.3358099304861053;0.20112618812590666;0.3358099116808079;-0.8727458084624831;0.0;0.0;0.0;0.0;0.0;80.61893714435438;102.64550863495336;40.722751485554475;215.3364465131048;-11.495292459075891
1111.0;0.0;7.456860550044789e-8;0.0;1.4312268159521827e-7;0.0;0.0;0.0;0.0;0.0;5.279365960574002e-13;0.3358099304861053;0.20112618812590666;0.3358099116808079;-0.8727458084624831;0.0;0.0;0.0;0.0;0.0;80.61893714435438;102.64550863495336;40.722751485554475;215.3364465131048;-11.495292459075891
1112.0;0.0;7.456860550044789e-8;0.0;1.4312268159521827e-7;0.0;0.0;0.0;0.0;0.0;5.279365960574002e-13;0.3358099304861053;0.20112618812590666;0.3358099116808079;-0.8727458084624831;0.0;0.0;0.0;0.0;0.0;80.61893714435438;102.64550863495336;40.722751485554475;215.3364465131048;-11.495292459075891
1113.0;0.0;7.456860550044789e-8;0.0;1.4312268159521827e-7;0.0;0.0;0.0;0.0;0.0;5.279365960574002e-13;0.3358099304861053;0.20112618812590666;0.3358099116808079;-0.8727458084624831;0.0;0.0;0.0;0.0;0.0;80.61893714435438;102.64550863495336;40.722751485554475;215.3364465131048;-11.495292459075891
1114.0;0.0;7.456860550044789e-8;0.0;1.4312268159521827e-7;0.0;0.0;0.0;0.0;0.0;5.279365960574002e-13;0.3358099304861053;0.20112618812590666;0.3358099116808079;-0.8727458084624831;0.0;0.0;0.0;0.0;0.0;80.61893714435438;102.64550863495336;40.722751485554475;215.3364465131048;-11.495292459075891
1115.0;0.0;7.456860550044789e-8;0.0;1.4312268159521827e-7;0.0;0.0;0.0;0.0;0.0;5.279365960574002e-13;0.3358099304861053;0.20112618812590666;0.3358099116808079;-0.8727458084624831;0.0;0.0;0.0;0.0;0.0;80.61893714435438;102.64550863495336;40.722751485554475;215.3364465131048;-11.495292459075891
1116.0;0.0;7.456860550044789e-8;0.0;1.4312268159521827e-7;0.0;0.0;0.0;0.0;0.0;5.279365960574002e-13;0.3358099304861053;0.20112618812590666;0.3358099116808079;-0.8727458084624831;0.0;0.0;0.0;0.0;0.0;80.61893714435438;102.64550863495336;40.722751485554475;215.3364465131048;-11.495292459075891
1117.0;0.0;7.456860550044789e-8;0.0;1.4312268159521827e-7;0.0;0.0;0.0;0.0;0.0;5.279365960574002e-13;0.3358099304861053;0.20112618812590666;0.3358099116808079;-0.8727458084624831;0.0;0.0;0.0;0.0;0.0;80.61893714435438;102.64550863495336;40.722751485554475;215.3364465131048;-11.495292459075891
1118.0;0.0;7.456860550044789e-8;0.0;1.4312268159521827e-7;0.0;0.0;0.0;0.0;0.0;5.279365960574002e-13;0.3358099304861053;0.20112618812590666;0.3358099116808079;-0.8727458084624831;0.0;0.0;0.0;0.0;0.0;80.61893714435438;102.64550863495336;40.722751485554475;215.3364465131048;-11.495292459075891
1119.0;0.0;7.456860550044789e-8;0.0;1.4312268159521827e-7;0.0;0.0;0.0;0.0;0.0;5.279365960574002e-13;0.3358099304861053;0.20112618812590666;0.3358099116808079;-0.8727458084624831;0.0;0.0;0.0;0.0;0.0;80.61893714435438;102.64550863495336;40.722751485554475;215.3364465131048;-11.495292459075891
1120.0;0.0;7.456860550044789e-8;0.0;1.4312268159521827e-7;0.0;0.0;0.0;0.0;0.0;5.279365960574002e-13;0.3358099304861053;0.20112618812590666;0.3358099116808079;-0.8727458084624831;0.0;0.0;0.0;0.0;0.0;80.61893714435438;102.64550863495336;40.722751485554475;215.3364465131048;-11.495292459075891
1121.0;0.0;7.456860550044789e-8;0.0;1.4312268159521827e-7;0.0;0.0;0.0;0.0;0.0;5.279365960574002e-13;0.3358099304861053;0.20112618812590666;0.3358099116808079;-0.8727458084624831;0.0;0.0;0.0;0.0;0.0;80.61893714435438;102.64550863495336;40.722751485554475;215.3364465131048;-11.495292459075891
1122.0;0.0;7.456860550044789e-8;0.0;1.4312268159521827e-7;0.0;0.0;0.0;0.0;0.0;5.279365960574002e-13;0.3358099304861053;0.20112618812590666;0.3358099116808079;-0.8727458084624831;0.0;0.0;0.0;0.0;0.0;80.61893714435438;102.64550863495336;40.722751485554475;215.3364465131048;-11.495292459075891
1123.0;0.0;7.456860550044789e-8;0.0;1.4312268159521827e-7;0.0;0.0;0.0;0.0;0.0;5.279365960574002e-13;0.3358099304861053;0.20112618812590666;0.3358099116808079;-0.8727458084624831;0.0;0.0;0.0;0.0;0.0;80.61893714435438;102.64550863495336;40.722751485554475;215.3364465131048;-11.495292459075891
1124.0;0.0;7.456860550044789e-8;0.0;1.4312268159521827e-7;0.0;0.0;0.0;0.0;0.0;5.279365960574002e-13;0.3358099304861053;0.20112618812590666;0.3358099116808079;-0.8727458084624831;0.0;0.0;0.0;0.0;0.0;80.61893714435438;102.64550863495336;40.722751485554475;215.3364465131048;-11.495292459075891
1125.0;0.0;7.456860550044789e-8;0.0;1.4312268159521827e-7;0.0;0.0;0.0;0.0;0.0;5.279365960574002e-13;0.3358099304861053;0.20112618812590666;0.3358099116808079;-0.8727458084624831;0.0;0.0;0.0;0.0;0.0;80.61893714435438;102.64550863495336;40.722751485554475;215.3364465131048;-11.495292459075891
1126.0;0.0;7.456860550044789e-8;0.0;1.4312268159521827e-7;0.0;0.0;0.0;0.0;0.0;5.279365960574002e-13;0.3358099304861053;0.20112618812590666;0.3358099116808079;-0.8727458084624831;0.0;0.0;0.0;0.0;0.0;80.61893714435438;102.64550863495336;40.722751485554475;215.3364465131048;-11.495292459075891
1127.0;0.0;7.456860550044789e-8;0.0;1.4312268159521827e-7;0.0;0.0;0.0;0.0;0.0;5.279365960574002e-13;0.3358099304861053;0.20112618812590666;0.3358099116808079;-0.8727458084624831;0.0;0.0;0.0;0.0;0.0;80.61893714435438;102.64550863495336;40.722751485554475;215.3364465131048;-11.495292459075891
1128.0;0.0;7.456860550044789e-8;0.0;1.4312268159521827e-7;0.0;0.0;0.0;0.0;0.0;5.279365960574002e-13;0.3358099304861053;0.20112618812590666;0.3358099116808079;-0.8727458084624831;0.0;0.0;0.0;0.0;0.0;80.61893714435438;102.64550863495336;40.722751485554475;215.3364465131048;-11.495292459075891
1129.0;0.0;2.463618642643021e-7;0.0;1.4312268159521827e-7;0.0;0.0;0.0;0.0;0.0;5.279402639284375e-13;0.6141873301358821;0.16663752844218802;0.7968857179186309;-1.57770983730361;0.0;0.0;0.0;0.0;0.0;80.61893714435438;102.64550863495336;40.722751485554475;215.3364465131048;-11.495292459075891
1130.0;0.0;2.463618642643021e-7;0.0;1.4312268159521827e-7;0.0;0.0;0.0;0.0;0.0;5.279402639284375e-13;0.6141873301358821;0.16663752844218802;0.7968857179186309;-1.57770983730361;0.0;0.0;0.0;0.0;0.0;80.61893714435438;102.64550863495336;40.722751485554475;215.3364465131048;-11.495292459075891
1131.0;0.0;2.463618642643021e-7;0.0;1.4312268159521827e-7;0.0;0.0;0.0;0.0;0.0;5.279402639284375e-13;0.6141873301358821;0.16663752844218802;0.7968857179186309;-1.57770983730361;0.0;0.0;0.0;0.0;0.0;80.61893714435438;102.64550863495336;40.722751485554475;215.3364465131048;-11.495292459075891
1132.0;0.0;2.463618642643021e-7;0.0;1.4312268159521827e-7;0.0;0.0;0.0;0.0;0.0;5.279402639284375e-13;0.6141873301358821;0.16663752844218802;0.7968857179186309;-1.57770983730361;0.0;0.0;0.0;0.0;0.0;80.61893714435438;102.64550863495336;40.722751485554475;215.3364465131048;-11.495292459075891
1133.0;0.0;2.463618642643021e-7;0.0;1.4312268159521827e-7;0.0;0.0;0.0;0.0;0.0;5.279402639284375e-13;0.6141873301358821;0.16663752844218802;0.7968857179186309;-1.57770983730361;0.0;0.0;0.0;0.0;0.0;80.61893714435438;102.64550863495336;40.722751485554475;215.3364465131048;-11.495292459075891
1134.0;0.0;2.463618642643021e-7;0.0;1.4312268159521827e-7;0.0;0.0;0.0;0.0;0.0;5.279402639284375e-13;0.6141873301358821;0.16663752844218802;0.7968857179186309;-1.57770983730361;0.0;0.0;0.0;0.0;0.0;80.61893714435438;102.64550863495336;40.722751485554475;215.3364465131048;-11.495292459075891
1135.0;0.0;2.463618642643021e-7;0.0;1.4312268159521827e-7;0.0;0.0;0.0;0.0;0.0;5.279402639284375e-13;0.6141873301358821;0.16663752844218802;0.7968857179186309;-1.57770983730361;0.0;0.0;0.0;0.0;0.0;80.61893714435438;102.64550863495336;40.722751485554475;215.3364465131048;-11.495292459075891
1136.0;0.0;2.463618642643021e-7;0.0;1.4312268159521827e-7;0.0;0.0;0.0;0.0;0.0;5.279402639284375e-13;0.6141873301358821;0.16663752844218802;0.7968857179186309;-1.57770983730361;0.0;0.0;0.0;0.0;0.0;80.61893714435438;102.64550863495336;40.722751485554475;215.3364465131048;-11.495292459075891
1137.0;0.0;2.463618642643021e-7;0.0;1.4312268159521827e-7;0.0;0.0;0.0;0.0;0.0;5.279402639284375e-13;0.6141873301358821;0.16663752844218802;0.7968857179186309;-1.57770983730361;0.0;0.0;0.0;0.0;0.0;80.61893714435438;102.64550863495336;40.722751485554475;215.3364465131048;-11.495292459075891
1138.0;0.0;2.463618642643021e-7;0.0;1.4312268159521827e-7;0.0;0.0;0.0;0.0;0.0;5.279402639284375e-13;0.6141873301358821;0.16663752844218802;0.7968857179186309;-1.57770983730361;0.0;0.0;0.0;0.0;0.0;80.61893714435438;102.64550863495336;40.722751485554475;215.3364465131048;-11.495292459075891
1139.0;0.0;2.463618642643021e-7;0.0;1.4312268159521827e-7;0.0;0.0;0.0;0.0;0.0;5.279402639284375e-13;0.6141873301358821;0.16663752844218802;0.7968857179186309;-1.57770983730361;0.0;0.0;0.0;0.0;0.0;80.61893714435438;102.64550863495336;40.722751485554475;215.3364465131048;-11.495292459075891
1140.0;0.0;2.463618642643021e-7;0.0;1.4312268159521827e-7;0.0;0.0;0.0;0.0;0.0;5.279402639284375e-13;0.6141873301358821;0.16663752844218802;0.7968857179186309;-1.57770983730361;0.0;0.0;0.0;0.0;0.0;80.61893714435438;102.64550863495336;40.722751485554475;215.3364465131048;-11.495292459075891
1141.0;0.0;2.463618642643021e-7;0.0;1.4312268159521827e-7;0.0;0.0;0.0;0.0;0.0;5.279402639284375e-13;0.6141873301358821;0.16663752844218802;0.7968857179186309;-1.57770983730361;0.0;0.0;0.0;0.0;0.0;80.61893714435438;102.64550863495336;40.722751485554475;215.3364465131048;-11.495292459075891
1142.0;0.0;2.463618642643021e-7;0.0;1.4312268159521827e-7;0.0;0.0;0.0;0.0;0.0;5.279402639284375e-13;0.6141873301358821;0.16663752844218802;0.7968857179186309;-1.57770983730361;0.0;0.0;0.0;0.0;0.0;80.61893714435438;102.64550863495336;40.722751485554475;215.3364465131048;-11.495292459075891
1143.0;0.0;2.463618642643021e-7;0.0;1.4312268159521827e-7;0.0;0.0;0.0;0.0;0.0;5.279402639284375e-13;0.6141873301358821;0.16663752844218802;0.7968857179186309;-1.57770983730361;0.0;0.0;0.0;0.0;0.0;80.61893714435438;102.64550863495336;40.722751485554475;215.3364465131048;-11.495292459075891
1144.0;0.0;2.463618642643021e-7;0.0;1.4312268159521827e-7;0.0;0.0;0.0;0.0;0.0;5.279402639284375e-13;0.6141873301358821;0.16663752844218802;0.7968857179186309;-1.57770983730361;0.0;0.0;0.0;0.0;0.0;80.61893714435438;102.64550863495336;40.722751485554475;215.3364465131048;-11.495292459075891
1145.0;0.0;2.463618642643021e-7;0.0;1.4312268159521827e-7;0.0;0.0;0.0;0.0;0.0;5.279402639284375e-13;0.6141873301358821;0.16663752844218802;0.7968857179186309;-1.57770983730361;0.0;0.0;0.0;0.0;0.0;80.61893714435438;102.64550863495336;40.722751485554475;215.3364465131048;-11.495292459075891
1146.0;0.0;2.463618642643021e-7;0.0;1.4312268159521827e-7;0.0;0.0;0.0;0.0;0.0;5.279402639284375e-13;0.6141873301358821;0.16663752844218802;0.7968857179186309;-1.57770983730361;0.0;0.0;0.0;0.0;0.0;80.61893714435438;102.64550863495336;40.722751485554475;215.3364465131048;-11.495292459075891
1147.0;0.0;2.463618642643021e-7;0.0;1.4312268159521827e-7;0.0;0.0;0.0;0.0;0.0;5.279402639284375e-13;0.6141873301358821;0.16663752844218802;0.7968857179186309;-1.57770983730361;0.0;0.0;0.0;0.0;0.0;80.61893714435438;102.64550863495336;40.722751485554475;215.3364465131048;-11.495292459075891
1148.0;0.0;2.463618642643021e-7;0.0;1.4312268159521827e-7;0.0;0.0;0.0;0.0;0.0;5.279402639284375e-13;0.6141873301358821;0.16663752844218802;0.7968857179186309;-1.57770983730361;0.0;0.0;0.0;0.0;0.0;80.61893714435438;102.64550863495336;40.722751485554475;215.3364465131048;-11.495292459075891
1149.0;0.0;2.463618642643021e-7;0.0;1.4312268159521827e-7;0.0;0.0;0.0;0.0;0.0;5.279402639284375e-13;0.6141873301358821;0.16663752844218802;0.7968857179186309;-1.57770983730361;0.0;0.0;0.0;0.0;0.0;80.61893714435438;102.64550863495336;40.722751485554475;215.3364465131048;-11.495292459075891
1150.0;0.0;2.463618642643021e-7;0.0;1.4312268159521827e-7;0.0;0.0;0.0;0.0;0.0;5.279402639284375e-13;0.6141873301358821;0.16663752844218802;0.7968857179186309;-1.57770983730361;0.0;0.0;0.0;0.0;0.0;80.61893714435438;102.64550863495336;40.722751485554475;215.3364465131048;-11.495292459075891
1151.0;0.0;2.463618642643021e-7;0.0;1.4312268159521827e-7;0.0;0.0;0.0;0.0;0.0;5.279402639284375e-13;0.6141873301358821;0.16663752844218802;0.7968857179186309;-1.57770983730361;0.0;0.0;0.0;0.0;0.0;80.61893714435438;102.64550863495336;40.722751485554475;215.3364465131048;-11.495292459075891
1152.0;0.0;2.463618642643021e-7;0.0;1.4312268159521827e-7;0.0;0.0;0.0;0.0;0.0;5.279402639284375e-13;0.6141873301358821;0.16663752844218802;0.7968857179186309;-1.57770983730361;0.0;0.0;0.0;0.0;0.0;80.61893714435438;102.64550863495336;40.722751485554475;215.3364465131048;-11.495292459075891
1153.0;0.0;3.6041123685201257e-7;0.0;3.5222058203448973e-6;0.0;0.0;0.0;0.0;0.0;5.442004507243827e-13;0.34268311166982923;0.18238358991680859;1.3482578364816764;-1.8733236508716833;0.0;0.0;0.0;0.0;0.0;73.15297009130946;99.6956343287948;44.504390234394236;236.0907038070013;-12.431359936711354
1154.0;0.0;3.6041123685201257e-7;0.0;3.5222058203448973e-6;0.0;0.0;0.0;0.0;0.0;5.442004507243827e-13;0.34268311166982923;0.18238358991680859;1.3482578364816764;-1.8733236508716833;0.0;0.0;0.0;0.0;0.0;73.15297009130946;99.6956343287948;44.504390234394236;236.0907038070013;-12.431359936711354
1155.0;0.0;3.6041123685201257e-7;0.0;3.5222058203448973e-6;0.0;0.0;0.0;0.0;0.0;5.442004507243827e-13;0.34268311166982923;0.18238358991680859;1.3482578364816764;-1.8733236508716833;0.0;0.0;0.0;0.0;0.0;73.15297009130946;99.6956343287948;44.504390234394236;236.0907038070013;-12.431359936711354
1156.0;0.0;3.6041123685201257e-7;0.0;3.5222058203448973e-6;0.0;0.0;0.0;0.0;0.0;5.442004507243827e-13;0.34268311166982923;0.18238358991680859;1.3482578364816764;-1.8733236508716833;0.0;0.0;0.0;0.0;0.0;73.15297009130946;99.6956343287948;44.504390234394236;236.0907038070013;-12.431359936711354
1157.0;0.0;3.6041123685201257e-7;0.0;3.5222058203448973e-6;0.0;0.0;0.0;0.0;0.0;5.442004507243827e-13;0.34268311166982923;0.18238358991680859;1.3482578364816764;-1.8733236508716833;0.0;0.0;0.0;0.0;0.0;73.15297009130946;99.6956343287948;44.504390234394236;236.0907038070013;-12.431359936711354
1158.0;0.0;3.6041123685201257e-7;0.0;3.5222058203448973e-6;0.0;0.0;0.0;0.0;0.0;5.442004507243827e-13;0.34268311166982923;0.18238358991680859;1.3482578364816764;-1.8733236508716833;0.0;0.0;0.0;0.0;0.0;73.15297009130946;99.6956343287948;44.504390234394236;236.0907038070013;-12.431359936711354
1159.0;0.0;3.6041123685201257e-7;0.0;3.5222058203448973e-6;0.0;0.0;0.0;0.0;0.0;5.442004507243827e-13;0.34268311166982923;0.18238358991680859;1.3482578364816764;-1.8733236508716833;0.0;0.0;0.0;0.0;0.0;73.15297009130946;99.6956343287948;44.504390234394236;236.0907038070013;-12.431359936711354
1160.0;0.0;3.6041123685201257e-7;0.0;3.5222058203448973e-6;0.0;0.0;0.0;0.0;0.0;5.442004507243827e-13;0.34268311166982923;0.18238358991680859;1.3482578364816764;-1.8733236508716833;0.0;0.0;0.0;0.0;0.0;73.15297009130946;99.6956343287948;44.504390234394236;236.0907038070013;-12.431359936711354
1161.0;0.0;3.6041123685201257e-7;0.0;3.5222058203448973e-6;0.0;0.0;0.0;0.0;0.0;5.442004507243827e-13;0.34268311166982923;0.18238358991680859;1.3482578364816764;-1.8733236508716833;0.0;0.0;0.0;0.0;0.0;73.15297009130946;99.6956343287948;44.504390234394236;236.0907038070013;-12.431359936711354
1162.0;0.0;3.6041123685201257e-7;0.0;3.5222058203448973e-6;0.0;0.0;0.0;0.0;0.0;5.442004507243827e-13;0.34268311166982923;0.18238358991680859;1.3482578364816764;-1.8733236508716833;0.0;0.0;0.0;0.0;0.0;73.15297009130946;99.6956343287948;44.504390234394236;236.0907038070013;-12.431359936711354
1163.0;0.0;3.6041123685201257e-7;0.0;3.5222058203448973e-6;0.0;0.0;0.0;0.0;0.0;5.442004507243827e-13;0.34268311166982923;0.18238358991680859;1.3482578364816764;-1.8733236508716833;0.0;0.0;0.0;0.0;0.0;73.15297009130946;99.6956343287948;44.504390234394236;236.0907038070013;-12.431359936711354
1164.0;0.0;3.6041123685201257e-7;0.0;3.5222058203448973e-6;0.0;0.0;0.0;0.0;0.0;5.442004507243827e-13;0.34268311166982923;0.18238358991680859;1.3482578364816764;-1.8733236508716833;0.0;0.0;0.0;0.0;0.0;73.15297009130946;99.6956343287948;44.504390234394236;236.0907038070013;-12.431359936711354
1165.0;0.0;3.6041123685201257e-7;0.0;3.5222058203448973e-6;0.0;0.0;0.0;0.0;0.0;5.442004507243827e-13;0.34268311166982923;0.18238358991680859;1.3482578364816764;-1.8733236508716833;0.0;0.0;0.0;0.0;0.0;73.15297009130946;99.6956343287948;44.504390234394236;236.0907038070013;-12.431359936711354
1166.0;0.0;3.6041123685201257e-7;0.0;3.5222058203448973e-6;0.0;0.0;0.0;0.0;0.0;5.442004507243827e-13;0.34268311166982923;0.18238358991680859;1.3482578364816764;-1.8733236508716833;0.0;0.0;0.0;0.0;0.0;73.15297009130946;99.6956343287948;44.504390234394236;236.0907038070013;-12.431359936711354
1167.0;0.0;3.6041123685201257e-7;0.0;3.5222058203448973e-6;0.0;0.0;0.0;0.0;0.0;5.442004507243827e-13;0.34268311166982923;0.18238358991680859;1.3482578364816764;-1.8733236508716833;0.0;0.0;0.0;0.0;0.0;73.15297009130946;99.6956343287948;44.504390234394236;236.0907038070013;-12.431359936711354
1168.0;0.0;3.6041123685201257e-7;0.0;3.5222058203448973e-6;0.0;0.0;0.0;0.0;0.0;5.442004507243827e-13;0.34268311166982923;0.18238358991680859;1.3482578364816764;-1.8733236508716833;0.0;0.0;0.0;0.0;0.0;73.15297009130946;99.6956343287948;44.504390234394236;236.0907038070013;-12.431359936711354
1169.0;0.0;3.6041123685201257e-7;0.0;3.5222058203448973e-6;0.0;0.0;0.0;0.0;0.0;5.442004507243827e-13;0.34268311166982923;0.18238358991680859;1.3482578364816764;-1.8733236508716833;0.0;0.0;0.0;0.0;0.0;73.15297009130946;99.6956343287948;44.504390234394236;236.0907038070013;-12.431359936711354
1170.0;0.0;3.6041123685201257e-7;0.0;3.5222058203448973e-6;0.0;0.0;0.0;0.0;0.0;5.442004507243827e-13;0.34268311166982923;0.18238358991680859;1.3482578364816764;-1.8733236508716833;0.0;0.0;0.0;0.0;0.0;73.15297009130946;99.6956343287948;44.504390234394236;236.0907038070013;-12.431359936711354
1171.0;0.0;3.6041123685201257e-7;0.0;3.5222058203448973e-6;0.0;0.0;0.0;0.0;0.0;5.442004507243827e-13;0.34268311166982923;0.18238358991680859;1.3482578364816764;-1.8733236508716833;0.0;0.0;0.0;0.0;0.0;73.15297009130946;99.6956343287948;44.504390234394236;236.0907038070013;-12.431359936711354
1172.0;0.0;3.6041123685201257e-7;0.0;3.5222058203448973e-6;0.0;0.0;0.0;0.0;0.0;5.442004507243827e-13;0.34268311166982923;0.18238358991680859;1.3482578364816764;-1.8733236508716833;0.0;0.0;0.0;0.0;0.0;73.15297009130946;99.6956343287948;44.504390234394236;236.0907038070013;-12.431359936711354
1173.0;0.0;3.6041123685201257e-7;0.0;3.5222058203448973e-6;0.0;0.0;0.0;0.0;0.0;5.442004507243827e-13;0.34268311166982923;0.18238358991680859;1.3482578364816764;-1.8733236508716833;0.0;0.0;0.0;0.0;0.0;73.15297009130946;99.6956343287948;44.504390234394236;236.0907038070013;-12.431359936711354
1174.0;0.0;3.6041123685201257e-7;0.0;3.5222058203448973e-6;0.0;0.0;0.0;0.0;0.0;5.442004507243827e-13;0.34268311166982923;0.18238358991680859;1.3482578364816764;-1.8733236508716833;0.0;0.0;0.0;0.0;0.0;73.15297009130946;99.6956343287948;44.504390234394236;236.0907038070013;-12.431359936711354
1175.0;0.0;3.6041123685201257e-7;0.0;3.5222058203448973e-6;0.0;0.0;0.0;0.0;0.0;5.442004507243827e-13;0.34268311166982923;0.18238358991680859;1.3482578364816764;-1.8733236508716833;0.0;0.0;0.0;0.0;0.0;73.15297009130946;99.6956343287948;44.504390234394236;236.0907038070013;-12.431359936711354
1176.0;0.0;3.6041123685201257e-7;0.0;3.5222058203448973e-6;0.0;0.0;0.0;0.0;0.0;5.442004507243827e-13;0.34268311166982923;0.18238358991680859;1.3482578364816764;-1.8733236508716833;0.0;0.0;0.0;0.0;0.0;73.15297009130946;99.6956343287948;44.504390234394236;236.0907038070013;-12.431359936711354
1177.0;0.0;1.9185639830141834e-8;0.0;3.5222058203448973e-6;0.0;0.0;0.0;0.0;0.0;5.442003888933557e-13;0.17625057004054065;0.07314619169379498;0.17625056218664845;-0.42564728242269506;0.0;0.0;0.0;0.0;0.0;73.15297009130946;99.6956343287948;44.504390234394236;236.0907038070013;-12.431359936711354
1178.0;0.0;1.9185639830141834e-8;0.0;3.5222058203448973e-6;0.0;0.0;0.0;0.0;0.0;5.442003888933557e-13;0.17625057004054065;0.07314619169379498;0.17625056218664845;-0.42564728242269506;0.0;0.0;0.0;0.0;0.0;73.15297009130946;99.6956343287948;44.504390234394236;236.0907038070013;-12.431359936711354
1179.0;0.0;1.9185639830141834e-8;0.0;3.5222058203448973e-6;0.0;0.0;0.0;0.0;0.0;5.442003888933557e-13;0.17625057004054065;0.07314619169379498;0.17625056218664845;-0.42564728242269506;0.0;0.0;0.0;0.0;0.0;73.15297009130946;99.6956343287948;44.504390234394236;236.0907038070013;-12.431359936711354
1180.0;0.0;1.9185639830141834e-8;0.0;3.5222058203448973e-6;0.0;0.0;0.0;0.0;0.0;5.442003888933557e-13;0.17625057004054065;0.07314619169379498;0.17625056218664845;-0.42564728242269506;0.0;0.0;0.0;0.0;0.0;73.15297009130946;99.6956343287948;44.504390234394236;236.0907038070013;-12.431359936711354
1181.0;0.0;1.9185639830141834e-8;0.0;3.5222058203448973e-6;0.0;0.0;0.0;0.0;0.0;5.442003888933557e-13;0.17625057004054065;0.07314619169379498;0.17625056218664845;-0.42564728242269506;0.0;0.0;0.0;0.0;0.0;73.15297009130946;99.6956343287948;44.504390234394236;236.0907038070013;-12.431359936711354
1182.0;0.0;1.9185639830141834e-8;0.0;3.5222058203448973e-6;0.0;0.0;0.0;0.0;0.0;5.442003888933557e-13;0.17625057004054065;0.07314619169379498;0.17625056218664845;-0.42564728242269506;0.0;0.0;0.0;0.0;0.0;73.15297009130946;99.6956343287948;44.504390234394236;236.0907038070013;-12.431359936711354
1183.0;0.0;1.9185639830141834e-8;0.0;3.5222058203448973e-6;0.0;0.0;0.0;0.0;0.0;5.442003888933557e-13;0.17625057004054065;0.07314619169379498;0.17625056218664845;-0.42564728242269506;0.0;0.0;0.0;0.0;0.0;73.15297009130946;99.6956343287948;44.504390234394236;236.0907038070013;-12.431359936711354
1184.0;0.0;1.9185639830141834e-8;0.0;3.5222058203448973e-6;0.0;0.0;0.0;0.0;0.0;5.442003888933557e-13;0.17625057004054065;0.07314619169379498;0.17625056218664845;-0.42564728242269506;0.0;0.0;0.0;0.0;0.0;73.15297009130946;99.6956343287948;44.504390234394236;236.0907038070013;-12.431359936711354
1185.0;0.0;1.9185639830141834e-8;0.0;3.5222058203448973e-6;0.0;0.0;0.0;0.0;0.0;5.442003888933557e-13;0.17625057004054065;0.07314619169379498;0.17625056218664845;-0.42564728242269506;0.0;0.0;0.0;0.0;0.0;73.15297009130946;99.6956343287948;44.504390234394236;236.0907038070013;-12.431359936711354
1186.0;0.0;1.9185639830141834e-8;0.0;3.5222058203448973e-6;0.0;0.0;0.0;0.0;0.0;5.442003888933557e-13;0.17625057004054065;0.07314619169379498;0.17625056218664845;-0.42564728242269506;0.0;0.0;0.0;0.0;0.0;73.15297009130946;99.6956343287948;44.504390234394236;236.0907038070013;-12.431359936711354
1187.0;0.0;1.9185639830141834e-8;0.0;3.5222058203448973e-6;0.0;0.0;0.0;0.0;0.0;5.442003888933557e-13;0.17625057004054065;0.07314619169379498;0.17625056218664845;-0.42564728242269506;0.0;0.0;0.0;0.0;0.0;73.15297009130946;99.6956343287948;44.504390234394236;236.0907038070013;-12.431359936711354
1188.0;0.0;1.9185639830141834e-8;0.0;3.5222058203448973e-6;0.0;0.0;0.0;0.0;0.0;5.442003888933557e-13;0.17625057004054065;0.07314619169379498;0.17625056218664845;-0.42564728242269506;0.0;0.0;0.0;0.0;0.0;73.15297009130946;99.6956343287948;44.504390234394236;236.0907038070013;-12.431359936711354
1189.0;0.0;1.9185639830141834e-8;0.0;3.5222058203448973e-6;0.0;0.0;0.0;0.0;0.0;5.442003888933557e-13;0.17625057004054065;0.07314619169379498;0.17625056218664845;-0.42564728242269506;0.0;0.0;0.0;0.0;0.0;73.15297009130946;99.6956343287948;44.504390234394236;236.0907038070013;-12.431359936711354
1190.0;0.0;1.9185639830141834e-8;0.0;3.5222058203448973e-6;0.0;0.0;0.0;0.0;0.0;5.442003888933557e-13;0.17625057004054065;0.07314619169379498;0.17625056218664845;-0.42564728242269506;0.0;0.0;0.0;0.0;0.0;73.15297009130946;99.6956343287948;44.504390234394236;236.0907038070013;-12.431359936711354
1191.0;0.0;1.9185639830141834e-8;0.0;3.5222058203448973e-6;0.0;0.0;0.0;0.0;0.0;5.442003888933557e-13;0.17625057004054065;0.07314619169379498;0.17625056218664845;-0.42564728242269506;0.0;0.0;0.0;0.0;0.0;73.15297009130946;99.6956343287948;44.504390234394236;236.0907038070013;-12.431359936711354
1192.0;0.0;1.9185639830141834e-8;0.0;3.5222058203448973e-6;0.0;0.0;0.0;0.0;0.0;5.442003888933557e-13;0.17625057004054065;0.07314619169379498;0.17625056218664845;-0.42564728242269506;0.0;0.0;0.0;0.0;0.0;73.15297009130946;99.6956343287948;44.504390234394236;236.0907038070013;-12.431359936711354
1193.0;0.0;1.9185639830141834e-8;0.0;3.5222058203448973e-6;0.0;0.0;0.0;0.0;0.0;5.442003888933557e-13;0.17625057004054065;0.07314619169379498;0.17625056218664845;-0.42564728242269506;0.0;0.0;0.0;0.0;0.0;73.15297009130946;99.6956343287948;44.504390234394236;236.0907038070013;-12.431359936711354
1194.0;0.0;1.9185639830141834e-8;0.0;3.5222058203448973e-6;0.0;0.0;0.0;0.0;0.0;5.442003888933557e-13;0.17625057004054065;0.07314619169379498;0.17625056218664845;-0.42564728242269506;0.0;0.0;0.0;0.0;0.0;73.15297009130946;99.6956343287948;44.504390234394236;236.0907038070013;-12.431359936711354
1195.0;0.0;1.9185639830141834e-8;0.0;3.5222058203448973e-6;0.0;0.0;0.0;0.0;0.0;5.442003888933557e-13;0.17625057004054065;0.07314619169379498;0.17625056218664845;-0.42564728242269506;0.0;0.0;0.0;0.0;0.0;73.15297009130946;99.6956343287948;44.504390234394236;236.0907038070013;-12.431359936711354
1196.0;0.0;1.9185639830141834e-8;0.0;3.5222058203448973e-6;0.0;0.0;0.0;0.0;0.0;5.442003888933557e-13;0.17625057004054065;0.07314619169379498;0.17625056218664845;-0.42564728242269506;0.0;0.0;0.0;0.0;0.0;73.15297009130946;99.6956343287948;44.504390234394236;236.0907038070013;-12.431359936711354
1197.0;0.0;1.9185639830141834e-8;0.0;3.5222058203448973e-6;0.0;0.0;0.0;0.0;0.0;5.442003888933557e-13;0.17625057004054065;0.07314619169379498;0.17625056218664845;-0.42564728242269506;0.0;0.0;0.0;0.0;0.0;73.15297009130946;99.6956343287948;44.504390234394236;236.0907038070013;-12.431359936711354
1198.0;0.0;1.9185639830141834e-8;0.0;3.5222058203448973e-6;0.0;0.0;0.0;0.0;0.0;5.442003888933557e-13;0.17625057004054065;0.07314619169379498;0.17625056218664845;-0.42564728242269506;0.0;0.0;0.0;0.0;0.0;73.15297009130946;99.6956343287948;44.504390234394236;236.0907038070013;-12.431359936711354
1199.0;0.0;1.9185639830141834e-8;0.0;3.5222058203448973e-6;0.0;0.0;0.0;0.0;0.0;5.442003888933557e-13;0.17625057004054065;0.07314619169379498;0.17625056218664845;-0.42564728242269506;0.0;0.0;0.0;0.0;0.0;73.15297009130946;99.6956343287948;44.504390234394236;236.0907038070013;-12.431359936711354
1200.0;0.0;1.9185639830141834e-8;0.0;3.5222058203448973e-6;0.0;0.0;0.0;0.0;0.0;5.442003888933557e-13;0.17625057004054065;0.07314619169379498;0.17625056218664845;-0.42564728242269506;0.0;0.0;0.0;0.0;0.0;73.15297009130946;99.6956343287948;44.504390234394236;236.0907038070013;-12.431359936711354
1201.0;0.0;-2.157866673888176e-5;0.0;3.5222058203448973e-6;0.0;0.0;0.0;0.0;0.0;0.0;0.2027103464505376;0.0995991458400653;0.20270451631915595;-0.5047765214023497;0.0;0.0;0.0;0.0;0.0;73.15297009130946;99.6956343287948;44.504390234394236;236.0907038070013;-12.431359936711354
1202.0;0.0;-2.157866673888176e-5;0.0;3.5222058203448973e-6;0.0;0.0;0.0;0.0;0.0;0.0;0.2027103464505376;0.0995991458400653;0.20270451631915595;-0.5047765214023497;0.0;0.0;0.0;0.0;0.0;73.15297009130946;99.6956343287948;44.504390234394236;236.0907038070013;-12.431359936711354
1203.0;0.0;-2.157866673888176e-5;0.0;3.5222058203448973e-6;0.0;0.0;0.0;0.0;0.0;0.0;0.2027103464505376;0.0995991458400653;0.20270451631915595;-0.5047765214023497;0.0;0.0;0.0;0.0;0.0;73.15297009130946;99.6956343287948;44.504390234394236;236.0907038070013;-12.431359936711354
1204.0;0.0;-2.157866673888176e-5;0.0;3.5222058203448973e-6;0.0;0.0;0.0;0.0;0.0;0.0;0.2027103464505376;0.0995991458400653;0.20270451631915595;-0.5047765214023497;0.0;0.0;0.0;0.0;0.0;73.15297009130946;99.6956343287948;44.504390234394236;236.0907038070013;-12.431359936711354
1205.0;0.0;-2.157866673888176e-5;0.0;3.5222058203448973e-6;0.0;0.0;0.0;0.0;0.0;0.0;0.2027103464505376;0.0995991458400653;0.20270451631915595;-0.5047765214023497;0.0;0.0;0.0;0.0;0.0;73.15297009130946;99.6956343287948;44.504390234394236;236.0907038070013;-12.431359936711354
1206.0;0.0;-2.157866673888176e-5;0.0;3.5222058203448973e-6;0.0;0.0;0.0;0.0;0.0;0.0;0.2027103464505376;0.0995991458400653;0.20270451631915595;-0.5047765214023497;0.0;0.0;0.0;0.0;0.0;73.15297009130946;99.6956343287948;44.504390234394236;236.0907038070013;-12.431359936711354
1207.0;0.0;-2.157866673888176e-5;0.0;3.5222058203448973e-6;0.0;0.0;0.0;0.0;0.0;0.0;0.2027103464505376;0.0995991458400653;0.20270451631915595;-0.5047765214023497;0.0;0.0;0.0;0.0;0.0;73.15297009130946;99.6956343287948;44.504390234394236;236.0907038070013;-12.431359936711354
1208.0;0.0;-2.157866673888176e-5;0.0;3.5222058203448973e-6;0.0;0.0;0.0;0.0;0.0;0.0;0.2027103464505376;0.0995991458400653;0.20270451631915595;-0.5047765214023497;0.0;0.0;0.0;0.0;0.0;73.15297009130946;99.6956343287948;44.504390234394236;236.0907038070013;-12.431359936711354
1209.0;0.0;-2.157866673888176e-5;0.0;3.5222058203448973e-6;0.0;0.0;0.0;0.0;0.0;0.0;0.2027103464505376;0.0995991458400653;0.20270451631915595;-0.5047765214023497;0.0;0.0;0.0;0.0;0.0;73.15297009130946;99.6956343287948;44.504390234394236;236.0907038070013;-12.431359936711354
1210.0;0.0;-2.157866673888176e-5;0.0;3.5222058203448973e-6;0.0;0.0;0.0;0.0;0.0;0.0;0.2027103464505376;0.0995991458400653;0.20270451631915595;-0.5047765214023497;0.0;0.0;0.0;0.0;0.0;73.15297009130946;99.6956343287948;44.504390234394236;236.0907038070013;-12.431359936711354
1211.0;0.0;-2.157866673888176e-5;0.0;3.5222058203448973e-6;0.0;0.0;0.0;0.0;0.0;0.0;0.2027103464505376;0.0995991458400653;0.20270451631915595;-0.5047765214023497;0.0;0.0;0.0;0.0;0.0;73.15297009130946;99.6956343287948;44.504390234394236;236.0907038070013;-12.431359936711354
1212.0;0.0;-2.157866673888176e-5;0.0;3.5222058203448973e-6;0.0;0.0;0.0;0.0;0.0;0.0;0.2027103464505376;0.0995991458400653;0.20270451631915595;-0.5047765214023497;0.0;0.0;0.0;0.0;0.0;73.15297009130946;99.6956343287948;44.504390234394236;236.0907038070013;-12.431359936711354
1213.0;0.0;-2.157866673888176e-5;0.0;3.5222058203448973e-6;0.0;0.0;0.0;0.0;0.0;0.0;0.2027103464505376;0.0995991458400653;0.20270451631915595;-0.5047765214023497;0.0;0.0;0.0;0.0;0.0;73.15297009130946;99.6956343287948;44.504390234394236;236.0907038070013;-12.431359936711354
1214.0;0.0;-2.157866673888176e-5;0.0;3.5222058203448973e-6;0.0;0.0;0.0;0.0;0.0;0.0;0.2027103464505376;0.0995991458400653;0.20270451631915595;-0.5047765214023497;0.0;0.0;0.0;0.0;0.0;73.15297009130946;99.6956343287948;44.504390234394236;236.0907038070013;-12.431359936711354
1215.0;0.0;-2.157866673888176e-5;0.0;3.5222058203448973e-6;0.0;0.0;0.0;0.0;0.0;0.0;0.2027103464505376;0.0995991458400653;0.20270451631915595;-0.5047765214023497;0.0;0.0;0.0;0.0;0.0;73.15297009130946;99.6956343287948;44.504390234394236;236.0907038070013;-12.431359936711354
1216.0;0.0;-2.157866673888176e-5;0.0;3.5222058203448973e-6;0.0;0.0;0.0;0.0;0.0;0.0;0.2027103464505376;0.0995991458400653;0.20270451631915595;-0.5047765214023497;0.0;0.0;0.0;0.0;0.0;73.15297009130946;99.6956343287948;44.504390234394236;236.0907038070013;-12.431359936711354
1217.0;0.0;-2.157866673888176e-5;0.0;3.5222058203448973e-6;0.0;0.0;0.0;0.0;0.0;0.0;0.2027103464505376;0.0995991458400653;0.20270451631915595;-0.5047765214023497;0.0;0.0;0.0;0.0;0.0;73.15297009130946;99.6956343287948;44.504390234394236;236.0907038070013;-12.431359936711354
1218.0;0.0;-2.157866673888176e-5;0.0;3.5222058203448973e-6;0.0;0.0;0.0;0.0;0.0;0.0;0.2027103464505376;0.0995991458400653;0.20270451631915595;-0.5047765214023497;0.0;0.0;0.0;0.0;0.0;73.15297009130946;99.6956343287948;44.504390234394236;236.0907038070013;-12.431359936711354
1219.0;0.0;-2.157866673888176e-5;0.0;3.5222058203448973e-6;0.0;0.0;0.0;0.0;0.0;0.0;0.2027103464505376;0.0995991458400653;0.20270451631915595;-0.5047765214023497;0.0;0.0;0.0;0.0;0.0;73.15297009130946;99.6956343287948;44.504390234394236;236.0907038070013;-12.431359936711354
1220.0;0.0;-2.157866673888176e-5;0.0;3.5222058203448973e-6;0.0;0.0;0.0;0.0;0.0;0.0;0.2027103464505376;0.0995991458400653;0.20270451631915595;-0.5047765214023497;0.0;0.0;0.0;0.0;0.0;73.15297009130946;99.6956343287948;44.504390234394236;236.0907038070013;-12.431359936711354
1221.0;0.0;-2.157866673888176e-5;0.0;3.5222058203448973e-6;0.0;0.0;0.0;0.0;0.0;0.0;0.2027103464505376;0.0995991458400653;0.20270451631915595;-0.5047765214023497;0.0;0.0;0.0;0.0;0.0;73.15297009130946;99.6956343287948;44.504390234394236;236.0907038070013;-12.431359936711354
1222.0;0.0;-2.157866673888176e-5;0.0;3.5222058203448973e-6;0.0;0.0;0.0;0.0;0.0;0.0;0.2027103464505376;0.0995991458400653;0.20270451631915595;-0.5047765214023497;0.0;0.0;0.0;0.0;0.0;73.15297009130946;99.6956343287948;44.504390234394236;236.0907038070013;-12.431359936711354
1223.0;0.0;-2.157866673888176e-5;0.0;3.5222058203448973e-6;0.0;0.0;0.0;0.0;0.0;0.0;0.2027103464505376;0.0995991458400653;0.20270451631915595;-0.5047765214023497;0.0;0.0;0.0;0.0;0.0;73.15297009130946;99.6956343287948;44.504390234394236;236.0907038070013;-12.431359936711354
1224.0;0.0;-2.157866673888176e-5;0.0;3.5222058203448973e-6;0.0;0.0;0.0;0.0;0.0;0.0;0.2027103464505376;0.0995991458400653;0.20270451631915595;-0.5047765214023497;0.0;0.0;0.0;0.0;0.0;73.15297009130946;99.6956343287948;44.504390234394236;236.0907038070013;-12.431359936711354
1225.0;0.0;2.010506127554126e-8;0.0;3.5222058203448973e-6;0.0;0.0;0.0;0.0;0.0;5.442004008253327e-13;0.3992330509974826;0.04558226460743762;0.39923303535576055;-0.8440483006137801;0.0;0.0;0.0;0.0;0.0;73.15297009130946;99.6956343287948;44.504390234394236;236.0907038070013;-12.431359936711354
1226.0;0.0;2.010506127554126e-8;0.0;3.5222058203448973e-6;0.0;0.0;0.0;0.0;0.0;5.442004008253327e-13;0.3992330509974826;0.04558226460743762;0.39923303535576055;-0.8440483006137801;0.0;0.0;0.0;0.0;0.0;73.15297009130946;99.6956343287948;44.504390234394236;236.0907038070013;-12.431359936711354
1227.0;0.0;2.010506127554126e-8;0.0;3.5222058203448973e-6;0.0;0.0;0.0;0.0;0.0;5.442004008253327e-13;0.3992330509974826;0.04558226460743762;0.39923303535576055;-0.8440483006137801;0.0;0.0;0.0;0.0;0.0;73.15297009130946;99.6956343287948;44.504390234394236;236.0907038070013;-12.431359936711354
1228.0;0.0;2.010506127554126e-8;0.0;3.5222058203448973e-6;0.0;0.0;0.0;0.0;0.0;5.442004008253327e-13;0.3992330509974826;0.04558226460743762;0.39923303535576055;-0.8440483006137801;0.0;0.0;0.0;0.0;0.0;73.15297009130946;99.6956343287948;44.504390234394236;236.0907038070013;-12.431359936711354
1229.0;0.0;2.010506127554126e-8;0.0;3.5222058203448973e-6;0.0;0.0;0.0;0.0;0.0;5.442004008253327e-13;0.3992330509974826;0.04558226460743762;0.39923303535576055;-0.8440483006137801;0.0;0.0;0.0;0.0;0.0;73.15297009130946;99.6956343287948;44.504390234394236;236.0907038070013;-12.431359936711354
1230.0;0.0;2.010506127554126e-8;0.0;3.5222058203448973e-6;0.0;0.0;0.0;0.0;0.0;5.442004008253327e-13;0.3992330509974826;0.04558226460743762;0.39923303535576055;-0.8440483006137801;0.0;0.0;0.0;0.0;0.0;73.15297009130946;99.6956343287948;44.504390234394236;236.0907038070013;-12.431359936711354
1231.0;0.0;2.010506127554126e-8;0.0;3.5222058203448973e-6;0.0;0.0;0.0;0.0;0.0;5.442004008253327e-13;0.3992330509974826;0.04558226460743762;0.39923303535576055;-0.8440483006137801;0.0;0.0;0.0;0.0;0.0;73.15297009130946;99.6956343287948;44.504390234394236;236.0907038070013;-12.431359936711354
1232.0;0.0;2.010506127554126e-8;0.0;3.5222058203448973e-6;0.0;0.0;0.0;0.0;0.0;5.442004008253327e-13;0.3992330509974826;0.04558226460743762;0.39923303535576055;-0.8440483006137801;0.0;0.0;0.0;0.0;0.0;73.15297009130946;99.6956343287948;44.504390234394236;236.0907038070013;-12.431359936711354
1233.0;0.0;2.010506127554126e-8;0.0;3.5222058203448973e-6;0.0;0.0;0.0;0.0;0.0;5.442004008253327e-13;0.3992330509974826;0.04558226460743762;0.39923303535576055;-0.8440483006137801;0.0;0.0;0.0;0.0;0.0;73.15297009130946;99.6956343287948;44.504390234394236;236.0907038070013;-12.431359936711354
1234.0;0.0;2.010506127554126e-8;0.0;3.5222058203448973e-6;0.0;0.0;0.0;0.0;0.0;5.442004008253327e-13;0.3992330509974826;0.04558226460743762;0.39923303535576055;-0.8440483006137801;0.0;0.0;0.0;0.0;0.0;73.15297009130946;99.6956343287948;44.504390234394236;236.0907038070013;-12.431359936711354
1235.0;0.0;2.010506127554126e-8;0.0;3.5222058203448973e-6;0.0;0.0;0.0;0.0;0.0;5.442004008253327e-13;0.3992330509974826;0.04558226460743762;0.39923303535576055;-0.8440483006137801;0.0;0.0;0.0;0.0;0.0;73.15297009130946;99.6956343287948;44.504390234394236;236.0907038070013;-12.431359936711354
1236.0;0.0;2.010506127554126e-8;0.0;3.5222058203448973e-6;0.0;0.0;0.0;0.0;0.0;5.442004008253327e-13;0.3992330509974826;0.04558226460743762;0.39923303535576055;-0.8440483006137801;0.0;0.0;0.0;0.0;0.0;73.15297009130946;99.6956343287948;44.504390234394236;236.0907038070013;-12.431359936711354
1237.0;0.0;2.010506127554126e-8;0.0;3.5222058203448973e-6;0.0;0.0;0.0;0.0;0.0;5.442004008253327e-13;0.3992330509974826;0.04558226460743762;0.39923303535576055;-0.8440483006137801;0.0;0.0;0.0;0.0;0.0;73.15297009130946;99.6956343287948;44.504390234394236;236.0907038070013;-12.431359936711354
1238.0;0.0;2.010506127554126e-8;0.0;3.5222058203448973e-6;0.0;0.0;0.0;0.0;0.0;5.442004008253327e-13;0.3992330509974826;0.04558226460743762;0.39923303535576055;-0.8440483006137801;0.0;0.0;0.0;0.0;0.0;73.15297009130946;99.6956343287948;44.504390234394236;236.0907038070013;-12.431359936711354
1239.0;0.0;2.010506127554126e-8;0.0;3.5222058203448973e-6;0.0;0.0;0.0;0.0;0.0;5.442004008253327e-13;0.3992330509974826;0.04558226460743762;0.39923303535576055;-0.8440483006137801;0.0;0.0;0.0;0.0;0.0;73.15297009130946;99.6956343287948;44.504390234394236;236.0907038070013;-12.431359936711354
1240.0;0.0;2.010506127554126e-8;0.0;3.5222058203448973e-6;0.0;0.0;0.0;0.0;0.0;5.442004008253327e-13;0.3992330509974826;0.04558226460743762;0.39923303535576055;-0.8440483006137801;0.0;0.0;0.0;0.0;0.0;73.15297009130946;99.6956343287948;44.504390234394236;236.0907038070013;-12.431359936711354
1241.0;0.0;2.010506127554126e-8;0.0;3.5222058203448973e-6;0.0;0.0;0.0;0.0;0.0;5.442004008253327e-13;0.3992330509974826;0.04558226460743762;0.39923303535576055;-0.8440483006137801;0.0;0.0;0.0;0.0;0.0;73.15297009130946;99.6956343287948;44.504390234394236;236.0907038070013;-12.431359936711354
1242.0;0.0;2.010506127554126e-8;0.0;3.5222058203448973e-6;0.0;0.0;0.0;0.0;0.0;5.442004008253327e-13;0.3992330509974826;0.04558226460743762;0.39923303535576055;-0.8440483006137801;0.0;0.0;0.0;0.0;0.0;73.15297009130946;99.6956343287948;44.504390234394236;236.0907038070013;-12.431359936711354
1243.0;0.0;2.010506127554126e-8;0.0;3.5222058203448973e-6;0.0;0.0;0.0;0.0;0.0;5.442004008253327e-13;0.3992330509974826;0.04558226460743762;0.39923303535576055;-0.8440483006137801;0.0;0.0;0.0;0.0;0.0;73.15297009130946;99.6956343287948;44.504390234394236;236.0907038070013;-12.431359936711354
1244.0;0.0;2.010506127554126e-8;0.0;3.5222058203448973e-6;0.0;0.0;0.0;0.0;0.0;5.442004008253327e-13;0.3992330509974826;0.04558226460743762;0.39923303535576055;-0.8440483006137801;0.0;0.0;0.0;0.0;0.0;73.15297009130946;99.6956343287948;44.504390234394236;236.0907038070013;-12.431359936711354
1245.0;0.0;2.010506127554126e-8;0.0;3.5222058203448973e-6;0.0;0.0;0.0;0.0;0.0;5.442004008253327e-13;0.3992330509974826;0.04558226460743762;0.39923303535576055;-0.8440483006137801;0.0;0.0;0.0;0.0;0.0;73.15297009130946;99.6956343287948;44.504390234394236;236.0907038070013;-12.431359936711354
1246.0;0.0;2.010506127554126e-8;0.0;3.5222058203448973e-6;0.0;0.0;0.0;0.0;0.0;5.442004008253327e-13;0.3992330509974826;0.04558226460743762;0.39923303535576055;-0.8440483006137801;0.0;0.0;0.0;0.0;0.0;73.15297009130946;99.6956343287948;44.504390234394236;236.0907038070013;-12.431359936711354
1247.0;0.0;2.010506127554126e-8;0.0;3.5222058203448973e-6;0.0;0.0;0.0;0.0;0.0;5.442004008253327e-13;0.3992330509974826;0.04558226460743762;0.39923303535576055;-0.8440483006137801;0.0;0.0;0.0;0.0;0.0;73.15297009130946;99.6956343287948;44.504390234394236;236.0907038070013;-12.431359936711354
1248.0;0.0;2.010506127554126e-8;0.0;3.5222058203448973e-6;0.0;0.0;0.0;0.0;0.0;5.442004008253327e-13;0.3992330509974826;0.04558226460743762;0.39923303535576055;-0.8440483006137801;0.0;0.0;0.0;0.0;0.0;73.15297009130946;99.6956343287948;44.504390234394236;236.0907038070013;-12.431359936711354
1249.0;0.0;1.940443080312418e-8;0.0;3.5222058203448973e-6;0.0;0.0;0.0;0.0;0.0;5.442003800436605e-13;0.3695306659964779;0.030288706972187107;0.36953064360735877;-0.769349968854104;0.0;0.0;0.0;0.0;0.0;73.15297009130946;99.6956343287948;44.504390234394236;236.0907038070013;-12.431359936711354
1250.0;0.0;1.940443080312418e-8;0.0;3.5222058203448973e-6;0.0;0.0;0.0;0.0;0.0;5.442003800436605e-13;0.3695306659964779;0.030288706972187107;0.36953064360735877;-0.769349968854104;0.0;0.0;0.0;0.0;0.0;73.15297009130946;99.6956343287948;44.504390234394236;236.0907038070013;-12.431359936711354
1251.0;0.0;1.940443080312418e-8;0.0;3.5222058203448973e-6;0.0;0.0;0.0;0.0;0.0;5.442003800436605e-13;0.3695306659964779;0.030288706972187107;0.36953064360735877;-0.769349968854104;0.0;0.0;0.0;0.0;0.0;73.15297009130946;99.6956343287948;44.504390234394236;236.0907038070013;-12.431359936711354
1252.0;0.0;1.940443080312418e-8;0.0;3.5222058203448973e-6;0.0;0.0;0.0;0.0;0.0;5.442003800436605e-13;0.3695306659964779;0.030288706972187107;0.36953064360735877;-0.769349968854104;0.0;0.0;0.0;0.0;0.0;73.15297009130946;99.6956343287948;44.504390234394236;236.0907038070013;-12.431359936711354
1253.0;0.0;1.940443080312418e-8;0.0;3.5222058203448973e-6;0.0;0.0;0.0;0.0;0.0;5.442003800436605e-13;0.3695306659964779;0.030288706972187107;0.36953064360735877;-0.769349968854104;0.0;0.0;0.0;0.0;0.0;73.15297009130946;99.6956343287948;44.504390234394236;236.0907038070013;-12.431359936711354
1254.0;0.0;1.940443080312418e-8;0.0;3.5222058203448973e-6;0.0;0.0;0.0;0.0;0.0;5.442003800436605e-13;0.3695306659964779;0.030288706972187107;0.36953064360735877;-0.769349968854104;0.0;0.0;0.0;0.0;0.0;73.15297009130946;99.6956343287948;44.504390234394236;236.0907038070013;-12.431359936711354
1255.0;0.0;1.940443080312418e-8;0.0;3.5222058203448973e-6;0.0;0.0;0.0;0.0;0.0;5.442003800436605e-13;0.3695306659964779;0.030288706972187107;0.36953064360735877;-0.769349968854104;0.0;0.0;0.0;0.0;0.0;73.15297009130946;99.6956343287948;44.504390234394236;236.0907038070013;-12.431359936711354
1256.0;0.0;1.940443080312418e-8;0.0;3.5222058203448973e-6;0.0;0.0;0.0;0.0;0.0;5.442003800436605e-13;0.3695306659964779;0.030288706972187107;0.36953064360735877;-0.769349968854104;0.0;0.0;0.0;0.0;0.0;73.15297009130946;99.6956343287948;44.504390234394236;236.0907038070013;-12.431359936711354
1257.0;0.0;1.940443080312418e-8;0.0;3.5222058203448973e-6;0.0;0.0;0.0;0.0;0.0;5.442003800436605e-13;0.3695306659964779;0.030288706972187107;0.36953064360735877;-0.769349968854104;0.0;0.0;0.0;0.0;0.0;73.15297009130946;99.6956343287948;44.504390234394236;236.0907038070013;-12.431359936711354
1258.0;0.0;1.940443080312418e-8;0.0;3.5222058203448973e-6;0.0;0.0;0.0;0.0;0.0;5.442003800436605e-13;0.3695306659964779;0.030288706972187107;0.36953064360735877;-0.769349968854104;0.0;0.0;0.0;0.0;0.0;73.15297009130946;99.6956343287948;44.504390234394236;236.0907038070013;-12.431359936711354
1259.0;0.0;1.940443080312418e-8;0.0;3.5222058203448973e-6;0.0;0.0;0.0;0.0;0.0;5.442003800436605e-13;0.3695306659964779;0.030288706972187107;0.36953064360735877;-0.769349968854104;0.0;0.0;0.0;0.0;0.0;73.15297009130946;99.6956343287948;44.504390234394236;236.0907038070013;-12.431359936711354
1260.0;0.0;1.940443080312418e-8;0.0;3.5222058203448973e-6;0.0;0.0;0.0;0.0;0.0;5.442003800436605e-13;0.3695306659964779;0.030288706972187107;0.36953064360735877;-0.769349968854104;0.0;0.0;0.0;0.0;0.0;73.15297009130946;99.6956343287948;44.504390234394236;236.0907038070013;-12.431359936711354
1261.0;0.0;1.940443080312418e-8;0.0;3.5222058203448973e-6;0.0;0.0;0.0;0.0;0.0;5.442003800436605e-13;0.3695306659964779;0.030288706972187107;0.36953064360735877;-0.769349968854104;0.0;0.0;0.0;0.0;0.0;73.15297009130946;99.6956343287948;44.504390234394236;236.0907038070013;-12.431359936711354
1262.0;0.0;1.940443080312418e-8;0.0;3.5222058203448973e-6;0.0;0.0;0.0;0.0;0.0;5.442003800436605e-13;0.3695306659964779;0.030288706972187107;0.36953064360735877;-0.769349968854104;0.0;0.0;0.0;0.0;0.0;73.15297009130946;99.6956343287948;44.504390234394236;236.0907038070013;-12.431359936711354
1263.0;0.0;1.940443080312418e-8;0.0;3.5222058203448973e-6;0.0;0.0;0.0;0.0;0.0;5.442003800436605e-13;0.3695306659964779;0.030288706972187107;0.36953064360735877;-0.769349968854104;0.0;0.0;0.0;0.0;0.0;73.15297009130946;99.6956343287948;44.504390234394236;236.0907038070013;-12.431359936711354
1264.0;0.0;1.940443080312418e-8;0.0;3.5222058203448973e-6;0.0;0.0;0.0;0.0;0.0;5.442003800436605e-13;0.3695306659964779;0.030288706972187107;0.36953064360735877;-0.769349968854104;0.0;0.0;0.0;0.0;0.0;73.15297009130946;99.6956343287948;44.504390234394236;236.0907038070013;-12.431359936711354
1265.0;0.0;1.940443080312418e-8;0.0;3.5222058203448973e-6;0.0;0.0;0.0;0.0;0.0;5.442003800436605e-13;0.3695306659964779;0.030288706972187107;0.36953064360735877;-0.769349968854104;0.0;0.0;0.0;0.0;0.0;73.15297009130946;99.6956343287948;44.504390234394236;236.0907038070013;-12.431359936711354
1266.0;0.0;1.940443080312418e-8;0.0;3.5222058203448973e-6;0.0;0.0;0.0;0.0;0.0;5.442003800436605e-13;0.3695306659964779;0.030288706972187107;0.36953064360735877;-0.769349968854104;0.0;0.0;0.0;0.0;0.0;73.15297009130946;99.6956343287948;44.504390234394236;236.0907038070013;-12.431359936711354
1267.0;0.0;1.940443080312418e-8;0.0;3.5222058203448973e-6;0.0;0.0;0.0;0.0;0.0;5.442003800436605e-13;0.3695306659964779;0.030288706972187107;0.36953064360735877;-0.769349968854104;0.0;0.0;0.0;0.0;0.0;73.15297009130946;99.6956343287948;44.504390234394236;236.0907038070013;-12.431359936711354
1268.0;0.0;1.940443080312418e-8;0.0;3.5222058203448973e-6;0.0;0.0;0.0;0.0;0.0;5.442003800436605e-13;0.3695306659964779;0.030288706972187107;0.36953064360735877;-0.769349968854104;0.0;0.0;0.0;0.0;0.0;73.15297009130946;99.6956343287948;44.504390234394236;236.0907038070013;-12.431359936711354
1269.0;0.0;1.940443080312418e-8;0.0;3.5222058203448973e-6;0.0;0.0;0.0;0.0;0.0;5.442003800436605e-13;0.3695306659964779;0.030288706972187107;0.36953064360735877;-0.769349968854104;0.0;0.0;0.0;0.0;0.0;73.15297009130946;99.6956343287948;44.504390234394236;236.0907038070013;-12.431359936711354
1270.0;0.0;1.940443080312418e-8;0.0;3.5222058203448973e-6;0.0;0.0;0.0;0.0;0.0;5.442003800436605e-13;0.3695306659964779;0.030288706972187107;0.36953064360735877;-0.769349968854104;0.0;0.0;0.0;0.0;0.0;73.15297009130946;99.6956343287948;44.504390234394236;236.0907038070013;-12.431359936711354
1271.0;0.0;1.940443080312418e-8;0.0;3.5222058203448973e-6;0.0;0.0;0.0;0.0;0.0;5.442003800436605e-13;0.3695306659964779;0.030288706972187107;0.36953064360735877;-0.769349968854104;0.0;0.0;0.0;0.0;0.0;73.15297009130946;99.6956343287948;44.504390234394236;236.0907038070013;-12.431359936711354
1272.0;0.0;1.940443080312418e-8;0.0;3.5222058203448973e-6;0.0;0.0;0.0;0.0;0.0;5.442003800436605e-13;0.3695306659964779;0.030288706972187107;0.36953064360735877;-0.769349968854104;0.0;0.0;0.0;0.0;0.0;73.15297009130946;99.6956343287948;44.504390234394236;236.0907038070013;-12.431359936711354
1273.0;0.0;-5.999565080538486e-8;0.0;3.5222058203448973e-6;0.0;0.0;0.0;0.0;0.0;0.0;0.09909387172582032;0.00033124035516907737;0.09909379888761446;-0.19851906135065536;0.0;0.0;0.0;0.0;0.0;73.15297009130946;99.6956343287948;44.504390234394236;236.0907038070013;-12.431359936711354
1274.0;0.0;-5.999565080538486e-8;0.0;3.5222058203448973e-6;0.0;0.0;0.0;0.0;0.0;0.0;0.09909387172582032;0.00033124035516907737;0.09909379888761446;-0.19851906135065536;0.0;0.0;0.0;0.0;0.0;73.15297009130946;99.6956343287948;44.504390234394236;236.0907038070013;-12.431359936711354
1275.0;0.0;-5.999565080538486e-8;0.0;3.5222058203448973e-6;0.0;0.0;0.0;0.0;0.0;0.0;0.09909387172582032;0.00033124035516907737;0.09909379888761446;-0.19851906135065536;0.0;0.0;0.0;0.0;0.0;73.15297009130946;99.6956343287948;44.504390234394236;236.0907038070013;-12.431359936711354
1276.0;0.0;-5.999565080538486e-8;0.0;3.5222058203448973e-6;0.0;0.0;0.0;0.0;0.0;0.0;0.09909387172582032;0.00033124035516907737;0.09909379888761446;-0.19851906135065536;0.0;0.0;0.0;0.0;0.0;73.15297009130946;99.6956343287948;44.504390234394236;236.0907038070013;-12.431359936711354
1277.0;0.0;-5.999565080538486e-8;0.0;3.5222058203448973e-6;0.0;0.0;0.0;0.0;0.0;0.0;0.09909387172582032;0.00033124035516907737;0.09909379888761446;-0.19851906135065536;0.0;0.0;0.0;0.0;0.0;73.15297009130946;99.6956343287948;44.504390234394236;236.0907038070013;-12.431359936711354
1278.0;0.0;-5.999565080538486e-8;0.0;3.5222058203448973e-6;0.0;0.0;0.0;0.0;0.0;0.0;0.09909387172582032;0.00033124035516907737;0.09909379888761446;-0.19851906135065536;0.0;0.0;0.0;0.0;0.0;73.15297009130946;99.6956343287948;44.504390234394236;236.0907038070013;-12.431359936711354
1279.0;0.0;-5.999565080538486e-8;0.0;3.5222058203448973e-6;0.0;0.0;0.0;0.0;0.0;0.0;0.09909387172582032;0.00033124035516907737;0.09909379888761446;-0.19851906135065536;0.0;0.0;0.0;0.0;0.0;73.15297009130946;99.6956343287948;44.504390234394236;236.0907038070013;-12.431359936711354
1280.0;0.0;-5.999565080538486e-8;0.0;3.5222058203448973e-6;0.0;0.0;0.0;0.0;0.0;0.0;0.09909387172582032;0.00033124035516907737;0.09909379888761446;-0.19851906135065536;0.0;0.0;0.0;0.0;0.0;73.15297009130946;99.6956343287948;44.504390234394236;236.0907038070013;-12.431359936711354
1281.0;0.0;-5.999565080538486e-8;0.0;3.5222058203448973e-6;0.0;0.0;0.0;0.0;0.0;0.0;0.09909387172582032;0.00033124035516907737;0.09909379888761446;-0.19851906135065536;0.0;0.0;0.0;0.0;0.0;73.15297009130946;99.6956343287948;44.504390234394236;236.0907038070013;-12.431359936711354
1282.0;0.0;-5.999565080538486e-8;0.0;3.5222058203448973e-6;0.0;0.0;0.0;0.0;0.0;0.0;0.09909387172582032;0.00033124035516907737;0.09909379888761446;-0.19851906135065536;0.0;0.0;0.0;0.0;0.0;73.15297009130946;99.6956343287948;44.504390234394236;236.0907038070013;-12.431359936711354
1283.0;0.0;-5.999565080538486e-8;0.0;3.5222058203448973e-6;0.0;0.0;0.0;0.0;0.0;0.0;0.09909387172582032;0.00033124035516907737;0.09909379888761446;-0.19851906135065536;0.0;0.0;0.0;0.0;0.0;73.15297009130946;99.6956343287948;44.504390234394236;236.0907038070013;-12.431359936711354
1284.0;0.0;-5.999565080538486e-8;0.0;3.5222058203448973e-6;0.0;0.0;0.0;0.0;0.0;0.0;0.09909387172582032;0.00033124035516907737;0.09909379888761446;-0.19851906135065536;0.0;0.0;0.0;0.0;0.0;73.15297009130946;99.6956343287948;44.504390234394236;236.0907038070013;-12.431359936711354
1285.0;0.0;-5.999565080538486e-8;0.0;3.5222058203448973e-6;0.0;0.0;0.0;0.0;0.0;0.0;0.09909387172582032;0.00033124035516907737;0.09909379888761446;-0.19851906135065536;0.0;0.0;0.0;0.0;0.0;73.15297009130946;99.6956343287948;44.504390234394236;236.0907038070013;-12.431359936711354
1286.0;0.0;-5.999565080538486e-8;0.0;3.5222058203448973e-6;0.0;0.0;0.0;0.0;0.0;0.0;0.09909387172582032;0.00033124035516907737;0.09909379888761446;-0.19851906135065536;0.0;0.0;0.0;0.0;0.0;73.15297009130946;99.6956343287948;44.504390234394236;236.0907038070013;-12.431359936711354
1287.0;0.0;-5.999565080538486e-8;0.0;3.5222058203448973e-6;0.0;0.0;0.0;0.0;0.0;0.0;0.09909387172582032;0.00033124035516907737;0.09909379888761446;-0.19851906135065536;0.0;0.0;0.0;0.0;0.0;73.15297009130946;99.6956343287948;44.504390234394236;236.0907038070013;-12.431359936711354
1288.0;0.0;-5.999565080538486e-8;0.0;3.5222058203448973e-6;0.0;0.0;0.0;0.0;0.0;0.0;0.09909387172582032;0.00033124035516907737;0.09909379888761446;-0.19851906135065536;0.0;0.0;0.0;0.0;0.0;73.15297009130946;99.6956343287948;44.504390234394236;236.0907038070013;-12.431359936711354
1289.0;0.0;-5.999565080538486e-8;0.0;3.5222058203448973e-6;0.0;0.0;0.0;0.0;0.0;0.0;0.09909387172582032;0.00033124035516907737;0.09909379888761446;-0.19851906135065536;0.0;0.0;0.0;0.0;0.0;73.15297009130946;99.6956343287948;44.504390234394236;236.0907038070013;-12.431359936711354
1290.0;0.0;-5.999565080538486e-8;0.0;3.5222058203448973e-6;0.0;0.0;0.0;0.0;0.0;0.0;0.09909387172582032;0.00033124035516907737;0.09909379888761446;-0.19851906135065536;0.0;0.0;0.0;0.0;0.0;73.15297009130946;99.6956343287948;44.504390234394236;236.0907038070013;-12.431359936711354
1291.0;0.0;-5.999565080538486e-8;0.0;3.5222058203448973e-6;0.0;0.0;0.0;0.0;0.0;0.0;0.09909387172582032;0.00033124035516907737;0.09909379888761446;-0.19851906135065536;0.0;0.0;0.0;0.0;0.0;73.15297009130946;99.6956343287948;44.504390234394236;236.0907038070013;-12.431359936711354
1292.0;0.0;-5.999565080538486e-8;0.0;3.5222058203448973e-6;0.0;0.0;0.0;0.0;0.0;0.0;0.09909387172582032;0.00033124035516907737;0.09909379888761446;-0.19851906135065536;0.0;0.0;0.0;0.0;0.0;73.15297009130946;99.6956343287948;44.504390234394236;236.0907038070013;-12.431359936711354
1293.0;0.0;-5.999565080538486e-8;0.0;3.5222058203448973e-6;0.0;0.0;0.0;0.0;0.0;0.0;0.09909387172582032;0.00033124035516907737;0.09909379888761446;-0.19851906135065536;0.0;0.0;0.0;0.0;0.0;73.15297009130946;99.6956343287948;44.504390234394236;236.0907038070013;-12.431359936711354
1294.0;0.0;-5.999565080538486e-8;0.0;3.5222058203448973e-6;0.0;0.0;0.0;0.0;0.0;0.0;0.09909387172582032;0.00033124035516907737;0.09909379888761446;-0.19851906135065536;0.0;0.0;0.0;0.0;0.0;73.15297009130946;99.6956343287948;44.504390234394236;236.0907038070013;-12.431359936711354
1295.0;0.0;-5.999565080538486e-8;0.0;3.5222058203448973e-6;0.0;0.0;0.0;0.0;0.0;0.0;0.09909387172582032;0.00033124035516907737;0.09909379888761446;-0.19851906135065536;0.0;0.0;0.0;0.0;0.0;73.15297009130946;99.6956343287948;44.504390234394236;236.0907038070013;-12.431359936711354
1296.0;0.0;-5.999565080538486e-8;0.0;3.5222058203448973e-6;0.0;0.0;0.0;0.0;0.0;0.0;0.09909387172582032;0.00033124035516907737;0.09909379888761446;-0.19851906135065536;0.0;0.0;0.0;0.0;0.0;73.15297009130946;99.6956343287948;44.504390234394236;236.0907038070013;-12.431359936711354
1297.0;0.0;1.141707315536157e-7;0.0;3.5222058203448973e-6;0.0;0.0;0.0;0.0;0.0;5.44200393174946e-13;0.327319127204982;0.20122966796242708;0.32731909589957087;-0.8558676046913624;0.0;0.0;0.0;0.0;0.0;73.15297009130946;99.6956343287948;44.504390234394236;236.0907038070013;-12.431359936711354
1298.0;0.0;1.141707315536157e-7;0.0;3.5222058203448973e-6;0.0;0.0;0.0;0.0;0.0;5.44200393174946e-13;0.327319127204982;0.20122966796242708;0.32731909589957087;-0.8558676046913624;0.0;0.0;0.0;0.0;0.0;73.15297009130946;99.6956343287948;44.504390234394236;236.0907038070013;-12.431359936711354
1299.0;0.0;1.141707315536157e-7;0.0;3.5222058203448973e-6;0.0;0.0;0.0;0.0;0.0;5.44200393174946e-13;0.327319127204982;0.20122966796242708;0.32731909589957087;-0.8558676046913624;0.0;0.0;0.0;0.0;0.0;73.15297009130946;99.6956343287948;44.504390234394236;236.0907038070013;-12.431359936711354
1300.0;0.0;1.141707315536157e-7;0.0;3.5222058203448973e-6;0.0;0.0;0.0;0.0;0.0;5.44200393174946e-13;0.327319127204982;0.20122966796242708;0.32731909589957087;-0.8558676046913624;0.0;0.0;0.0;0.0;0.0;73.15297009130946;99.6956343287948;44.504390234394236;236.0907038070013;-12.431359936711354
1301.0;0.0;1.141707315536157e-7;0.0;3.5222058203448973e-6;0.0;0.0;0.0;0.0;0.0;5.44200393174946e-13;0.327319127204982;0.20122966796242708;0.32731909589957087;-0.8558676046913624;0.0;0.0;0.0;0.0;0.0;73.15297009130946;99.6956343287948;44.504390234394236;236.0907038070013;-12.431359936711354
1302.0;0.0;1.141707315536157e-7;0.0;3.5222058203448973e-6;0.0;0.0;0.0;0.0;0.0;5.44200393174946e-13;0.327319127204982;0.20122966796242708;0.32731909589957087;-0.8558676046913624;0.0;0.0;0.0;0.0;0.0;73.15297009130946;99.6956343287948;44.504390234394236;236.0907038070013;-12.431359936711354
1303.0;0.0;1.141707315536157e-7;0.0;3.5222058203448973e-6;0.0;0.0;0.0;0.0;0.0;5.44200393174946e-13;0.327319127204982;0.20122966796242708;0.32731909589957087;-0.8558676046913624;0.0;0.0;0.0;0.0;0.0;73.15297009130946;99.6956343287948;44.504390234394236;236.0907038070013;-12.431359936711354
1304.0;0.0;1.141707315536157e-7;0.0;3.5222058203448973e-6;0.0;0.0;0.0;0.0;0.0;5.44200393174946e-13;0.327319127204982;0.20122966796242708;0.32731909589957087;-0.8558676046913624;0.0;0.0;0.0;0.0;0.0;73.15297009130946;99.6956343287948;44.504390234394236;236.0907038070013;-12.431359936711354
1305.0;0.0;1.141707315536157e-7;0.0;3.5222058203448973e-6;0.0;0.0;0.0;0.0;0.0;5.44200393174946e-13;0.327319127204982;0.20122966796242708;0.32731909589957087;-0.8558676046913624;0.0;0.0;0.0;0.0;0.0;73.15297009130946;99.6956343287948;44.504390234394236;236.0907038070013;-12.431359936711354
1306.0;0.0;1.141707315536157e-7;0.0;3.5222058203448973e-6;0.0;0.0;0.0;0.0;0.0;5.44200393174946e-13;0.327319127204982;0.20122966796242708;0.32731909589957087;-0.8558676046913624;0.0;0.0;0.0;0.0;0.0;73.15297009130946;99.6956343287948;44.504390234394236;236.0907038070013;-12.431359936711354
1307.0;0.0;1.141707315536157e-7;0.0;3.5222058203448973e-6;0.0;0.0;0.0;0.0;0.0;5.44200393174946e-13;0.327319127204982;0.20122966796242708;0.32731909589957087;-0.8558676046913624;0.0;0.0;0.0;0.0;0.0;73.15297009130946;99.6956343287948;44.504390234394236;236.0907038070013;-12.431359936711354
1308.0;0.0;1.141707315536157e-7;0.0;3.5222058203448973e-6;0.0;0.0;0.0;0.0;0.0;5.44200393174946e-13;0.327319127204982;0.20122966796242708;0.32731909589957087;-0.8558676046913624;0.0;0.0;0.0;0.0;0.0;73.15297009130946;99.6956343287948;44.504390234394236;236.0907038070013;-12.431359936711354
1309.0;0.0;1.141707315536157e-7;0.0;3.5222058203448973e-6;0.0;0.0;0.0;0.0;0.0;5.44200393174946e-13;0.327319127204982;0.20122966796242708;0.32731909589957087;-0.8558676046913624;0.0;0.0;0.0;0.0;0.0;73.15297009130946;99.6956343287948;44.504390234394236;236.0907038070013;-12.431359936711354
1310.0;0.0;1.141707315536157e-7;0.0;3.5222058203448973e-6;0.0;0.0;0.0;0.0;0.0;5.44200393174946e-13;0.327319127204982;0.20122966796242708;0.32731909589957087;-0.8558676046913624;0.0;0.0;0.0;0.0;0.0;73.15297009130946;99.6956343287948;44.504390234394236;236.0907038070013;-12.431359936711354
1311.0;0.0;1.141707315536157e-7;0.0;3.5222058203448973e-6;0.0;0.0;0.0;0.0;0.0;5.44200393174946e-13;0.327319127204982;0.20122966796242708;0.32731909589957087;-0.8558676046913624;0.0;0.0;0.0;0.0;0.0;73.15297009130946;99.6956343287948;44.504390234394236;236.0907038070013;-12.431359936711354
1312.0;0.0;1.141707315536157e-7;0.0;3.5222058203448973e-6;0.0;0.0;0.0;0.0;0.0;5.44200393174946e-13;0.327319127204982;0.20122966796242708;0.32731909589957087;-0.8558676046913624;0.0;0.0;0.0;0.0;0.0;73.15297009130946;99.6956343287948;44.504390234394236;236.0907038070013;-12.431359936711354
1313.0;0.0;1.141707315536157e-7;0.0;3.5222058203448973e-6;0.0;0.0;0.0;0.0;0.0;5.44200393174946e-13;0.327319127204982;0.20122966796242708;0.32731909589957087;-0.8558676046913624;0.0;0.0;0.0;0.0;0.0;73.15297009130946;99.6956343287948;44.504390234394236;236.0907038070013;-12.431359936711354
1314.0;0.0;1.141707315536157e-7;0.0;3.5222058203448973e-6;0.0;0.0;0.0;0.0;0.0;5.44200393174946e-13;0.327319127204982;0.20122966796242708;0.32731909589957087;-0.8558676046913624;0.0;0.0;0.0;0.0;0.0;73.15297009130946;99.6956343287948;44.504390234394236;236.0907038070013;-12.431359936711354
1315.0;0.0;1.141707315536157e-7;0.0;3.5222058203448973e-6;0.0;0.0;0.0;0.0;0.0;5.44200393174946e-13;0.327319127204982;0.20122966796242708;0.32731909589957087;-0.8558676046913624;0.0;0.0;0.0;0.0;0.0;73.15297009130946;99.6956343287948;44.504390234394236;236.0907038070013;-12.431359936711354
1316.0;0.0;1.141707315536157e-7;0.0;3.5222058203448973e-6;0.0;0.0;0.0;0.0;0.0;5.44200393174946e-13;0.327319127204982;0.20122966796242708;0.32731909589957087;-0.8558676046913624;0.0;0.0;0.0;0.0;0.0;73.15297009130946;99.6956343287948;44.504390234394236;236.0907038070013;-12.431359936711354
1317.0;0.0;1.141707315536157e-7;0.0;3.5222058203448973e-6;0.0;0.0;0.0;0.0;0.0;5.44200393174946e-13;0.327319127204982;0.20122966796242708;0.32731909589957087;-0.8558676046913624;0.0;0.0;0.0;0.0;0.0;73.15297009130946;99.6956343287948;44.504390234394236;236.0907038070013;-12.431359936711354
1318.0;0.0;1.141707315536157e-7;0.0;3.5222058203448973e-6;0.0;0.0;0.0;0.0;0.0;5.44200393174946e-13;0.327319127204982;0.20122966796242708;0.32731909589957087;-0.8558676046913624;0.0;0.0;0.0;0.0;0.0;73.15297009130946;99.6956343287948;44.504390234394236;236.0907038070013;-12.431359936711354
1319.0;0.0;1.141707315536157e-7;0.0;3.5222058203448973e-6;0.0;0.0;0.0;0.0;0.0;5.44200393174946e-13;0.327319127204982;0.20122966796242708;0.32731909589957087;-0.8558676046913624;0.0;0.0;0.0;0.0;0.0;73.15297009130946;99.6956343287948;44.504390234394236;236.0907038070013;-12.431359936711354
1320.0;0.0;1.141707315536157e-7;0.0;3.5222058203448973e-6;0.0;0.0;0.0;0.0;0.0;5.44200393174946e-13;0.327319127204982;0.20122966796242708;0.32731909589957087;-0.8558676046913624;0.0;0.0;0.0;0.0;0.0;73.15297009130946;99.6956343287948;44.504390234394236;236.0907038070013;-12.431359936711354
1321.0;0.0;2.2982494138313882e-7;0.0;3.5222058203448973e-6;0.0;0.0;0.0;0.0;0.0;5.442004869339038e-13;0.6592041370498601;0.16661580504575596;0.8691847813427005;-1.6950041511089877;0.0;0.0;0.0;0.0;0.0;73.15297009130946;99.6956343287948;44.504390234394236;236.0907038070013;-12.431359936711354
1322.0;0.0;2.2982494138313882e-7;0.0;3.5222058203448973e-6;0.0;0.0;0.0;0.0;0.0;5.442004869339038e-13;0.6592041370498601;0.16661580504575596;0.8691847813427005;-1.6950041511089877;0.0;0.0;0.0;0.0;0.0;73.15297009130946;99.6956343287948;44.504390234394236;236.0907038070013;-12.431359936711354
1323.0;0.0;2.2982494138313882e-7;0.0;3.5222058203448973e-6;0.0;0.0;0.0;0.0;0.0;5.442004869339038e-13;0.6592041370498601;0.16661580504575596;0.8691847813427005;-1.6950041511089877;0.0;0.0;0.0;0.0;0.0;73.15297009130946;99.6956343287948;44.504390234394236;236.0907038070013;-12.431359936711354
1324.0;0.0;2.2982494138313882e-7;0.0;3.5222058203448973e-6;0.0;0.0;0.0;0.0;0.0;5.442004869339038e-13;0.6592041370498601;0.16661580504575596;0.8691847813427005;-1.6950041511089877;0.0;0.0;0.0;0.0;0.0;73.15297009130946;99.6956343287948;44.504390234394236;236.0907038070013;-12.431359936711354
1325.0;0.0;2.2982494138313882e-7;0.0;3.5222058203448973e-6;0.0;0.0;0.0;0.0;0.0;5.442004869339038e-13;0.6592041370498601;0.16661580504575596;0.8691847813427005;-1.6950041511089877;0.0;0.0;0.0;0.0;0.0;73.15297009130946;99.6956343287948;44.504390234394236;236.0907038070013;-12.431359936711354
1326.0;0.0;2.2982494138313882e-7;0.0;3.5222058203448973e-6;0.0;0.0;0.0;0.0;0.0;5.442004869339038e-13;0.6592041370498601;0.16661580504575596;0.8691847813427005;-1.6950041511089877;0.0;0.0;0.0;0.0;0.0;73.15297009130946;99.6956343287948;44.504390234394236;236.0907038070013;-12.431359936711354
1327.0;0.0;2.2982494138313882e-7;0.0;3.5222058203448973e-6;0.0;0.0;0.0;0.0;0.0;5.442004869339038e-13;0.6592041370498601;0.16661580504575596;0.8691847813427005;-1.6950041511089877;0.0;0.0;0.0;0.0;0.0;73.15297009130946;99.6956343287948;44.504390234394236;236.0907038070013;-12.431359936711354
1328.0;0.0;2.2982494138313882e-7;0.0;3.5222058203448973e-6;0.0;0.0;0.0;0.0;0.0;5.442004869339038e-13;0.6592041370498601;0.16661580504575596;0.8691847813427005;-1.6950041511089877;0.0;0.0;0.0;0.0;0.0;73.15297009130946;99.6956343287948;44.504390234394236;236.0907038070013;-12.431359936711354
1329.0;0.0;2.2982494138313882e-7;0.0;3.5222058203448973e-6;0.0;0.0;0.0;0.0;0.0;5.442004869339038e-13;0.6592041370498601;0.16661580504575596;0.8691847813427005;-1.6950041511089877;0.0;0.0;0.0;0.0;0.0;73.15297009130946;99.6956343287948;44.504390234394236;236.0907038070013;-12.431359936711354
1330.0;0.0;2.2982494138313882e-7;0.0;3.5222058203448973e-6;0.0;0.0;0.0;0.0;0.0;5.442004869339038e-13;0.6592041370498601;0.16661580504575596;0.8691847813427005;-1.6950041511089877;0.0;0.0;0.0;0.0;0.0;73.15297009130946;99.6956343287948;44.504390234394236;236.0907038070013;-12.431359936711354
1331.0;0.0;2.2982494138313882e-7;0.0;3.5222058203448973e-6;0.0;0.0;0.0;0.0;0.0;5.442004869339038e-13;0.6592041370498601;0.16661580504575596;0.8691847813427005;-1.6950041511089877;0.0;0.0;0.0;0.0;0.0;73.15297009130946;99.6956343287948;44.504390234394236;236.0907038070013;-12.431359936711354
1332.0;0.0;2.2982494138313882e-7;0.0;3.5222058203448973e-6;0.0;0.0;0.0;0.0;0.0;5.442004869339038e-13;0.6592041370498601;0.16661580504575596;0.8691847813427005;-1.6950041511089877;0.0;0.0;0.0;0.0;0.0;73.15297009130946;99.6956343287948;44.504390234394236;236.0907038070013;-12.431359936711354
1333.0;0.0;2.2982494138313882e-7;0.0;3.5222058203448973e-6;0.0;0.0;0.0;0.0;0.0;5.442004869339038e-13;0.6592041370498601;0.16661580504575596;0.8691847813427005;-1.6950041511089877;0.0;0.0;0.0;0.0;0.0;73.15297009130946;99.6956343287948;44.504390234394236;236.0907038070013;-12.431359936711354
1334.0;0.0;2.2982494138313882e-7;0.0;3.5222058203448973e-6;0.0;0.0;0.0;0.0;0.0;5.442004869339038e-13;0.6592041370498601;0.16661580504575596;0.8691847813427005;-1.6950041511089877;0.0;0.0;0.0;0.0;0.0;73.15297009130946;99.6956343287948;44.504390234394236;236.0907038070013;-12.431359936711354
1335.0;0.0;2.2982494138313882e-7;0.0;3.5222058203448973e-6;0.0;0.0;0.0;0.0;0.0;5.442004869339038e-13;0.6592041370498601;0.16661580504575596;0.8691847813427005;-1.6950041511089877;0.0;0.0;0.0;0.0;0.0;73.15297009130946;99.6956343287948;44.504390234394236;236.0907038070013;-12.431359936711354
1336.0;0.0;2.2982494138313882e-7;0.0;3.5222058203448973e-6;0.0;0.0;0.0;0.0;0.0;5.442004869339038e-13;0.6592041370498601;0.16661580504575596;0.8691847813427005;-1.6950041511089877;0.0;0.0;0.0;0.0;0.0;73.15297009130946;99.6956343287948;44.504390234394236;236.0907038070013;-12.431359936711354
1337.0;0.0;2.2982494138313882e-7;0.0;3.5222058203448973e-6;0.0;0.0;0.0;0.0;0.0;5.442004869339038e-13;0.6592041370498601;0.16661580504575596;0.8691847813427005;-1.6950041511089877;0.0;0.0;0.0;0.0;0.0;73.15297009130946;99.6956343287948;44.504390234394236;236.0907038070013;-12.431359936711354
1338.0;0.0;2.2982494138313882e-7;0.0;3.5222058203448973e-6;0.0;0.0;0.0;0.0;0.0;5.442004869339038e-13;0.6592041370498601;0.16661580504575596;0.8691847813427005;-1.6950041511089877;0.0;0.0;0.0;0.0;0.0;73.15297009130946;99.6956343287948;44.504390234394236;236.0907038070013;-12.431359936711354
1339.0;0.0;2.2982494138313882e-7;0.0;3.5222058203448973e-6;0.0;0.0;0.0;0.0;0.0;5.442004869339038e-13;0.6592041370498601;0.16661580504575596;0.8691847813427005;-1.6950041511089877;0.0;0.0;0.0;0.0;0.0;73.15297009130946;99.6956343287948;44.504390234394236;236.0907038070013;-12.431359936711354
1340.0;0.0;2.2982494138313882e-7;0.0;3.5222058203448973e-6;0.0;0.0;0.0;0.0;0.0;5.442004869339038e-13;0.6592041370498601;0.16661580504575596;0.8691847813427005;-1.6950041511089877;0.0;0.0;0.0;0.0;0.0;73.15297009130946;99.6956343287948;44.504390234394236;236.0907038070013;-12.431359936711354
1341.0;0.0;2.2982494138313882e-7;0.0;3.5222058203448973e-6;0.0;0.0;0.0;0.0;0.0;5.442004869339038e-13;0.6592041370498601;0.16661580504575596;0.8691847813427005;-1.6950041511089877;0.0;0.0;0.0;0.0;0.0;73.15297009130946;99.6956343287948;44.504390234394236;236.0907038070013;-12.431359936711354
1342.0;0.0;2.2982494138313882e-7;0.0;3.5222058203448973e-6;0.0;0.0;0.0;0.0;0.0;5.442004869339038e-13;0.6592041370498601;0.16661580504575596;0.8691847813427005;-1.6950041511089877;0.0;0.0;0.0;0.0;0.0;73.15297009130946;99.6956343287948;44.504390234394236;236.0907038070013;-12.431359936711354
1343.0;0.0;2.2982494138313882e-7;0.0;3.5222058203448973e-6;0.0;0.0;0.0;0.0;0.0;5.442004869339038e-13;0.6592041370498601;0.16661580504575596;0.8691847813427005;-1.6950041511089877;0.0;0.0;0.0;0.0;0.0;73.15297009130946;99.6956343287948;44.504390234394236;236.0907038070013;-12.431359936711354
1344.0;0.0;2.2982494138313882e-7;0.0;3.5222058203448973e-6;0.0;0.0;0.0;0.0;0.0;5.442004869339038e-13;0.6592041370498601;0.16661580504575596;0.8691847813427005;-1.6950041511089877;0.0;0.0;0.0;0.0;0.0;73.15297009130946;99.6956343287948;44.504390234394236;236.0907038070013;-12.431359936711354
1345.0;0.0;1.3545453705990282e-6;0.0;3.3948544625284157e-6;0.0;0.0;0.0;0.0;0.0;0.0;0.3666698274955789;0.13862546813360355;1.2493722202617024;-1.7546522122325037;0.0;0.0;0.0;0.0;0.0;62.51908746187594;131.41602860916814;66.52863524151502;213.12691822101692;-19.394362823556296
1346.0;0.0;1.3545453705990282e-6;0.0;3.3948544625284157e-6;0.0;0.0;0.0;0.0;0.0;0.0;0.3666698274955789;0.13862546813360355;1.2493722202617024;-1.7546522122325037;0.0;0.0;0.0;0.0;0.0;62.51908746187594;131.41602860916814;66.52863524151502;213.12691822101692;-19.394362823556296
1347.0;0.0;1.3545453705990282e-6;0.0;3.3948544625284157e-6;0.0;0.0;0.0;0.0;0.0;0.0;0.3666698274955789;0.13862546813360355;1.2493722202617024;-1.7546522122325037;0.0;0.0;0.0;0.0;0.0;62.51908746187594;131.41602860916814;66.52863524151502;213.12691822101692;-19.394362823556296
1348.0;0.0;1.3545453705990282e-6;0.0;3.3948544625284157e-6;0.0;0.0;0.0;0.0;0.0;0.0;0.3666698274955789;0.13862546813360355;1.2493722202617024;-1.7546522122325037;0.0;0.0;0.0;0.0;0.0;62.51908746187594;131.41602860916814;66.52863524151502;213.12691822101692;-19.394362823556296
1349.0;0.0;1.3545453705990282e-6;0.0;3.3948544625284157e-6;0.0;0.0;0.0;0.0;0.0;0.0;0.3666698274955789;0.13862546813360355;1.2493722202617024;-1.7546522122325037;0.0;0.0;0.0;0.0;0.0;62.51908746187594;131.41602860916814;66.52863524151502;213.12691822101692;-19.394362823556296
1350.0;0.0;1.3545453705990282e-6;0.0;3.3948544625284157e-6;0.0;0.0;0.0;0.0;0.0;0.0;0.3666698274955789;0.13862546813360355;1.2493722202617024;-1.7546522122325037;0.0;0.0;0.0;0.0;0.0;62.51908746187594;131.41602860916814;66.52863524151502;213.12691822101692;-19.394362823556296
1351.0;0.0;1.3545453705990282e-6;0.0;3.3948544625284157e-6;0.0;0.0;0.0;0.0;0.0;0.0;0.3666698274955789;0.13862546813360355;1.2493722202617024;-1.7546522122325037;0.0;0.0;0.0;0.0;0.0;62.51908746187594;131.41602860916814;66.52863524151502;213.12691822101692;-19.394362823556296
1352.0;0.0;1.3545453705990282e-6;0.0;3.3948544625284157e-6;0.0;0.0;0.0;0.0;0.0;0.0;0.3666698274955789;0.13862546813360355;1.2493722202617024;-1.7546522122325037;0.0;0.0;0.0;0.0;0.0;62.51908746187594;131.41602860916814;66.52863524151502;213.12691822101692;-19.394362823556296
1353.0;0.0;1.3545453705990282e-6;0.0;3.3948544625284157e-6;0.0;0.0;0.0;0.0;0.0;0.0;0.3666698274955789;0.13862546813360355;1.2493722202617024;-1.7546522122325037;0.0;0.0;0.0;0.0;0.0;62.51908746187594;131.41602860916814;66.52863524151502;213.12691822101692;-19.394362823556296
1354.0;0.0;1.3545453705990282e-6;0.0;3.3948544625284157e-6;0.0;0.0;0.0;0.0;0.0;0.0;0.3666698274955789;0.13862546813360355;1.2493722202617024;-1.7546522122325037;0.0;0.0;0.0;0.0;0.0;62.51908746187594;131.41602860916814;66.52863524151502;213.12691822101692;-19.394362823556296
1355.0;0.0;1.3545453705990282e-6;0.0;3.3948544625284157e-6;0.0;0.0;0.0;0.0;0.0;0.0;0.3666698274955789;0.13862546813360355;1.2493722202617024;-1.7546522122325037;0.0;0.0;0.0;0.0;0.0;62.51908746187594;131.41602860916814;66.52863524151502;213.12691822101692;-19.394362823556296
1356.0;0.0;1.3545453705990282e-6;0.0;3.3948544625284157e-6;0.0;0.0;0.0;0.0;0.0;0.0;0.3666698274955789;0.13862546813360355;1.2493722202617024;-1.7546522122325037;0.0;0.0;0.0;0.0;0.0;62.51908746187594;131.41602860916814;66.52863524151502;213.12691822101692;-19.394362823556296
1357.0;0.0;1.3545453705990282e-6;0.0;3.3948544625284157e-6;0.0;0.0;0.0;0.0;0.0;0.0;0.3666698274955789;0.13862546813360355;1.2493722202617024;-1.7546522122325037;0.0;0.0;0.0;0.0;0.0;62.51908746187594;131.41602860916814;66.52863524151502;213.12691822101692;-19.394362823556296
1358.0;0.0;1.3545453705990282e-6;0.0;3.3948544625284157e-6;0.0;0.0;0.0;0.0;0.0;0.0;0.3666698274955789;0.13862546813360355;1.2493722202617024;-1.7546522122325037;0.0;0.0;0.0;0.0;0.0;62.51908746187594;131.41602860916814;66.52863524151502;213.12691822101692;-19.394362823556296
1359.0;0.0;1.3545453705990282e-6;0.0;3.3948544625284157e-6;0.0;0.0;0.0;0.0;0.0;0.0;0.3666698274955789;0.13862546813360355;1.2493722202617024;-1.7546522122325037;0.0;0.0;0.0;0.0;0.0;62.51908746187594;131.41602860916814;66.52863524151502;213.12691822101692;-19.394362823556296
1360.0;0.0;1.3545453705990282e-6;0.0;3.3948544625284157e-6;0.0;0.0;0.0;0.0;0.0;0.0;0.3666698274955789;0.13862546813360355;1.2493722202617024;-1.7546522122325037;0.0;0.0;0.0;0.0;0.0;62.51908746187594;131.41602860916814;66.52863524151502;213.12691822101692;-19.394362823556296
1361.0;0.0;1.3545453705990282e-6;0.0;3.3948544625284157e-6;0.0;0.0;0.0;0.0;0.0;0.0;0.3666698274955789;0.13862546813360355;1.2493722202617024;-1.7546522122325037;0.0;0.0;0.0;0.0;0.0;62.51908746187594;131.41602860916814;66.52863524151502;213.12691822101692;-19.394362823556296
1362.0;0.0;1.3545453705990282e-6;0.0;3.3948544625284157e-6;0.0;0.0;0.0;0.0;0.0;0.0;0.3666698274955789;0.13862546813360355;1.2493722202617024;-1.7546522122325037;0.0;0.0;0.0;0.0;0.0;62.51908746187594;131.41602860916814;66.52863524151502;213.12691822101692;-19.394362823556296
1363.0;0.0;1.3545453705990282e-6;0.0;3.3948544625284157e-6;0.0;0.0;0.0;0.0;0.0;0.0;0.3666698274955789;0.13862546813360355;1.2493722202617024;-1.7546522122325037;0.0;0.0;0.0;0.0;0.0;62.51908746187594;131.41602860916814;66.52863524151502;213.12691822101692;-19.394362823556296
1364.0;0.0;1.3545453705990282e-6;0.0;3.3948544625284157e-6;0.0;0.0;0.0;0.0;0.0;0.0;0.3666698274955789;0.13862546813360355;1.2493722202617024;-1.7546522122325037;0.0;0.0;0.0;0.0;0.0;62.51908746187594;131.41602860916814;66.52863524151502;213.12691822101692;-19.394362823556296
1365.0;0.0;1.3545453705990282e-6;0.0;3.3948544625284157e-6;0.0;0.0;0.0;0.0;0.0;0.0;0.3666698274955789;0.13862546813360355;1.2493722202617024;-1.7546522122325037;0.0;0.0;0.0;0.0;0.0;62.51908746187594;131.41602860916814;66.52863524151502;213.12691822101692;-19.394362823556296
1366.0;0.0;1.3545453705990282e-6;0.0;3.3948544625284157e-6;0.0;0.0;0.0;0.0;0.0;0.0;0.3666698274955789;0.13862546813360355;1.2493722202617024;-1.7546522122325037;0.0;0.0;0.0;0.0;0.0;62.51908746187594;131.41602860916814;66.52863524151502;213.12691822101692;-19.394362823556296
1367.0;0.0;1.3545453705990282e-6;0.0;3.3948544625284157e-6;0.0;0.0;0.0;0.0;0.0;0.0;0.3666698274955789;0.13862546813360355;1.2493722202617024;-1.7546522122325037;0.0;0.0;0.0;0.0;0.0;62.51908746187594;131.41602860916814;66.52863524151502;213.12691822101692;-19.394362823556296
1368.0;0.0;1.3545453705990282e-6;0.0;3.3948544625284157e-6;0.0;0.0;0.0;0.0;0.0;0.0;0.3666698274955789;0.13862546813360355;1.2493722202617024;-1.7546522122325037;0.0;0.0;0.0;0.0;0.0;62.51908746187594;131.41602860916814;66.52863524151502;213.12691822101692;-19.394362823556296
1369.0;0.0;-2.2256693627219474e-7;0.0;3.3948544625284157e-6;0.0;0.0;0.0;0.0;0.0;0.0;0.23770879032423636;5.5398368006561355e-5;0.237708805964642;-0.4754713401343277;0.0;0.0;0.0;0.0;0.0;62.51908746187594;131.41602860916814;66.52863524151502;213.12691822101692;-19.394362823556296
1370.0;0.0;-2.2256693627219474e-7;0.0;3.3948544625284157e-6;0.0;0.0;0.0;0.0;0.0;0.0;0.23770879032423636;5.5398368006561355e-5;0.237708805964642;-0.4754713401343277;0.0;0.0;0.0;0.0;0.0;62.51908746187594;131.41602860916814;66.52863524151502;213.12691822101692;-19.394362823556296
1371.0;0.0;-2.2256693627219474e-7;0.0;3.3948544625284157e-6;0.0;0.0;0.0;0.0;0.0;0.0;0.23770879032423636;5.5398368006561355e-5;0.237708805964642;-0.4754713401343277;0.0;0.0;0.0;0.0;0.0;62.51908746187594;131.41602860916814;66.52863524151502;213.12691822101692;-19.394362823556296
1372.0;0.0;-2.2256693627219474e-7;0.0;3.3948544625284157e-6;0.0;0.0;0.0;0.0;0.0;0.0;0.23770879032423636;5.5398368006561355e-5;0.237708805964642;-0.4754713401343277;0.0;0.0;0.0;0.0;0.0;62.51908746187594;131.41602860916814;66.52863524151502;213.12691822101692;-19.394362823556296
1373.0;0.0;-2.2256693627219474e-7;0.0;3.3948544625284157e-6;0.0;0.0;0.0;0.0;0.0;0.0;0.23770879032423636;5.5398368006561355e-5;0.237708805964642;-0.4754713401343277;0.0;0.0;0.0;0.0;0.0;62.51908746187594;131.41602860916814;66.52863524151502;213.12691822101692;-19.394362823556296
1374.0;0.0;-2.2256693627219474e-7;0.0;3.3948544625284157e-6;0.0;0.0;0.0;0.0;0.0;0.0;0.23770879032423636;5.5398368006561355e-5;0.237708805964642;-0.4754713401343277;0.0;0.0;0.0;0.0;0.0;62.51908746187594;131.41602860916814;66.52863524151502;213.12691822101692;-19.394362823556296
1375.0;0.0;-2.2256693627219474e-7;0.0;3.3948544625284157e-6;0.0;0.0;0.0;0.0;0.0;0.0;0.23770879032423636;5.5398368006561355e-5;0.237708805964642;-0.4754713401343277;0.0;0.0;0.0;0.0;0.0;62.51908746187594;131.41602860916814;66.52863524151502;213.12691822101692;-19.394362823556296
1376.0;0.0;-2.2256693627219474e-7;0.0;3.3948544625284157e-6;0.0;0.0;0.0;0.0;0.0;0.0;0.23770879032423636;5.5398368006561355e-5;0.237708805964642;-0.4754713401343277;0.0;0.0;0.0;0.0;0.0;62.51908746187594;131.41602860916814;66.52863524151502;213.12691822101692;-19.394362823556296
1377.0;0.0;-2.2256693627219474e-7;0.0;3.3948544625284157e-6;0.0;0.0;0.0;0.0;0.0;0.0;0.23770879032423636;5.5398368006561355e-5;0.237708805964642;-0.4754713401343277;0.0;0.0;0.0;0.0;0.0;62.51908746187594;131.41602860916814;66.52863524151502;213.12691822101692;-19.394362823556296
1378.0;0.0;-2.2256693627219474e-7;0.0;3.3948544625284157e-6;0.0;0.0;0.0;0.0;0.0;0.0;0.23770879032423636;5.5398368006561355e-5;0.237708805964642;-0.4754713401343277;0.0;0.0;0.0;0.0;0.0;62.51908746187594;131.41602860916814;66.52863524151502;213.12691822101692;-19.394362823556296
1379.0;0.0;-2.2256693627219474e-7;0.0;3.3948544625284157e-6;0.0;0.0;0.0;0.0;0.0;0.0;0.23770879032423636;5.5398368006561355e-5;0.237708805964642;-0.4754713401343277;0.0;0.0;0.0;0.0;0.0;62.51908746187594;131.41602860916814;66.52863524151502;213.12691822101692;-19.394362823556296
1380.0;0.0;-2.2256693627219474e-7;0.0;3.3948544625284157e-6;0.0;0.0;0.0;0.0;0.0;0.0;0.23770879032423636;5.5398368006561355e-5;0.237708805964642;-0.4754713401343277;0.0;0.0;0.0;0.0;0.0;62.51908746187594;131.41602860916814;66.52863524151502;213.12691822101692;-19.394362823556296
1381.0;0.0;-2.2256693627219474e-7;0.0;3.3948544625284157e-6;0.0;0.0;0.0;0.0;0.0;0.0;0.23770879032423636;5.5398368006561355e-5;0.237708805964642;-0.4754713401343277;0.0;0.0;0.0;0.0;0.0;62.51908746187594;131.41602860916814;66.52863524151502;213.12691822101692;-19.394362823556296
1382.0;0.0;-2.2256693627219474e-7;0.0;3.3948544625284157e-6;0.0;0.0;0.0;0.0;0.0;0.0;0.23770879032423636;5.5398368006561355e-5;0.237708805964642;-0.4754713401343277;0.0;0.0;0.0;0.0;0.0;62.51908746187594;131.41602860916814;66.52863524151502;213.12691822101692;-19.394362823556296
1383.0;0.0;-2.2256693627219474e-7;0.0;3.3948544625284157e-6;0.0;0.0;0.0;0.0;0.0;0.0;0.23770879032423636;5.5398368006561355e-5;0.237708805964642;-0.4754713401343277;0.0;0.0;0.0;0.0;0.0;62.51908746187594;131.41602860916814;66.52863524151502;213.12691822101692;-19.394362823556296
1384.0;0.0;-2.2256693627219474e-7;0.0;3.3948544625284157e-6;0.0;0.0;0.0;0.0;0.0;0.0;0.23770879032423636;5.5398368006561355e-5;0.237708805964642;-0.4754713401343277;0.0;0.0;0.0;0.0;0.0;62.51908746187594;131.41602860916814;66.52863524151502;213.12691822101692;-19.394362823556296
1385.0;0.0;-2.2256693627219474e-7;0.0;3.3948544625284157e-6;0.0;0.0;0.0;0.0;0.0;0.0;0.23770879032423636;5.5398368006561355e-5;0.237708805964642;-0.4754713401343277;0.0;0.0;0.0;0.0;0.0;62.51908746187594;131.41602860916814;66.52863524151502;213.12691822101692;-19.394362823556296
1386.0;0.0;-2.2256693627219474e-7;0.0;3.3948544625284157e-6;0.0;0.0;0.0;0.0;0.0;0.0;0.23770879032423636;5.5398368006561355e-5;0.237708805964642;-0.4754713401343277;0.0;0.0;0.0;0.0;0.0;62.51908746187594;131.41602860916814;66.52863524151502;213.12691822101692;-19.394362823556296
1387.0;0.0;-2.2256693627219474e-7;0.0;3.3948544625284157e-6;0.0;0.0;0.0;0.0;0.0;0.0;0.23770879032423636;5.5398368006561355e-5;0.237708805964642;-0.4754713401343277;0.0;0.0;0.0;0.0;0.0;62.51908746187594;131.41602860916814;66.52863524151502;213.12691822101692;-19.394362823556296
1388.0;0.0;-2.2256693627219474e-7;0.0;3.3948544625284157e-6;0.0;0.0;0.0;0.0;0.0;0.0;0.23770879032423636;5.5398368006561355e-5;0.237708805964642;-0.4754713401343277;0.0;0.0;0.0;0.0;0.0;62.51908746187594;131.41602860916814;66.52863524151502;213.12691822101692;-19.394362823556296
1389.0;0.0;-2.2256693627219474e-7;0.0;3.3948544625284157e-6;0.0;0.0;0.0;0.0;0.0;0.0;0.23770879032423636;5.5398368006561355e-5;0.237708805964642;-0.4754713401343277;0.0;0.0;0.0;0.0;0.0;62.51908746187594;131.41602860916814;66.52863524151502;213.12691822101692;-19.394362823556296
1390.0;0.0;-2.2256693627219474e-7;0.0;3.3948544625284157e-6;0.0;0.0;0.0;0.0;0.0;0.0;0.23770879032423636;5.5398368006561355e-5;0.237708805964642;-0.4754713401343277;0.0;0.0;0.0;0.0;0.0;62.51908746187594;131.41602860916814;66.52863524151502;213.12691822101692;-19.394362823556296
1391.0;0.0;-2.2256693627219474e-7;0.0;3.3948544625284157e-6;0.0;0.0;0.0;0.0;0.0;0.0;0.23770879032423636;5.5398368006561355e-5;0.237708805964642;-0.4754713401343277;0.0;0.0;0.0;0.0;0.0;62.51908746187594;131.41602860916814;66.52863524151502;213.12691822101692;-19.394362823556296
1392.0;0.0;-2.2256693627219474e-7;0.0;3.3948544625284157e-6;0.0;0.0;0.0;0.0;0.0;0.0;0.23770879032423636;5.5398368006561355e-5;0.237708805964642;-0.4754713401343277;0.0;0.0;0.0;0.0;0.0;62.51908746187594;131.41602860916814;66.52863524151502;213.12691822101692;-19.394362823556296
1393.0;0.0;9.020931029483748e-8;0.0;3.3948544625284157e-6;0.0;0.0;0.0;0.0;0.0;0.0;0.24373651733066212;9.492669810247504e-5;0.24366871968653284;-0.48749804732012;0.0;0.0;0.0;0.0;0.0;62.51908746187594;131.41602860916814;66.52863524151502;213.12691822101692;-19.394362823556296
1394.0;0.0;9.020931029483748e-8;0.0;3.3948544625284157e-6;0.0;0.0;0.0;0.0;0.0;0.0;0.24373651733066212;9.492669810247504e-5;0.24366871968653284;-0.48749804732012;0.0;0.0;0.0;0.0;0.0;62.51908746187594;131.41602860916814;66.52863524151502;213.12691822101692;-19.394362823556296
1395.0;0.0;9.020931029483748e-8;0.0;3.3948544625284157e-6;0.0;0.0;0.0;0.0;0.0;0.0;0.24373651733066212;9.492669810247504e-5;0.24366871968653284;-0.48749804732012;0.0;0.0;0.0;0.0;0.0;62.51908746187594;131.41602860916814;66.52863524151502;213.12691822101692;-19.394362823556296
1396.0;0.0;9.020931029483748e-8;0.0;3.3948544625284157e-6;0.0;0.0;0.0;0.0;0.0;0.0;0.24373651733066212;9.492669810247504e-5;0.24366871968653284;-0.48749804732012;0.0;0.0;0.0;0.0;0.0;62.51908746187594;131.41602860916814;66.52863524151502;213.12691822101692;-19.394362823556296
1397.0;0.0;9.020931029483748e-8;0.0;3.3948544625284157e-6;0.0;0.0;0.0;0.0;0.0;0.0;0.24373651733066212;9.492669810247504e-5;0.24366871968653284;-0.48749804732012;0.0;0.0;0.0;0.0;0.0;62.51908746187594;131.41602860916814;66.52863524151502;213.12691822101692;-19.394362823556296
1398.0;0.0;9.020931029483748e-8;0.0;3.3948544625284157e-6;0.0;0.0;0.0;0.0;0.0;0.0;0.24373651733066212;9.492669810247504e-5;0.24366871968653284;-0.48749804732012;0.0;0.0;0.0;0.0;0.0;62.51908746187594;131.41602860916814;66.52863524151502;213.12691822101692;-19.394362823556296
1399.0;0.0;9.020931029483748e-8;0.0;3.3948544625284157e-6;0.0;0.0;0.0;0.0;0.0;0.0;0.24373651733066212;9.492669810247504e-5;0.24366871968653284;-0.48749804732012;0.0;0.0;0.0;0.0;0.0;62.51908746187594;131.41602860916814;66.52863524151502;213.12691822101692;-19.394362823556296
1400.0;0.0;9.020931029483748e-8;0.0;3.3948544625284157e-6;0.0;0.0;0.0;0.0;0.0;0.0;0.24373651733066212;9.492669810247504e-5;0.24366871968653284;-0.48749804732012;0.0;0.0;0.0;0.0;0.0;62.51908746187594;131.41602860916814;66.52863524151502;213.12691822101692;-19.394362823556296
1401.0;0.0;9.020931029483748e-8;0.0;3.3948544625284157e-6;0.0;0.0;0.0;0.0;0.0;0.0;0.24373651733066212;9.492669810247504e-5;0.24366871968653284;-0.48749804732012;0.0;0.0;0.0;0.0;0.0;62.51908746187594;131.41602860916814;66.52863524151502;213.12691822101692;-19.394362823556296
1402.0;0.0;9.020931029483748e-8;0.0;3.3948544625284157e-6;0.0;0.0;0.0;0.0;0.0;0.0;0.24373651733066212;9.492669810247504e-5;0.24366871968653284;-0.48749804732012;0.0;0.0;0.0;0.0;0.0;62.51908746187594;131.41602860916814;66.52863524151502;213.12691822101692;-19.394362823556296
1403.0;0.0;9.020931029483748e-8;0.0;3.3948544625284157e-6;0.0;0.0;0.0;0.0;0.0;0.0;0.24373651733066212;9.492669810247504e-5;0.24366871968653284;-0.48749804732012;0.0;0.0;0.0;0.0;0.0;62.51908746187594;131.41602860916814;66.52863524151502;213.12691822101692;-19.394362823556296
1404.0;0.0;9.020931029483748e-8;0.0;3.3948544625284157e-6;0.0;0.0;0.0;0.0;0.0;0.0;0.24373651733066212;9.492669810247504e-5;0.24366871968653284;-0.48749804732012;0.0;0.0;0.0;0.0;0.0;62.51908746187594;131.41602860916814;66.52863524151502;213.12691822101692;-19.394362823556296
1405.0;0.0;9.020931029483748e-8;0.0;3.3948544625284157e-6;0.0;0.0;0.0;0.0;0.0;0.0;0.24373651733066212;9.492669810247504e-5;0.24366871968653284;-0.48749804732012;0.0;0.0;0.0;0.0;0.0;62.51908746187594;131.41602860916814;66.52863524151502;213.12691822101692;-19.394362823556296
1406.0;0.0;9.020931029483748e-8;0.0;3.3948544625284157e-6;0.0;0.0;0.0;0.0;0.0;0.0;0.24373651733066212;9.492669810247504e-5;0.24366871968653284;-0.48749804732012;0.0;0.0;0.0;0.0;0.0;62.51908746187594;131.41602860916814;66.52863524151502;213.12691822101692;-19.394362823556296
1407.0;0.0;9.020931029483748e-8;0.0;3.3948544625284157e-6;0.0;0.0;0.0;0.0;0.0;0.0;0.24373651733066212;9.492669810247504e-5;0.24366871968653284;-0.48749804732012;0.0;0.0;0.0;0.0;0.0;62.51908746187594;131.41602860916814;66.52863524151502;213.12691822101692;-19.394362823556296
1408.0;0.0;9.020931029483748e-8;0.0;3.3948544625284157e-6;0.0;0.0;0.0;0.0;0.0;0.0;0.24373651733066212;9.492669810247504e-5;0.24366871968653284;-0.48749804732012;0.0;0.0;0.0;0.0;0.0;62.51908746187594;131.41602860916814;66.52863524151502;213.12691822101692;-19.394362823556296
1409.0;0.0;9.020931029483748e-8;0.0;3.3948544625284157e-6;0.0;0.0;0.0;0.0;0.0;0.0;0.24373651733066212;9.492669810247504e-5;0.24366871968653284;-0.48749804732012;0.0;0.0;0.0;0.0;0.0;62.51908746187594;131.41602860916814;66.52863524151502;213.12691822101692;-19.394362823556296
1410.0;0.0;9.020931029483748e-8;0.0;3.3948544625284157e-6;0.0;0.0;0.0;0.0;0.0;0.0;0.24373651733066212;9.492669810247504e-5;0.24366871968653284;-0.48749804732012;0.0;0.0;0.0;0.0;0.0;62.51908746187594;131.41602860916814;66.52863524151502;213.12691822101692;-19.394362823556296
1411.0;0.0;9.020931029483748e-8;0.0;3.3948544625284157e-6;0.0;0.0;0.0;0.0;0.0;0.0;0.24373651733066212;9.492669810247504e-5;0.24366871968653284;-0.48749804732012;0.0;0.0;0.0;0.0;0.0;62.51908746187594;131.41602860916814;66.52863524151502;213.12691822101692;-19.394362823556296
1412.0;0.0;9.020931029483748e-8;0.0;3.3948544625284157e-6;0.0;0.0;0.0;0.0;0.0;0.0;0.24373651733066212;9.492669810247504e-5;0.24366871968653284;-0.48749804732012;0.0;0.0;0.0;0.0;0.0;62.51908746187594;131.41602860916814;66.52863524151502;213.12691822101692;-19.394362823556296
1413.0;0.0;9.020931029483748e-8;0.0;3.3948544625284157e-6;0.0;0.0;0.0;0.0;0.0;0.0;0.24373651733066212;9.492669810247504e-5;0.24366871968653284;-0.48749804732012;0.0;0.0;0.0;0.0;0.0;62.51908746187594;131.41602860916814;66.52863524151502;213.12691822101692;-19.394362823556296
1414.0;0.0;9.020931029483748e-8;0.0;3.3948544625284157e-6;0.0;0.0;0.0;0.0;0.0;0.0;0.24373651733066212;9.492669810247504e-5;0.24366871968653284;-0.48749804732012;0.0;0.0;0.0;0.0;0.0;62.51908746187594;131.41602860916814;66.52863524151502;213.12691822101692;-19.394362823556296
1415.0;0.0;9.020931029483748e-8;0.0;3.3948544625284157e-6;0.0;0.0;0.0;0.0;0.0;0.0;0.24373651733066212;9.492669810247504e-5;0.24366871968653284;-0.48749804732012;0.0;0.0;0.0;0.0;0.0;62.51908746187594;131.41602860916814;66.52863524151502;213.12691822101692;-19.394362823556296
1416.0;0.0;9.020931029483748e-8;0.0;3.3948544625284157e-6;0.0;0.0;0.0;0.0;0.0;0.0;0.24373651733066212;9.492669810247504e-5;0.24366871968653284;-0.48749804732012;0.0;0.0;0.0;0.0;0.0;62.51908746187594;131.41602860916814;66.52863524151502;213.12691822101692;-19.394362823556296
1417.0;0.0;-1.360705898674349e-7;0.0;3.3948544625284157e-6;0.0;0.0;0.0;0.0;0.0;0.0;0.41270344988940144;5.887662924056137e-5;0.38636186509132087;-0.7991223789884435;0.0;0.0;0.0;0.0;0.0;62.51908746187594;131.41602860916814;66.52863524151502;213.12691822101692;-19.394362823556296
1418.0;0.0;-1.360705898674349e-7;0.0;3.3948544625284157e-6;0.0;0.0;0.0;0.0;0.0;0.0;0.41270344988940144;5.887662924056137e-5;0.38636186509132087;-0.7991223789884435;0.0;0.0;0.0;0.0;0.0;62.51908746187594;131.41602860916814;66.52863524151502;213.12691822101692;-19.394362823556296
1419.0;0.0;-1.360705898674349e-7;0.0;3.3948544625284157e-6;0.0;0.0;0.0;0.0;0.0;0.0;0.41270344988940144;5.887662924056137e-5;0.38636186509132087;-0.7991223789884435;0.0;0.0;0.0;0.0;0.0;62.51908746187594;131.41602860916814;66.52863524151502;213.12691822101692;-19.394362823556296
1420.0;0.0;-1.360705898674349e-7;0.0;3.3948544625284157e-6;0.0;0.0;0.0;0.0;0.0;0.0;0.41270344988940144;5.887662924056137e-5;0.38636186509132087;-0.7991223789884435;0.0;0.0;0.0;0.0;0.0;62.51908746187594;131.41602860916814;66.52863524151502;213.12691822101692;-19.394362823556296
1421.0;0.0;-1.360705898674349e-7;0.0;3.3948544625284157e-6;0.0;0.0;0.0;0.0;0.0;0.0;0.41270344988940144;5.887662924056137e-5;0.38636186509132087;-0.7991223789884435;0.0;0.0;0.0;0.0;0.0;62.51908746187594;131.41602860916814;66.52863524151502;213.12691822101692;-19.394362823556296
1422.0;0.0;-1.360705898674349e-7;0.0;3.3948544625284157e-6;0.0;0.0;0.0;0.0;0.0;0.0;0.41270344988940144;5.887662924056137e-5;0.38636186509132087;-0.7991223789884435;0.0;0.0;0.0;0.0;0.0;62.51908746187594;131.41602860916814;66.52863524151502;213.12691822101692;-19.394362823556296
1423.0;0.0;-1.360705898674349e-7;0.0;3.3948544625284157e-6;0.0;0.0;0.0;0.0;0.0;0.0;0.41270344988940144;5.887662924056137e-5;0.38636186509132087;-0.7991223789884435;0.0;0.0;0.0;0.0;0.0;62.51908746187594;131.41602860916814;66.52863524151502;213.12691822101692;-19.394362823556296
1424.0;0.0;-1.360705898674349e-7;0.0;3.3948544625284157e-6;0.0;0.0;0.0;0.0;0.0;0.0;0.41270344988940144;5.887662924056137e-5;0.38636186509132087;-0.7991223789884435;0.0;0.0;0.0;0.0;0.0;62.51908746187594;131.41602860916814;66.52863524151502;213.12691822101692;-19.394362823556296
1425.0;0.0;-1.360705898674349e-7;0.0;3.3948544625284157e-6;0.0;0.0;0.0;0.0;0.0;0.0;0.41270344988940144;5.887662924056137e-5;0.38636186509132087;-0.7991223789884435;0.0;0.0;0.0;0.0;0.0;62.51908746187594;131.41602860916814;66.52863524151502;213.12691822101692;-19.394362823556296
1426.0;0.0;-1.360705898674349e-7;0.0;3.3948544625284157e-6;0.0;0.0;0.0;0.0;0.0;0.0;0.41270344988940144;5.887662924056137e-5;0.38636186509132087;-0.7991223789884435;0.0;0.0;0.0;0.0;0.0;62.51908746187594;131.41602860916814;66.52863524151502;213.12691822101692;-19.394362823556296
1427.0;0.0;-1.360705898674349e-7;0.0;3.3948544625284157e-6;0.0;0.0;0.0;0.0;0.0;0.0;0.41270344988940144;5.887662924056137e-5;0.38636186509132087;-0.7991223789884435;0.0;0.0;0.0;0.0;0.0;62.51908746187594;131.41602860916814;66.52863524151502;213.12691822101692;-19.394362823556296
1428.0;0.0;-1.360705898674349e-7;0.0;3.3948544625284157e-6;0.0;0.0;0.0;0.0;0.0;0.0;0.41270344988940144;5.887662924056137e-5;0.38636186509132087;-0.7991223789884435;0.0;0.0;0.0;0.0;0.0;62.51908746187594;131.41602860916814;66.52863524151502;213.12691822101692;-19.394362823556296
1429.0;0.0;-1.360705898674349e-7;0.0;3.3948544625284157e-6;0.0;0.0;0.0;0.0;0.0;0.0;0.41270344988940144;5.887662924056137e-5;0.38636186509132087;-0.7991223789884435;0.0;0.0;0.0;0.0;0.0;62.51908746187594;131.41602860916814;66.52863524151502;213.12691822101692;-19.394362823556296
1430.0;0.0;-1.360705898674349e-7;0.0;3.3948544625284157e-6;0.0;0.0;0.0;0.0;0.0;0.0;0.41270344988940144;5.887662924056137e-5;0.38636186509132087;-0.7991223789884435;0.0;0.0;0.0;0.0;0.0;62.51908746187594;131.41602860916814;66.52863524151502;213.12691822101692;-19.394362823556296
1431.0;0.0;-1.360705898674349e-7;0.0;3.3948544625284157e-6;0.0;0.0;0.0;0.0;0.0;0.0;0.41270344988940144;5.887662924056137e-5;0.38636186509132087;-0.7991223789884435;0.0;0.0;0.0;0.0;0.0;62.51908746187594;131.41602860916814;66.52863524151502;213.12691822101692;-19.394362823556296
1432.0;0.0;-1.360705898674349e-7;0.0;3.3948544625284157e-6;0.0;0.0;0.0;0.0;0.0;0.0;0.41270344988940144;5.887662924056137e-5;0.38636186509132087;-0.7991223789884435;0.0;0.0;0.0;0.0;0.0;62.51908746187594;131.41602860916814;66.52863524151502;213.12691822101692;-19.394362823556296
1433.0;0.0;-1.360705898674349e-7;0.0;3.3948544625284157e-6;0.0;0.0;0.0;0.0;0.0;0.0;0.41270344988940144;5.887662924056137e-5;0.38636186509132087;-0.7991223789884435;0.0;0.0;0.0;0.0;0.0;62.51908746187594;131.41602860916814;66.52863524151502;213.12691822101692;-19.394362823556296
1434.0;0.0;-1.360705898674349e-7;0.0;3.3948544625284157e-6;0.0;0.0;0.0;0.0;0.0;0.0;0.41270344988940144;5.887662924056137e-5;0.38636186509132087;-0.7991223789884435;0.0;0.0;0.0;0.0;0.0;62.51908746187594;131.41602860916814;66.52863524151502;213.12691822101692;-19.394362823556296
1435.0;0.0;-1.360705898674349e-7;0.0;3.3948544625284157e-6;0.0;0.0;0.0;0.0;0.0;0.0;0.41270344988940144;5.887662924056137e-5;0.38636186509132087;-0.7991223789884435;0.0;0.0;0.0;0.0;0.0;62.51908746187594;131.41602860916814;66.52863524151502;213.12691822101692;-19.394362823556296
1436.0;0.0;-1.360705898674349e-7;0.0;3.3948544625284157e-6;0.0;0.0;0.0;0.0;0.0;0.0;0.41270344988940144;5.887662924056137e-5;0.38636186509132087;-0.7991223789884435;0.0;0.0;0.0;0.0;0.0;62.51908746187594;131.41602860916814;66.52863524151502;213.12691822101692;-19.394362823556296
1437.0;0.0;-1.360705898674349e-7;0.0;3.3948544625284157e-6;0.0;0.0;0.0;0.0;0.0;0.0;0.41270344988940144;5.887662924056137e-5;0.38636186509132087;-0.7991223789884435;0.0;0.0;0.0;0.0;0.0;62.51908746187594;131.41602860916814;66.52863524151502;213.12691822101692;-19.394362823556296
1438.0;0.0;-1.360705898674349e-7;0.0;3.3948544625284157e-6;0.0;0.0;0.0;0.0;0.0;0.0;0.41270344988940144;5.887662924056137e-5;0.38636186509132087;-0.7991223789884435;0.0;0.0;0.0;0.0;0.0;62.51908746187594;131.41602860916814;66.52863524151502;213.12691822101692;-19.394362823556296
1439.0;0.0;-1.360705898674349e-7;0.0;3.3948544625284157e-6;0.0;0.0;0.0;0.0;0.0;0.0;0.41270344988940144;5.887662924056137e-5;0.38636186509132087;-0.7991223789884435;0.0;0.0;0.0;0.0;0.0;62.51908746187594;131.41602860916814;66.52863524151502;213.12691822101692;-19.394362823556296
1440.0;0.0;-1.360705898674349e-7;0.0;3.3948544625284157e-6;0.0;0.0;0.0;0.0;0.0;0.0;0.41270344988940144;5.887662924056137e-5;0.38636186509132087;-0.7991223789884435;0.0;0.0;0.0;0.0;0.0;62.51908746187594;131.41602860916814;66.52863524151502;213.12691822101692;-19.394362823556296
1441.0;0.0;-2.233553339529006e-7;0.0;3.3948544625284157e-6;0.0;0.0;0.0;0.0;0.0;0.0;0.40135024457814217;5.378773935517305e-5;0.3750086570876369;-0.776411048381236;0.0;0.0;0.0;0.0;0.0;62.51908746187594;131.41602860916814;66.52863524151502;213.12691822101692;-19.394362823556296
1442.0;0.0;-2.233553339529006e-7;0.0;3.3948544625284157e-6;0.0;0.0;0.0;0.0;0.0;0.0;0.40135024457814217;5.378773935517305e-5;0.3750086570876369;-0.776411048381236;0.0;0.0;0.0;0.0;0.0;62.51908746187594;131.41602860916814;66.52863524151502;213.12691822101692;-19.394362823556296
1443.0;0.0;-2.233553339529006e-7;0.0;3.3948544625284157e-6;0.0;0.0;0.0;0.0;0.0;0.0;0.40135024457814217;5.378773935517305e-5;0.3750086570876369;-0.776411048381236;0.0;0.0;0.0;0.0;0.0;62.51908746187594;131.41602860916814;66.52863524151502;213.12691822101692;-19.394362823556296
1444.0;0.0;-2.233553339529006e-7;0.0;3.3948544625284157e-6;0.0;0.0;0.0;0.0;0.0;0.0;0.40135024457814217;5.378773935517305e-5;0.3750086570876369;-0.776411048381236;0.0;0.0;0.0;0.0;0.0;62.51908746187594;131.41602860916814;66.52863524151502;213.12691822101692;-19.394362823556296
1445.0;0.0;-2.233553339529006e-7;0.0;3.3948544625284157e-6;0.0;0.0;0.0;0.0;0.0;0.0;0.40135024457814217;5.378773935517305e-5;0.3750086570876369;-0.776411048381236;0.0;0.0;0.0;0.0;0.0;62.51908746187594;131.41602860916814;66.52863524151502;213.12691822101692;-19.394362823556296
1446.0;0.0;-2.233553339529006e-7;0.0;3.3948544625284157e-6;0.0;0.0;0.0;0.0;0.0;0.0;0.40135024457814217;5.378773935517305e-5;0.3750086570876369;-0.776411048381236;0.0;0.0;0.0;0.0;0.0;62.51908746187594;131.41602860916814;66.52863524151502;213.12691822101692;-19.394362823556296
1447.0;0.0;-2.233553339529006e-7;0.0;3.3948544625284157e-6;0.0;0.0;0.0;0.0;0.0;0.0;0.40135024457814217;5.378773935517305e-5;0.3750086570876369;-0.776411048381236;0.0;0.0;0.0;0.0;0.0;62.51908746187594;131.41602860916814;66.52863524151502;213.12691822101692;-19.394362823556296
1448.0;0.0;-2.233553339529006e-7;0.0;3.3948544625284157e-6;0.0;0.0;0.0;0.0;0.0;0.0;0.40135024457814217;5.378773935517305e-5;0.3750086570876369;-0.776411048381236;0.0;0.0;0.0;0.0;0.0;62.51908746187594;131.41602860916814;66.52863524151502;213.12691822101692;-19.394362823556296
1449.0;0.0;-2.233553339529006e-7;0.0;3.3948544625284157e-6;0.0;0.0;0.0;0.0;0.0;0.0;0.40135024457814217;5.378773935517305e-5;0.3750086570876369;-0.776411048381236;0.0;0.0;0.0;0.0;0.0;62.51908746187594;131.41602860916814;66.52863524151502;213.12691822101692;-19.394362823556296
1450.0;0.0;-2.233553339529006e-7;0.0;3.3948544625284157e-6;0.0;0.0;0.0;0.0;0.0;0.0;0.40135024457814217;5.378773935517305e-5;0.3750086570876369;-0.776411048381236;0.0;0.0;0.0;0.0;0.0;62.51908746187594;131.41602860916814;66.52863524151502;213.12691822101692;-19.394362823556296
1451.0;0.0;-2.233553339529006e-7;0.0;3.3948544625284157e-6;0.0;0.0;0.0;0.0;0.0;0.0;0.40135024457814217;5.378773935517305e-5;0.3750086570876369;-0.776411048381236;0.0;0.0;0.0;0.0;0.0;62.51908746187594;131.41602860916814;66.52863524151502;213.12691822101692;-19.394362823556296
1452.0;0.0;-2.233553339529006e-7;0.0;3.3948544625284157e-6;0.0;0.0;0.0;0.0;0.0;0.0;0.40135024457814217;5.378773935517305e-5;0.3750086570876369;-0.776411048381236;0.0;0.0;0.0;0.0;0.0;62.51908746187594;131.41602860916814;66.52863524151502;213.12691822101692;-19.394362823556296
1453.0;0.0;-2.233553339529006e-7;0.0;3.3948544625284157e-6;0.0;0.0;0.0;0.0;0.0;0.0;0.40135024457814217;5.378773935517305e-5;0.3750086570876369;-0.776411048381236;0.0;0.0;0.0;0.0;0.0;62.51908746187594;131.41602860916814;66.52863524151502;213.12691822101692;-19.394362823556296
1454.0;0.0;-2.233553339529006e-7;0.0;3.3948544625284157e-6;0.0;0.0;0.0;0.0;0.0;0.0;0.40135024457814217;5.378773935517305e-5;0.3750086570876369;-0.776411048381236;0.0;0.0;0.0;0.0;0.0;62.51908746187594;131.41602860916814;66.52863524151502;213.12691822101692;-19.394362823556296
1455.0;0.0;-2.233553339529006e-7;0.0;3.3948544625284157e-6;0.0;0.0;0.0;0.0;0.0;0.0;0.40135024457814217;5.378773935517305e-5;0.3750086570876369;-0.776411048381236;0.0;0.0;0.0;0.0;0.0;62.51908746187594;131.41602860916814;66.52863524151502;213.12691822101692;-19.394362823556296
1456.0;0.0;-2.233553339529006e-7;0.0;3.3948544625284157e-6;0.0;0.0;0.0;0.0;0.0;0.0;0.40135024457814217;5.378773935517305e-5;0.3750086570876369;-0.776411048381236;0.0;0.0;0.0;0.0;0.0;62.51908746187594;131.41602860916814;66.52863524151502;213.12691822101692;-19.394362823556296
1457.0;0.0;-2.233553339529006e-7;0.0;3.3948544625284157e-6;0.0;0.0;0.0;0.0;0.0;0.0;0.40135024457814217;5.378773935517305e-5;0.3750086570876369;-0.776411048381236;0.0;0.0;0.0;0.0;0.0;62.51908746187594;131.41602860916814;66.52863524151502;213.12691822101692;-19.394362823556296
1458.0;0.0;-2.233553339529006e-7;0.0;3.3948544625284157e-6;0.0;0.0;0.0;0.0;0.0;0.0;0.40135024457814217;5.378773935517305e-5;0.3750086570876369;-0.776411048381236;0.0;0.0;0.0;0.0;0.0;62.51908746187594;131.41602860916814;66.52863524151502;213.12691822101692;-19.394362823556296
1459.0;0.0;-2.233553339529006e-7;0.0;3.3948544625284157e-6;0.0;0.0;0.0;0.0;0.0;0.0;0.40135024457814217;5.378773935517305e-5;0.3750086570876369;-0.776411048381236;0.0;0.0;0.0;0.0;0.0;62.51908746187594;131.41602860916814;66.52863524151502;213.12691822101692;-19.394362823556296
1460.0;0.0;-2.233553339529006e-7;0.0;3.3948544625284157e-6;0.0;0.0;0.0;0.0;0.0;0.0;0.40135024457814217;5.378773935517305e-5;0.3750086570876369;-0.776411048381236;0.0;0.0;0.0;0.0;0.0;62.51908746187594;131.41602860916814;66.52863524151502;213.12691822101692;-19.394362823556296
1461.0;0.0;-2.233553339529006e-7;0.0;3.3948544625284157e-6;0.0;0.0;0.0;0.0;0.0;0.0;0.40135024457814217;5.378773935517305e-5;0.3750086570876369;-0.776411048381236;0.0;0.0;0.0;0.0;0.0;62.51908746187594;131.41602860916814;66.52863524151502;213.12691822101692;-19.394362823556296
1462.0;0.0;-2.233553339529006e-7;0.0;3.3948544625284157e-6;0.0;0.0;0.0;0.0;0.0;0.0;0.40135024457814217;5.378773935517305e-5;0.3750086570876369;-0.776411048381236;0.0;0.0;0.0;0.0;0.0;62.51908746187594;131.41602860916814;66.52863524151502;213.12691822101692;-19.394362823556296
1463.0;0.0;-2.233553339529006e-7;0.0;3.3948544625284157e-6;0.0;0.0;0.0;0.0;0.0;0.0;0.40135024457814217;5.378773935517305e-5;0.3750086570876369;-0.776411048381236;0.0;0.0;0.0;0.0;0.0;62.51908746187594;131.41602860916814;66.52863524151502;213.12691822101692;-19.394362823556296
1464.0;0.0;-2.233553339529006e-7;0.0;3.3948544625284157e-6;0.0;0.0;0.0;0.0;0.0;0.0;0.40135024457814217;5.378773935517305e-5;0.3750086570876369;-0.776411048381236;0.0;0.0;0.0;0.0;0.0;62.51908746187594;131.41602860916814;66.52863524151502;213.12691822101692;-19.394362823556296
1465.0;0.0;-6.374429598622474e-8;0.0;3.3948544625284157e-6;0.0;0.0;0.0;0.0;0.0;0.0;0.09665300926864467;6.736978967014707e-5;0.09665290544383283;-0.19337138042313184;0.0;0.0;0.0;0.0;0.0;62.51908746187594;131.41602860916814;66.52863524151502;213.12691822101692;-19.394362823556296
1466.0;0.0;-6.374429598622474e-8;0.0;3.3948544625284157e-6;0.0;0.0;0.0;0.0;0.0;0.0;0.09665300926864467;6.736978967014707e-5;0.09665290544383283;-0.19337138042313184;0.0;0.0;0.0;0.0;0.0;62.51908746187594;131.41602860916814;66.52863524151502;213.12691822101692;-19.394362823556296
1467.0;0.0;-6.374429598622474e-8;0.0;3.3948544625284157e-6;0.0;0.0;0.0;0.0;0.0;0.0;0.09665300926864467;6.736978967014707e-5;0.09665290544383283;-0.19337138042313184;0.0;0.0;0.0;0.0;0.0;62.51908746187594;131.41602860916814;66.52863524151502;213.12691822101692;-19.394362823556296
1468.0;0.0;-6.374429598622474e-8;0.0;3.3948544625284157e-6;0.0;0.0;0.0;0.0;0.0;0.0;0.09665300926864467;6.736978967014707e-5;0.09665290544383283;-0.19337138042313184;0.0;0.0;0.0;0.0;0.0;62.51908746187594;131.41602860916814;66.52863524151502;213.12691822101692;-19.394362823556296
1469.0;0.0;-6.374429598622474e-8;0.0;3.3948544625284157e-6;0.0;0.0;0.0;0.0;0.0;0.0;0.09665300926864467;6.736978967014707e-5;0.09665290544383283;-0.19337138042313184;0.0;0.0;0.0;0.0;0.0;62.51908746187594;131.41602860916814;66.52863524151502;213.12691822101692;-19.394362823556296
1470.0;0.0;-6.374429598622474e-8;0.0;3.3948544625284157e-6;0.0;0.0;0.0;0.0;0.0;0.0;0.09665300926864467;6.736978967014707e-5;0.09665290544383283;-0.19337138042313184;0.0;0.0;0.0;0.0;0.0;62.51908746187594;131.41602860916814;66.52863524151502;213.12691822101692;-19.394362823556296
1471.0;0.0;-6.374429598622474e-8;0.0;3.3948544625284157e-6;0.0;0.0;0.0;0.0;0.0;0.0;0.09665300926864467;6.736978967014707e-5;0.09665290544383283;-0.19337138042313184;0.0;0.0;0.0;0.0;0.0;62.51908746187594;131.41602860916814;66.52863524151502;213.12691822101692;-19.394362823556296
1472.0;0.0;-6.374429598622474e-8;0.0;3.3948544625284157e-6;0.0;0.0;0.0;0.0;0.0;0.0;0.09665300926864467;6.736978967014707e-5;0.09665290544383283;-0.19337138042313184;0.0;0.0;0.0;0.0;0.0;62.51908746187594;131.41602860916814;66.52863524151502;213.12691822101692;-19.394362823556296
1473.0;0.0;-6.374429598622474e-8;0.0;3.3948544625284157e-6;0.0;0.0;0.0;0.0;0.0;0.0;0.09665300926864467;6.736978967014707e-5;0.09665290544383283;-0.19337138042313184;0.0;0.0;0.0;0.0;0.0;62.51908746187594;131.41602860916814;66.52863524151502;213.12691822101692;-19.394362823556296
1474.0;0.0;-6.374429598622474e-8;0.0;3.3948544625284157e-6;0.0;0.0;0.0;0.0;0.0;0.0;0.09665300926864467;6.736978967014707e-5;0.09665290544383283;-0.19337138042313184;0.0;0.0;0.0;0.0;0.0;62.51908746187594;131.41602860916814;66.52863524151502;213.12691822101692;-19.394362823556296
1475.0;0.0;-6.374429598622474e-8;0.0;3.3948544625284157e-6;0.0;0.0;0.0;0.0;0.0;0.0;0.09665300926864467;6.736978967014707e-5;0.09665290544383283;-0.19337138042313184;0.0;0.0;0.0;0.0;0.0;62.51908746187594;131.41602860916814;66.52863524151502;213.12691822101692;-19.394362823556296
1476.0;0.0;-6.374429598622474e-8;0.0;3.3948544625284157e-6;0.0;0.0;0.0;0.0;0.0;0.0;0.09665300926864467;6.736978967014707e-5;0.09665290544383283;-0.19337138042313184;0.0;0.0;0.0;0.0;0.0;62.51908746187594;131.41602860916814;66.52863524151502;213.12691822101692;-19.394362823556296
1477.0;0.0;-6.374429598622474e-8;0.0;3.3948544625284157e-6;0.0;0.0;0.0;0.0;0.0;0.0;0.09665300926864467;6.736978967014707e-5;0.09665290544383283;-0.19337138042313184;0.0;0.0;0.0;0.0;0.0;62.51908746187594;131.41602860916814;66.52863524151502;213.12691822101692;-19.394362823556296
1478.0;0.0;-6.374429598622474e-8;0.0;3.3948544625284157e-6;0.0;0.0;0.0;0.0;0.0;0.0;0.09665300926864467;6.736978967014707e-5;0.09665290544383283;-0.19337138042313184;0.0;0.0;0.0;0.0;0.0;62.51908746187594;131.41602860916814;66.52863524151502;213.12691822101692;-19.394362823556296
1479.0;0.0;-6.374429598622474e-8;0.0;3.3948544625284157e-6;0.0;0.0;0.0;0.0;0.0;0.0;0.09665300926864467;6.736978967014707e-5;0.09665290544383283;-0.19337138042313184;0.0;0.0;0.0;0.0;0.0;62.51908746187594;131.41602860916814;66.52863524151502;213.12691822101692;-19.394362823556296
1480.0;0.0;-6.374429598622474e-8;0.0;3.3948544625284157e-6;0.0;0.0;0.0;0.0;0.0;0.0;0.09665300926864467;6.736978967014707e-5;0.09665290544383283;-0.19337138042313184;0.0;0.0;0.0;0.0;0.0;62.51908746187594;131.41602860916814;66.52863524151502;213.12691822101692;-19.394362823556296
1481.0;0.0;-6.374429598622474e-8;0.0;3.3948544625284157e-6;0.0;0.0;0.0;0.0;0.0;0.0;0.09665300926864467;6.736978967014707e-5;0.09665290544383283;-0.19337138042313184;0.0;0.0;0.0;0.0;0.0;62.51908746187594;131.41602860916814;66.52863524151502;213.12691822101692;-19.394362823556296
1482.0;0.0;-6.374429598622474e-8;0.0;3.3948544625284157e-6;0.0;0.0;0.0;0.0;0.0;0.0;0.09665300926864467;6.736978967014707e-5;0.09665290544383283;-0.19337138042313184;0.0;0.0;0.0;0.0;0.0;62.51908746187594;131.41602860916814;66.52863524151502;213.12691822101692;-19.394362823556296
1483.0;0.0;-6.374429598622474e-8;0.0;3.3948544625284157e-6;0.0;0.0;0.0;0.0;0.0;0.0;0.09665300926864467;6.736978967014707e-5;0.09665290544383283;-0.19337138042313184;0.0;0.0;0.0;0.0;0.0;62.51908746187594;131.41602860916814;66.52863524151502;213.12691822101692;-19.394362823556296
1484.0;0.0;-6.374429598622474e-8;0.0;3.3948544625284157e-6;0.0;0.0;0.0;0.0;0.0;0.0;0.09665300926864467;6.736978967014707e-5;0.09665290544383283;-0.19337138042313184;0.0;0.0;0.0;0.0;0.0;62.51908746187594;131.41602860916814;66.52863524151502;213.12691822101692;-19.394362823556296
1485.0;0.0;-6.374429598622474e-8;0.0;3.3948544625284157e-6;0.0;0.0;0.0;0.0;0.0;0.0;0.09665300926864467;6.736978967014707e-5;0.09665290544383283;-0.19337138042313184;0.0;0.0;0.0;0.0;0.0;62.51908746187594;131.41602860916814;66.52863524151502;213.12691822101692;-19.394362823556296
1486.0;0.0;-6.374429598622474e-8;0.0;3.3948544625284157e-6;0.0;0.0;0.0;0.0;0.0;0.0;0.09665300926864467;6.736978967014707e-5;0.09665290544383283;-0.19337138042313184;0.0;0.0;0.0;0.0;0.0;62.51908746187594;131.41602860916814;66.52863524151502;213.12691822101692;-19.394362823556296
1487.0;0.0;-6.374429598622474e-8;0.0;3.3948544625284157e-6;0.0;0.0;0.0;0.0;0.0;0.0;0.09665300926864467;6.736978967014707e-5;0.09665290544383283;-0.19337138042313184;0.0;0.0;0.0;0.0;0.0;62.51908746187594;131.41602860916814;66.52863524151502;213.12691822101692;-19.394362823556296
1488.0;0.0;-6.374429598622474e-8;0.0;3.3948544625284157e-6;0.0;0.0;0.0;0.0;0.0;0.0;0.09665300926864467;6.736978967014707e-5;0.09665290544383283;-0.19337138042313184;0.0;0.0;0.0;0.0;0.0;62.51908746187594;131.41602860916814;66.52863524151502;213.12691822101692;-19.394362823556296
1489.0;0.0;6.407972658759811e-7;0.0;3.3948544625284157e-6;0.0;0.0;0.0;0.0;0.0;5.531281047421168e-13;0.4223585250157902;0.010912292485830793;0.42235353091485006;-0.8556212971827745;0.0;0.0;0.0;0.0;0.0;62.51908746187594;131.41602860916814;66.52863524151502;213.12691822101692;-19.394362823556296
1490.0;0.0;6.407972658759811e-7;0.0;3.3948544625284157e-6;0.0;0.0;0.0;0.0;0.0;5.531281047421168e-13;0.4223585250157902;0.010912292485830793;0.42235353091485006;-0.8556212971827745;0.0;0.0;0.0;0.0;0.0;62.51908746187594;131.41602860916814;66.52863524151502;213.12691822101692;-19.394362823556296
1491.0;0.0;6.407972658759811e-7;0.0;3.3948544625284157e-6;0.0;0.0;0.0;0.0;0.0;5.531281047421168e-13;0.4223585250157902;0.010912292485830793;0.42235353091485006;-0.8556212971827745;0.0;0.0;0.0;0.0;0.0;62.51908746187594;131.41602860916814;66.52863524151502;213.12691822101692;-19.394362823556296
1492.0;0.0;6.407972658759811e-7;0.0;3.3948544625284157e-6;0.0;0.0;0.0;0.0;0.0;5.531281047421168e-13;0.4223585250157902;0.010912292485830793;0.42235353091485006;-0.8556212971827745;0.0;0.0;0.0;0.0;0.0;62.51908746187594;131.41602860916814;66.52863524151502;213.12691822101692;-19.394362823556296
1493.0;0.0;6.407972658759811e-7;0.0;3.3948544625284157e-6;0.0;0.0;0.0;0.0;0.0;5.531281047421168e-13;0.4223585250157902;0.010912292485830793;0.42235353091485006;-0.8556212971827745;0.0;0.0;0.0;0.0;0.0;62.51908746187594;131.41602860916814;66.52863524151502;213.12691822101692;-19.394362823556296
1494.0;0.0;6.407972658759811e-7;0.0;3.3948544625284157e-6;0.0;0.0;0.0;0.0;0.0;5.531281047421168e-13;0.4223585250157902;0.010912292485830793;0.42235353091485006;-0.8556212971827745;0.0;0.0;0.0;0.0;0.0;62.51908746187594;131.41602860916814;66.52863524151502;213.12691822101692;-19.394362823556296
1495.0;0.0;6.407972658759811e-7;0.0;3.3948544625284157e-6;0.0;0.0;0.0;0.0;0.0;5.531281047421168e-13;0.4223585250157902;0.010912292485830793;0.42235353091485006;-0.8556212971827745;0.0;0.0;0.0;0.0;0.0;62.51908746187594;131.41602860916814;66.52863524151502;213.12691822101692;-19.394362823556296
1496.0;0.0;6.407972658759811e-7;0.0;3.3948544625284157e-6;0.0;0.0;0.0;0.0;0.0;5.531281047421168e-13;0.4223585250157902;0.010912292485830793;0.42235353091485006;-0.8556212971827745;0.0;0.0;0.0;0.0;0.0;62.51908746187594;131.41602860916814;66.52863524151502;213.12691822101692;-19.394362823556296
1497.0;0.0;6.407972658759811e-7;0.0;3.3948544625284157e-6;0.0;0.0;0.0;0.0;0.0;5.531281047421168e-13;0.4223585250157902;0.010912292485830793;0.42235353091485006;-0.8556212971827745;0.0;0.0;0.0;0.0;0.0;62.51908746187594;131.41602860916814;66.52863524151502;213.12691822101692;-19.394362823556296
1498.0;0.0;6.407972658759811e-7;0.0;3.3948544625284157e-6;0.0;0.0;0.0;0.0;0.0;5.531281047421168e-13;0.4223585250157902;0.010912292485830793;0.42235353091485006;-0.8556212971827745;0.0;0.0;0.0;0.0;0.0;62.51908746187594;131.41602860916814;66.52863524151502;213.12691822101692;-19.394362823556296
1499.0;0.0;6.407972658759811e-7;0.0;3.3948544625284157e-6;0.0;0.0;0.0;0.0;0.0;5.531281047421168e-13;0.4223585250157902;0.010912292485830793;0.42235353091485006;-0.8556212971827745;0.0;0.0;0.0;0.0;0.0;62.51908746187594;131.41602860916814;66.52863524151502;213.12691822101692;-19.394362823556296
1500.0;0.0;6.407972658759811e-7;0.0;3.3948544625284157e-6;0.0;0.0;0.0;0.0;0.0;5.531281047421168e-13;0.4223585250157902;0.010912292485830793;0.42235353091485006;-0.8556212971827745;0.0;0.0;0.0;0.0;0.0;62.51908746187594;131.41602860916814;66.52863524151502;213.12691822101692;-19.394362823556296
1501.0;0.0;6.407972658759811e-7;0.0;3.3948544625284157e-6;0.0;0.0;0.0;0.0;0.0;5.531281047421168e-13;0.4223585250157902;0.010912292485830793;0.42235353091485006;-0.8556212971827745;0.0;0.0;0.0;0.0;0.0;62.51908746187594;131.41602860916814;66.52863524151502;213.12691822101692;-19.394362823556296
1502.0;0.0;6.407972658759811e-7;0.0;3.3948544625284157e-6;0.0;0.0;0.0;0.0;0.0;5.531281047421168e-13;0.4223585250157902;0.010912292485830793;0.42235353091485006;-0.8556212971827745;0.0;0.0;0.0;0.0;0.0;62.51908746187594;131.41602860916814;66.52863524151502;213.12691822101692;-19.394362823556296
1503.0;0.0;6.407972658759811e-7;0.0;3.3948544625284157e-6;0.0;0.0;0.0;0.0;0.0;5.531281047421168e-13;0.4223585250157902;0.010912292485830793;0.42235353091485006;-0.8556212971827745;0.0;0.0;0.0;0.0;0.0;62.51908746187594;131.41602860916814;66.52863524151502;213.12691822101692;-19.394362823556296
1504.0;0.0;6.407972658759811e-7;0.0;3.3948544625284157e-6;0.0;0.0;0.0;0.0;0.0;5.531281047421168e-13;0.4223585250157902;0.010912292485830793;0.42235353091485006;-0.8556212971827745;0.0;0.0;0.0;0.0;0.0;62.51908746187594;131.41602860916814;66.52863524151502;213.12691822101692;-19.394362823556296
1505.0;0.0;6.407972658759811e-7;0.0;3.3948544625284157e-6;0.0;0.0;0.0;0.0;0.0;5.531281047421168e-13;0.4223585250157902;0.010912292485830793;0.42235353091485006;-0.8556212971827745;0.0;0.0;0.0;0.0;0.0;62.51908746187594;131.41602860916814;66.52863524151502;213.12691822101692;-19.394362823556296
1506.0;0.0;6.407972658759811e-7;0.0;3.3948544625284157e-6;0.0;0.0;0.0;0.0;0.0;5.531281047421168e-13;0.4223585250157902;0.010912292485830793;0.42235353091485006;-0.8556212971827745;0.0;0.0;0.0;0.0;0.0;62.51908746187594;131.41602860916814;66.52863524151502;213.12691822101692;-19.394362823556296
1507.0;0.0;6.407972658759811e-7;0.0;3.3948544625284157e-6;0.0;0.0;0.0;0.0;0.0;5.531281047421168e-13;0.4223585250157902;0.010912292485830793;0.42235353091485006;-0.8556212971827745;0.0;0.0;0.0;0.0;0.0;62.51908746187594;131.41602860916814;66.52863524151502;213.12691822101692;-19.394362823556296
1508.0;0.0;6.407972658759811e-7;0.0;3.3948544625284157e-6;0.0;0.0;0.0;0.0;0.0;5.531281047421168e-13;0.4223585250157902;0.010912292485830793;0.42235353091485006;-0.8556212971827745;0.0;0.0;0.0;0.0;0.0;62.51908746187594;131.41602860916814;66.52863524151502;213.12691822101692;-19.394362823556296
1509.0;0.0;6.407972658759811e-7;0.0;3.3948544625284157e-6;0.0;0.0;0.0;0.0;0.0;5.531281047421168e-13;0.4223585250157902;0.010912292485830793;0.42235353091485006;-0.8556212971827745;0.0;0.0;0.0;0.0;0.0;62.51908746187594;131.41602860916814;66.52863524151502;213.12691822101692;-19.394362823556296
1510.0;0.0;6.407972658759811e-7;0.0;3.3948544625284157e-6;0.0;0.0;0.0;0.0;0.0;5.531281047421168e-13;0.4223585250157902;0.010912292485830793;0.42235353091485006;-0.8556212971827745;0.0;0.0;0.0;0.0;0.0;62.51908746187594;131.41602860916814;66.52863524151502;213.12691822101692;-19.394362823556296
1511.0;0.0;6.407972658759811e-7;0.0;3.3948544625284157e-6;0.0;0.0;0.0;0.0;0.0;5.531281047421168e-13;0.4223585250157902;0.010912292485830793;0.42235353091485006;-0.8556212971827745;0.0;0.0;0.0;0.0;0.0;62.51908746187594;131.41602860916814;66.52863524151502;213.12691822101692;-19.394362823556296
1512.0;0.0;6.407972658759811e-7;0.0;3.3948544625284157e-6;0.0;0.0;0.0;0.0;0.0;5.531281047421168e-13;0.4223585250157902;0.010912292485830793;0.42235353091485006;-0.8556212971827745;0.0;0.0;0.0;0.0;0.0;62.51908746187594;131.41602860916814;66.52863524151502;213.12691822101692;-19.394362823556296
1513.0;0.0;7.512184762173393e-7;0.0;3.3948544625284157e-6;0.0;0.0;0.0;0.0;0.0;0.0;0.7054312057729678;0.11874544511235831;0.9191640260792779;-1.7433242102446924;0.0;0.0;0.0;0.0;0.0;62.51908746187594;131.41602860916814;66.52863524151502;213.12691822101692;-19.394362823556296
1514.0;0.0;7.512184762173393e-7;0.0;3.3948544625284157e-6;0.0;0.0;0.0;0.0;0.0;0.0;0.7054312057729678;0.11874544511235831;0.9191640260792779;-1.7433242102446924;0.0;0.0;0.0;0.0;0.0;62.51908746187594;131.41602860916814;66.52863524151502;213.12691822101692;-19.394362823556296
1515.0;0.0;7.512184762173393e-7;0.0;3.3948544625284157e-6;0.0;0.0;0.0;0.0;0.0;0.0;0.7054312057729678;0.11874544511235831;0.9191640260792779;-1.7433242102446924;0.0;0.0;0.0;0.0;0.0;62.51908746187594;131.41602860916814;66.52863524151502;213.12691822101692;-19.394362823556296
1516.0;0.0;7.512184762173393e-7;0.0;3.3948544625284157e-6;0.0;0.0;0.0;0.0;0.0;0.0;0.7054312057729678;0.11874544511235831;0.9191640260792779;-1.7433242102446924;0.0;0.0;0.0;0.0;0.0;62.51908746187594;131.41602860916814;66.52863524151502;213.12691822101692;-19.394362823556296
1517.0;0.0;7.512184762173393e-7;0.0;3.3948544625284157e-6;0.0;0.0;0.0;0.0;0.0;0.0;0.7054312057729678;0.11874544511235831;0.9191640260792779;-1.7433242102446924;0.0;0.0;0.0;0.0;0.0;62.51908746187594;131.41602860916814;66.52863524151502;213.12691822101692;-19.394362823556296
1518.0;0.0;7.512184762173393e-7;0.0;3.3948544625284157e-6;0.0;0.0;0.0;0.0;0.0;0.0;0.7054312057729678;0.11874544511235831;0.9191640260792779;-1.7433242102446924;0.0;0.0;0.0;0.0;0.0;62.51908746187594;131.41602860916814;66.52863524151502;213.12691822101692;-19.394362823556296
1519.0;0.0;7.512184762173393e-7;0.0;3.3948544625284157e-6;0.0;0.0;0.0;0.0;0.0;0.0;0.7054312057729678;0.11874544511235831;0.9191640260792779;-1.7433242102446924;0.0;0.0;0.0;0.0;0.0;62.51908746187594;131.41602860916814;66.52863524151502;213.12691822101692;-19.394362823556296
1520.0;0.0;7.512184762173393e-7;0.0;3.3948544625284157e-6;0.0;0.0;0.0;0.0;0.0;0.0;0.7054312057729678;0.11874544511235831;0.9191640260792779;-1.7433242102446924;0.0;0.0;0.0;0.0;0.0;62.51908746187594;131.41602860916814;66.52863524151502;213.12691822101692;-19.394362823556296
1521.0;0.0;7.512184762173393e-7;0.0;3.3948544625284157e-6;0.0;0.0;0.0;0.0;0.0;0.0;0.7054312057729678;0.11874544511235831;0.9191640260792779;-1.7433242102446924;0.0;0.0;0.0;0.0;0.0;62.51908746187594;131.41602860916814;66.52863524151502;213.12691822101692;-19.394362823556296
1522.0;0.0;7.512184762173393e-7;0.0;3.3948544625284157e-6;0.0;0.0;0.0;0.0;0.0;0.0;0.7054312057729678;0.11874544511235831;0.9191640260792779;-1.7433242102446924;0.0;0.0;0.0;0.0;0.0;62.51908746187594;131.41602860916814;66.52863524151502;213.12691822101692;-19.394362823556296
1523.0;0.0;7.512184762173393e-7;0.0;3.3948544625284157e-6;0.0;0.0;0.0;0.0;0.0;0.0;0.7054312057729678;0.11874544511235831;0.9191640260792779;-1.7433242102446924;0.0;0.0;0.0;0.0;0.0;62.51908746187594;131.41602860916814;66.52863524151502;213.12691822101692;-19.394362823556296
1524.0;0.0;7.512184762173393e-7;0.0;3.3948544625284157e-6;0.0;0.0;0.0;0.0;0.0;0.0;0.7054312057729678;0.11874544511235831;0.9191640260792779;-1.7433242102446924;0.0;0.0;0.0;0.0;0.0;62.51908746187594;131.41602860916814;66.52863524151502;213.12691822101692;-19.394362823556296
1525.0;0.0;7.512184762173393e-7;0.0;3.3948544625284157e-6;0.0;0.0;0.0;0.0;0.0;0.0;0.7054312057729678;0.11874544511235831;0.9191640260792779;-1.7433242102446924;0.0;0.0;0.0;0.0;0.0;62.51908746187594;131.41602860916814;66.52863524151502;213.12691822101692;-19.394362823556296
1526.0;0.0;7.512184762173393e-7;0.0;3.3948544625284157e-6;0.0;0.0;0.0;0.0;0.0;0.0;0.7054312057729678;0.11874544511235831;0.9191640260792779;-1.7433242102446924;0.0;0.0;0.0;0.0;0.0;62.51908746187594;131.41602860916814;66.52863524151502;213.12691822101692;-19.394362823556296
1527.0;0.0;7.512184762173393e-7;0.0;3.3948544625284157e-6;0.0;0.0;0.0;0.0;0.0;0.0;0.7054312057729678;0.11874544511235831;0.9191640260792779;-1.7433242102446924;0.0;0.0;0.0;0.0;0.0;62.51908746187594;131.41602860916814;66.52863524151502;213.12691822101692;-19.394362823556296
1528.0;0.0;7.512184762173393e-7;0.0;3.3948544625284157e-6;0.0;0.0;0.0;0.0;0.0;0.0;0.7054312057729678;0.11874544511235831;0.9191640260792779;-1.7433242102446924;0.0;0.0;0.0;0.0;0.0;62.51908746187594;131.41602860916814;66.52863524151502;213.12691822101692;-19.394362823556296
1529.0;0.0;7.512184762173393e-7;0.0;3.3948544625284157e-6;0.0;0.0;0.0;0.0;0.0;0.0;0.7054312057729678;0.11874544511235831;0.9191640260792779;-1.7433242102446924;0.0;0.0;0.0;0.0;0.0;62.51908746187594;131.41602860916814;66.52863524151502;213.12691822101692;-19.394362823556296
1530.0;0.0;7.512184762173393e-7;0.0;3.3948544625284157e-6;0.0;0.0;0.0;0.0;0.0;0.0;0.7054312057729678;0.11874544511235831;0.9191640260792779;-1.7433242102446924;0.0;0.0;0.0;0.0;0.0;62.51908746187594;131.41602860916814;66.52863524151502;213.12691822101692;-19.394362823556296
1531.0;0.0;7.512184762173393e-7;0.0;3.3948544625284157e-6;0.0;0.0;0.0;0.0;0.0;0.0;0.7054312057729678;0.11874544511235831;0.9191640260792779;-1.7433242102446924;0.0;0.0;0.0;0.0;0.0;62.51908746187594;131.41602860916814;66.52863524151502;213.12691822101692;-19.394362823556296
1532.0;0.0;7.512184762173393e-7;0.0;3.3948544625284157e-6;0.0;0.0;0.0;0.0;0.0;0.0;0.7054312057729678;0.11874544511235831;0.9191640260792779;-1.7433242102446924;0.0;0.0;0.0;0.0;0.0;62.51908746187594;131.41602860916814;66.52863524151502;213.12691822101692;-19.394362823556296
1533.0;0.0;7.512184762173393e-7;0.0;3.3948544625284157e-6;0.0;0.0;0.0;0.0;0.0;0.0;0.7054312057729678;0.11874544511235831;0.9191640260792779;-1.7433242102446924;0.0;0.0;0.0;0.0;0.0;62.51908746187594;131.41602860916814;66.52863524151502;213.12691822101692;-19.394362823556296
1534.0;0.0;7.512184762173393e-7;0.0;3.3948544625284157e-6;0.0;0.0;0.0;0.0;0.0;0.0;0.7054312057729678;0.11874544511235831;0.9191640260792779;-1.7433242102446924;0.0;0.0;0.0;0.0;0.0;62.51908746187594;131.41602860916814;66.52863524151502;213.12691822101692;-19.394362823556296
1535.0;0.0;7.512184762173393e-7;0.0;3.3948544625284157e-6;0.0;0.0;0.0;0.0;0.0;0.0;0.7054312057729678;0.11874544511235831;0.9191640260792779;-1.7433242102446924;0.0;0.0;0.0;0.0;0.0;62.51908746187594;131.41602860916814;66.52863524151502;213.12691822101692;-19.394362823556296
1536.0;0.0;7.512184762173393e-7;0.0;3.3948544625284157e-6;0.0;0.0;0.0;0.0;0.0;0.0;0.7054312057729678;0.11874544511235831;0.9191640260792779;-1.7433242102446924;0.0;0.0;0.0;0.0;0.0;62.51908746187594;131.41602860916814;66.52863524151502;213.12691822101692;-19.394362823556296
1537.0;0.0;0.00010289375583276998;0.0;0.0007372127918961513;0.0;0.0;0.0;0.0;0.0;5.664062162442286e-13;0.4143144452540392;0.0007243178542055434;1.4222419829333148;-1.837425072936706;0.0;0.0;0.0;0.0;0.0;57.83774806894497;151.58643487747605;74.54985233817102;204.98534978157852;-21.576389476972118
1538.0;0.0;0.00010289375583276998;0.0;0.0007372127918961513;0.0;0.0;0.0;0.0;0.0;5.664062162442286e-13;0.4143144452540392;0.0007243178542055434;1.4222419829333148;-1.837425072936706;0.0;0.0;0.0;0.0;0.0;57.83774806894497;151.58643487747605;74.54985233817102;204.98534978157852;-21.576389476972118
1539.0;0.0;0.00010289375583276998;0.0;0.0007372127918961513;0.0;0.0;0.0;0.0;0.0;5.664062162442286e-13;0.4143144452540392;0.0007243178542055434;1.4222419829333148;-1.837425072936706;0.0;0.0;0.0;0.0;0.0;57.83774806894497;151.58643487747605;74.54985233817102;204.98534978157852;-21.576389476972118
1540.0;0.0;0.00010289375583276998;0.0;0.0007372127918961513;0.0;0.0;0.0;0.0;0.0;5.664062162442286e-13;0.4143144452540392;0.0007243178542055434;1.4222419829333148;-1.837425072936706;0.0;0.0;0.0;0.0;0.0;57.83774806894497;151.58643487747605;74.54985233817102;204.98534978157852;-21.576389476972118
1541.0;0.0;0.00010289375583276998;0.0;0.0007372127918961513;0.0;0.0;0.0;0.0;0.0;5.664062162442286e-13;0.4143144452540392;0.0007243178542055434;1.4222419829333148;-1.837425072936706;0.0;0.0;0.0;0.0;0.0;57.83774806894497;151.58643487747605;74.54985233817102;204.98534978157852;-21.576389476972118
1542.0;0.0;0.00010289375583276998;0.0;0.0007372127918961513;0.0;0.0;0.0;0.0;0.0;5.664062162442286e-13;0.4143144452540392;0.0007243178542055434;1.4222419829333148;-1.837425072936706;0.0;0.0;0.0;0.0;0.0;57.83774806894497;151.58643487747605;74.54985233817102;204.98534978157852;-21.576389476972118
1543.0;0.0;0.00010289375583276998;0.0;0.0007372127918961513;0.0;0.0;0.0;0.0;0.0;5.664062162442286e-13;0.4143144452540392;0.0007243178542055434;1.4222419829333148;-1.837425072936706;0.0;0.0;0.0;0.0;0.0;57.83774806894497;151.58643487747605;74.54985233817102;204.98534978157852;-21.576389476972118
1544.0;0.0;0.00010289375583276998;0.0;0.0007372127918961513;0.0;0.0;0.0;0.0;0.0;5.664062162442286e-13;0.4143144452540392;0.0007243178542055434;1.4222419829333148;-1.837425072936706;0.0;0.0;0.0;0.0;0.0;57.83774806894497;151.58643487747605;74.54985233817102;204.98534978157852;-21.576389476972118
1545.0;0.0;0.00010289375583276998;0.0;0.0007372127918961513;0.0;0.0;0.0;0.0;0.0;5.664062162442286e-13;0.4143144452540392;0.0007243178542055434;1.4222419829333148;-1.837425072936706;0.0;0.0;0.0;0.0;0.0;57.83774806894497;151.58643487747605;74.54985233817102;204.98534978157852;-21.576389476972118
1546.0;0.0;0.00010289375583276998;0.0;0.0007372127918961513;0.0;0.0;0.0;0.0;0.0;5.664062162442286e-13;0.4143144452540392;0.0007243178542055434;1.4222419829333148;-1.837425072936706;0.0;0.0;0.0;0.0;0.0;57.83774806894497;151.58643487747605;74.54985233817102;204.98534978157852;-21.576389476972118
1547.0;0.0;0.00010289375583276998;0.0;0.0007372127918961513;0.0;0.0;0.0;0.0;0.0;5.664062162442286e-13;0.4143144452540392;0.0007243178542055434;1.4222419829333148;-1.837425072936706;0.0;0.0;0.0;0.0;0.0;57.83774806894497;151.58643487747605;74.54985233817102;204.98534978157852;-21.576389476972118
1548.0;0.0;0.00010289375583276998;0.0;0.0007372127918961513;0.0;0.0;0.0;0.0;0.0;5.664062162442286e-13;0.4143144452540392;0.0007243178542055434;1.4222419829333148;-1.837425072936706;0.0;0.0;0.0;0.0;0.0;57.83774806894497;151.58643487747605;74.54985233817102;204.98534978157852;-21.576389476972118
1549.0;0.0;0.00010289375583276998;0.0;0.0007372127918961513;0.0;0.0;0.0;0.0;0.0;5.664062162442286e-13;0.4143144452540392;0.0007243178542055434;1.4222419829333148;-1.837425072936706;0.0;0.0;0.0;0.0;0.0;57.83774806894497;151.58643487747605;74.54985233817102;204.98534978157852;-21.576389476972118
1550.0;0.0;0.00010289375583276998;0.0;0.0007372127918961513;0.0;0.0;0.0;0.0;0.0;5.664062162442286e-13;0.4143144452540392;0.0007243178542055434;1.4222419829333148;-1.837425072936706;0.0;0.0;0.0;0.0;0.0;57.83774806894497;151.58643487747605;74.54985233817102;204.98534978157852;-21.576389476972118
1551.0;0.0;0.00010289375583276998;0.0;0.0007372127918961513;0.0;0.0;0.0;0.0;0.0;5.664062162442286e-13;0.4143144452540392;0.0007243178542055434;1.4222419829333148;-1.837425072936706;0.0;0.0;0.0;0.0;0.0;57.83774806894497;151.58643487747605;74.54985233817102;204.98534978157852;-21.576389476972118
1552.0;0.0;0.00010289375583276998;0.0;0.0007372127918961513;0.0;0.0;0.0;0.0;0.0;5.664062162442286e-13;0.4143144452540392;0.0007243178542055434;1.4222419829333148;-1.837425072936706;0.0;0.0;0.0;0.0;0.0;57.83774806894497;151.58643487747605;74.54985233817102;204.98534978157852;-21.576389476972118
1553.0;0.0;0.00010289375583276998;0.0;0.0007372127918961513;0.0;0.0;0.0;0.0;0.0;5.664062162442286e-13;0.4143144452540392;0.0007243178542055434;1.4222419829333148;-1.837425072936706;0.0;0.0;0.0;0.0;0.0;57.83774806894497;151.58643487747605;74.54985233817102;204.98534978157852;-21.576389476972118
1554.0;0.0;0.00010289375583276998;0.0;0.0007372127918961513;0.0;0.0;0.0;0.0;0.0;5.664062162442286e-13;0.4143144452540392;0.0007243178542055434;1.4222419829333148;-1.837425072936706;0.0;0.0;0.0;0.0;0.0;57.83774806894497;151.58643487747605;74.54985233817102;204.98534978157852;-21.576389476972118
1555.0;0.0;0.00010289375583276998;0.0;0.0007372127918961513;0.0;0.0;0.0;0.0;0.0;5.664062162442286e-13;0.4143144452540392;0.0007243178542055434;1.4222419829333148;-1.837425072936706;0.0;0.0;0.0;0.0;0.0;57.83774806894497;151.58643487747605;74.54985233817102;204.98534978157852;-21.576389476972118
1556.0;0.0;0.00010289375583276998;0.0;0.0007372127918961513;0.0;0.0;0.0;0.0;0.0;5.664062162442286e-13;0.4143144452540392;0.0007243178542055434;1.4222419829333148;-1.837425072936706;0.0;0.0;0.0;0.0;0.0;57.83774806894497;151.58643487747605;74.54985233817102;204.98534978157852;-21.576389476972118
1557.0;0.0;0.00010289375583276998;0.0;0.0007372127918961513;0.0;0.0;0.0;0.0;0.0;5.664062162442286e-13;0.4143144452540392;0.0007243178542055434;1.4222419829333148;-1.837425072936706;0.0;0.0;0.0;0.0;0.0;57.83774806894497;151.58643487747605;74.54985233817102;204.98534978157852;-21.576389476972118
1558.0;0.0;0.00010289375583276998;0.0;0.0007372127918961513;0.0;0.0;0.0;0.0;0.0;5.664062162442286e-13;0.4143144452540392;0.0007243178542055434;1.4222419829333148;-1.837425072936706;0.0;0.0;0.0;0.0;0.0;57.83774806894497;151.58643487747605;74.54985233817102;204.98534978157852;-21.576389476972118
1559.0;0.0;0.00010289375583276998;0.0;0.0007372127918961513;0.0;0.0;0.0;0.0;0.0;5.664062162442286e-13;0.4143144452540392;0.0007243178542055434;1.4222419829333148;-1.837425072936706;0.0;0.0;0.0;0.0;0.0;57.83774806894497;151.58643487747605;74.54985233817102;204.98534978157852;-21.576389476972118
1560.0;0.0;0.00010289375583276998;0.0;0.0007372127918961513;0.0;0.0;0.0;0.0;0.0;5.664062162442286e-13;0.4143144452540392;0.0007243178542055434;1.4222419829333148;-1.837425072936706;0.0;0.0;0.0;0.0;0.0;57.83774806894497;151.58643487747605;74.54985233817102;204.98534978157852;-21.576389476972118
1561.0;0.0;1.396693950629146e-6;0.0;0.0007372127918961513;0.0;0.0;0.0;0.0;0.0;5.664049190241267e-13;0.29256149442068113;5.3852658729984035e-6;0.2925615167771966;-0.5851318284731103;0.0;0.0;0.0;0.0;0.0;57.83774806894497;151.58643487747605;74.54985233817102;204.98534978157852;-21.576389476972118
1562.0;0.0;1.396693950629146e-6;0.0;0.0007372127918961513;0.0;0.0;0.0;0.0;0.0;5.664049190241267e-13;0.29256149442068113;5.3852658729984035e-6;0.2925615167771966;-0.5851318284731103;0.0;0.0;0.0;0.0;0.0;57.83774806894497;151.58643487747605;74.54985233817102;204.98534978157852;-21.576389476972118
1563.0;0.0;1.396693950629146e-6;0.0;0.0007372127918961513;0.0;0.0;0.0;0.0;0.0;5.664049190241267e-13;0.29256149442068113;5.3852658729984035e-6;0.2925615167771966;-0.5851318284731103;0.0;0.0;0.0;0.0;0.0;57.83774806894497;151.58643487747605;74.54985233817102;204.98534978157852;-21.576389476972118
1564.0;0.0;1.396693950629146e-6;0.0;0.0007372127918961513;0.0;0.0;0.0;0.0;0.0;5.664049190241267e-13;0.29256149442068113;5.3852658729984035e-6;0.2925615167771966;-0.5851318284731103;0.0;0.0;0.0;0.0;0.0;57.83774806894497;151.58643487747605;74.54985233817102;204.98534978157852;-21.576389476972118
1565.0;0.0;1.396693950629146e-6;0.0;0.0007372127918961513;0.0;0.0;0.0;0.0;0.0;5.664049190241267e-13;0.29256149442068113;5.3852658729984035e-6;0.2925615167771966;-0.5851318284731103;0.0;0.0;0.0;0.0;0.0;57.83774806894497;151.58643487747605;74.54985233817102;204.98534978157852;-21.576389476972118
1566.0;0.0;1.396693950629146e-6;0.0;0.0007372127918961513;0.0;0.0;0.0;0.0;0.0;5.664049190241267e-13;0.29256149442068113;5.3852658729984035e-6;0.2925615167771966;-0.5851318284731103;0.0;0.0;0.0;0.0;0.0;57.83774806894497;151.58643487747605;74.54985233817102;204.98534978157852;-21.576389476972118
1567.0;0.0;1.396693950629146e-6;0.0;0.0007372127918961513;0.0;0.0;0.0;0.0;0.0;5.664049190241267e-13;0.29256149442068113;5.3852658729984035e-6;0.2925615167771966;-0.5851318284731103;0.0;0.0;0.0;0.0;0.0;57.83774806894497;151.58643487747605;74.54985233817102;204.98534978157852;-21.576389476972118
1568.0;0.0;1.396693950629146e-6;0.0;0.0007372127918961513;0.0;0.0;0.0;0.0;0.0;5.664049190241267e-13;0.29256149442068113;5.3852658729984035e-6;0.2925615167771966;-0.5851318284731103;0.0;0.0;0.0;0.0;0.0;57.83774806894497;151.58643487747605;74.54985233817102;204.98534978157852;-21.576389476972118
1569.0;0.0;1.396693950629146e-6;0.0;0.0007372127918961513;0.0;0.0;0.0;0.0;0.0;5.664049190241267e-13;0.29256149442068113;5.3852658729984035e-6;0.2925615167771966;-0.5851318284731103;0.0;0.0;0.0;0.0;0.0;57.83774806894497;151.58643487747605;74.54985233817102;204.98534978157852;-21.576389476972118
1570.0;0.0;1.396693950629146e-6;0.0;0.0007372127918961513;0.0;0.0;0.0;0.0;0.0;5.664049190241267e-13;0.29256149442068113;5.3852658729984035e-6;0.2925615167771966;-0.5851318284731103;0.0;0.0;0.0;0.0;0.0;57.83774806894497;151.58643487747605;74.54985233817102;204.98534978157852;-21.576389476972118
1571.0;0.0;1.396693950629146e-6;0.0;0.0007372127918961513;0.0;0.0;0.0;0.0;0.0;5.664049190241267e-13;0.29256149442068113;5.3852658729984035e-6;0.2925615167771966;-0.5851318284731103;0.0;0.0;0.0;0.0;0.0;57.83774806894497;151.58643487747605;74.54985233817102;204.98534978157852;-21.576389476972118
1572.0;0.0;1.396693950629146e-6;0.0;0.0007372127918961513;0.0;0.0;0.0;0.0;0.0;5.664049190241267e-13;0.29256149442068113;5.3852658729984035e-6;0.2925615167771966;-0.5851318284731103;0.0;0.0;0.0;0.0;0.0;57.83774806894497;151.58643487747605;74.54985233817102;204.98534978157852;-21.576389476972118
1573.0;0.0;1.396693950629146e-6;0.0;0.0007372127918961513;0.0;0.0;0.0;0.0;0.0;5.664049190241267e-13;0.29256149442068113;5.3852658729984035e-6;0.2925615167771966;-0.5851318284731103;0.0;0.0;0.0;0.0;0.0;57.83774806894497;151.58643487747605;74.54985233817102;204.98534978157852;-21.576389476972118
1574.0;0.0;1.396693950629146e-6;0.0;0.0007372127918961513;0.0;0.0;0.0;0.0;0.0;5.664049190241267e-13;0.29256149442068113;5.3852658729984035e-6;0.2925615167771966;-0.5851318284731103;0.0;0.0;0.0;0.0;0.0;57.83774806894497;151.58643487747605;74.54985233817102;204.98534978157852;-21.576389476972118
1575.0;0.0;1.396693950629146e-6;0.0;0.0007372127918961513;0.0;0.0;0.0;0.0;0.0;5.664049190241267e-13;0.29256149442068113;5.3852658729984035e-6;0.2925615167771966;-0.5851318284731103;0.0;0.0;0.0;0.0;0.0;57.83774806894497;151.58643487747605;74.54985233817102;204.98534978157852;-21.576389476972118
1576.0;0.0;1.396693950629146e-6;0.0;0.0007372127918961513;0.0;0.0;0.0;0.0;0.0;5.664049190241267e-13;0.29256149442068113;5.3852658729984035e-6;0.2925615167771966;-0.5851318284731103;0.0;0.0;0.0;0.0;0.0;57.83774806894497;151.58643487747605;74.54985233817102;204.98534978157852;-21.576389476972118
1577.0;0.0;1.396693950629146e-6;0.0;0.0007372127918961513;0.0;0.0;0.0;0.0;0.0;5.664049190241267e-13;0.29256149442068113;5.3852658729984035e-6;0.2925615167771966;-0.5851318284731103;0.0;0.0;0.0;0.0;0.0;57.83774806894497;151.58643487747605;74.54985233817102;204.98534978157852;-21.576389476972118
1578.0;0.0;1.396693950629146e-6;0.0;0.0007372127918961513;0.0;0.0;0.0;0.0;0.0;5.664049190241267e-13;0.29256149442068113;5.3852658729984035e-6;0.2925615167771966;-0.5851318284731103;0.0;0.0;0.0;0.0;0.0;57.83774806894497;151.58643487747605;74.54985233817102;204.98534978157852;-21.576389476972118
1579.0;0.0;1.396693950629146e-6;0.0;0.0007372127918961513;0.0;0.0;0.0;0.0;0.0;5.664049190241267e-13;0.29256149442068113;5.3852658729984035e-6;0.2925615167771966;-0.5851318284731103;0.0;0.0;0.0;0.0;0.0;57.83774806894497;151.58643487747605;74.54985233817102;204.98534978157852;-21.576389476972118
1580.0;0.0;1.396693950629146e-6;0.0;0.0007372127918961513;0.0;0.0;0.0;0.0;0.0;5.664049190241267e-13;0.29256149442068113;5.3852658729984035e-6;0.2925615167771966;-0.5851318284731103;0.0;0.0;0.0;0.0;0.0;57.83774806894497;151.58643487747605;74.54985233817102;204.98534978157852;-21.576389476972118
1581.0;0.0;1.396693950629146e-6;0.0;0.0007372127918961513;0.0;0.0;0.0;0.0;0.0;5.664049190241267e-13;0.29256149442068113;5.3852658729984035e-6;0.2925615167771966;-0.5851318284731103;0.0;0.0;0.0;0.0;0.0;57.83774806894497;151.58643487747605;74.54985233817102;204.98534978157852;-21.576389476972118
1582.0;0.0;1.396693950629146e-6;0.0;0.0007372127918961513;0.0;0.0;0.0;0.0;0.0;5.664049190241267e-13;0.29256149442068113;5.3852658729984035e-6;0.2925615167771966;-0.5851318284731103;0.0;0.0;0.0;0.0;0.0;57.83774806894497;151.58643487747605;74.54985233817102;204.98534978157852;-21.576389476972118
1583.0;0.0;1.396693950629146e-6;0.0;0.0007372127918961513;0.0;0.0;0.0;0.0;0.0;5.664049190241267e-13;0.29256149442068113;5.3852658729984035e-6;0.2925615167771966;-0.5851318284731103;0.0;0.0;0.0;0.0;0.0;57.83774806894497;151.58643487747605;74.54985233817102;204.98534978157852;-21.576389476972118
1584.0;0.0;1.396693950629146e-6;0.0;0.0007372127918961513;0.0;0.0;0.0;0.0;0.0;5.664049190241267e-13;0.29256149442068113;5.3852658729984035e-6;0.2925615167771966;-0.5851318284731103;0.0;0.0;0.0;0.0;0.0;57.83774806894497;151.58643487747605;74.54985233817102;204.98534978157852;-21.576389476972118
1585.0;0.0;1.3726041799977254e-6;0.0;0.0007372127918961513;0.0;0.0;0.0;0.0;0.0;5.664049493402961e-13;0.33975598873021196;8.834957264034801e-6;0.26111873589332696;-0.6008905362200689;0.0;0.0;0.0;0.0;0.0;57.83774806894497;151.58643487747605;74.54985233817102;204.98534978157852;-21.576389476972118
1586.0;0.0;1.3726041799977254e-6;0.0;0.0007372127918961513;0.0;0.0;0.0;0.0;0.0;5.664049493402961e-13;0.33975598873021196;8.834957264034801e-6;0.26111873589332696;-0.6008905362200689;0.0;0.0;0.0;0.0;0.0;57.83774806894497;151.58643487747605;74.54985233817102;204.98534978157852;-21.576389476972118
1587.0;0.0;1.3726041799977254e-6;0.0;0.0007372127918961513;0.0;0.0;0.0;0.0;0.0;5.664049493402961e-13;0.33975598873021196;8.834957264034801e-6;0.26111873589332696;-0.6008905362200689;0.0;0.0;0.0;0.0;0.0;57.83774806894497;151.58643487747605;74.54985233817102;204.98534978157852;-21.576389476972118
1588.0;0.0;1.3726041799977254e-6;0.0;0.0007372127918961513;0.0;0.0;0.0;0.0;0.0;5.664049493402961e-13;0.33975598873021196;8.834957264034801e-6;0.26111873589332696;-0.6008905362200689;0.0;0.0;0.0;0.0;0.0;57.83774806894497;151.58643487747605;74.54985233817102;204.98534978157852;-21.576389476972118
1589.0;0.0;1.3726041799977254e-6;0.0;0.0007372127918961513;0.0;0.0;0.0;0.0;0.0;5.664049493402961e-13;0.33975598873021196;8.834957264034801e-6;0.26111873589332696;-0.6008905362200689;0.0;0.0;0.0;0.0;0.0;57.83774806894497;151.58643487747605;74.54985233817102;204.98534978157852;-21.576389476972118
1590.0;0.0;1.3726041799977254e-6;0.0;0.0007372127918961513;0.0;0.0;0.0;0.0;0.0;5.664049493402961e-13;0.33975598873021196;8.834957264034801e-6;0.26111873589332696;-0.6008905362200689;0.0;0.0;0.0;0.0;0.0;57.83774806894497;151.58643487747605;74.54985233817102;204.98534978157852;-21.576389476972118
1591.0;0.0;1.3726041799977254e-6;0.0;0.0007372127918961513;0.0;0.0;0.0;0.0;0.0;5.664049493402961e-13;0.33975598873021196;8.834957264034801e-6;0.26111873589332696;-0.6008905362200689;0.0;0.0;0.0;0.0;0.0;57.83774806894497;151.58643487747605;74.54985233817102;204.98534978157852;-21.576389476972118
1592.0;0.0;1.3726041799977254e-6;0.0;0.0007372127918961513;0.0;0.0;0.0;0.0;0.0;5.664049493402961e-13;0.33975598873021196;8.834957264034801e-6;0.26111873589332696;-0.6008905362200689;0.0;0.0;0.0;0.0;0.0;57.83774806894497;151.58643487747605;74.54985233817102;204.98534978157852;-21.576389476972118
1593.0;0.0;1.3726041799977254e-6;0.0;0.0007372127918961513;0.0;0.0;0.0;0.0;0.0;5.664049493402961e-13;0.33975598873021196;8.834957264034801e-6;0.26111873589332696;-0.6008905362200689;0.0;0.0;0.0;0.0;0.0;57.83774806894497;151.58643487747605;74.54985233817102;204.98534978157852;-21.576389476972118
1594.0;0.0;1.3726041799977254e-6;0.0;0.0007372127918961513;0.0;0.0;0.0;0.0;0.0;5.664049493402961e-13;0.33975598873021196;8.834957264034801e-6;0.26111873589332696;-0.6008905362200689;0.0;0.0;0.0;0.0;0.0;57.83774806894497;151.58643487747605;74.54985233817102;204.98534978157852;-21.576389476972118
1595.0;0.0;1.3726041799977254e-6;0.0;0.0007372127918961513;0.0;0.0;0.0;0.0;0.0;5.664049493402961e-13;0.33975598873021196;8.834957264034801e-6;0.26111873589332696;-0.6008905362200689;0.0;0.0;0.0;0.0;0.0;57.83774806894497;151.58643487747605;74.54985233817102;204.98534978157852;-21.576389476972118
1596.0;0.0;1.3726041799977254e-6;0.0;0.0007372127918961513;0.0;0.0;0.0;0.0;0.0;5.664049493402961e-13;0.33975598873021196;8.834957264034801e-6;0.26111873589332696;-0.6008905362200689;0.0;0.0;0.0;0.0;0.0;57.83774806894497;151.58643487747605;74.54985233817102;204.98534978157852;-21.576389476972118
1597.0;0.0;1.3726041799977254e-6;0.0;0.0007372127918961513;0.0;0.0;0.0;0.0;0.0;5.664049493402961e-13;0.33975598873021196;8.834957264034801e-6;0.26111873589332696;-0.6008905362200689;0.0;0.0;0.0;0.0;0.0;57.83774806894497;151.58643487747605;74.54985233817102;204.98534978157852;-21.576389476972118
1598.0;0.0;1.3726041799977254e-6;0.0;0.0007372127918961513;0.0;0.0;0.0;0.0;0.0;5.664049493402961e-13;0.33975598873021196;8.834957264034801e-6;0.26111873589332696;-0.6008905362200689;0.0;0.0;0.0;0.0;0.0;57.83774806894497;151.58643487747605;74.54985233817102;204.98534978157852;-21.576389476972118
1599.0;0.0;1.3726041799977254e-6;0.0;0.0007372127918961513;0.0;0.0;0.0;0.0;0.0;5.664049493402961e-13;0.33975598873021196;8.834957264034801e-6;0.26111873589332696;-0.6008905362200689;0.0;0.0;0.0;0.0;0.0;57.83774806894497;151.58643487747605;74.54985233817102;204.98534978157852;-21.576389476972118
1600.0;0.0;1.3726041799977254e-6;0.0;0.0007372127918961513;0.0;0.0;0.0;0.0;0.0;5.664049493402961e-13;0.33975598873021196;8.834957264034801e-6;0.26111873589332696;-0.6008905362200689;0.0;0.0;0.0;0.0;0.0;57.83774806894497;151.58643487747605;74.54985233817102;204.98534978157852;-21.576389476972118
1601.0;0.0;1.3726041799977254e-6;0.0;0.0007372127918961513;0.0;0.0;0.0;0.0;0.0;5.664049493402961e-13;0.33975598873021196;8.834957264034801e-6;0.26111873589332696;-0.6008905362200689;0.0;0.0;0.0;0.0;0.0;57.83774806894497;151.58643487747605;74.54985233817102;204.98534978157852;-21.576389476972118
1602.0;0.0;1.3726041799977254e-6;0.0;0.0007372127918961513;0.0;0.0;0.0;0.0;0.0;5.664049493402961e-13;0.33975598873021196;8.834957264034801e-6;0.26111873589332696;-0.6008905362200689;0.0;0.0;0.0;0.0;0.0;57.83774806894497;151.58643487747605;74.54985233817102;204.98534978157852;-21.576389476972118
1603.0;0.0;1.3726041799977254e-6;0.0;0.0007372127918961513;0.0;0.0;0.0;0.0;0.0;5.664049493402961e-13;0.33975598873021196;8.834957264034801e-6;0.26111873589332696;-0.6008905362200689;0.0;0.0;0.0;0.0;0.0;57.83774806894497;151.58643487747605;74.54985233817102;204.98534978157852;-21.576389476972118
1604.0;0.0;1.3726041799977254e-6;0.0;0.0007372127918961513;0.0;0.0;0.0;0.0;0.0;5.664049493402961e-13;0.33975598873021196;8.834957264034801e-6;0.26111873589332696;-0.6008905362200689;0.0;0.0;0.0;0.0;0.0;57.83774806894497;151.58643487747605;74.54985233817102;204.98534978157852;-21.576389476972118
1605.0;0.0;1.3726041799977254e-6;0.0;0.0007372127918961513;0.0;0.0;0.0;0.0;0.0;5.664049493402961e-13;0.33975598873021196;8.834957264034801e-6;0.26111873589332696;-0.6008905362200689;0.0;0.0;0.0;0.0;0.0;57.83774806894497;151.58643487747605;74.54985233817102;204.98534978157852;-21.576389476972118
1606.0;0.0;1.3726041799977254e-6;0.0;0.0007372127918961513;0.0;0.0;0.0;0.0;0.0;5.664049493402961e-13;0.33975598873021196;8.834957264034801e-6;0.26111873589332696;-0.6008905362200689;0.0;0.0;0.0;0.0;0.0;57.83774806894497;151.58643487747605;74.54985233817102;204.98534978157852;-21.576389476972118
1607.0;0.0;1.3726041799977254e-6;0.0;0.0007372127918961513;0.0;0.0;0.0;0.0;0.0;5.664049493402961e-13;0.33975598873021196;8.834957264034801e-6;0.26111873589332696;-0.6008905362200689;0.0;0.0;0.0;0.0;0.0;57.83774806894497;151.58643487747605;74.54985233817102;204.98534978157852;-21.576389476972118
1608.0;0.0;1.3726041799977254e-6;0.0;0.0007372127918961513;0.0;0.0;0.0;0.0;0.0;5.664049493402961e-13;0.33975598873021196;8.834957264034801e-6;0.26111873589332696;-0.6008905362200689;0.0;0.0;0.0;0.0;0.0;57.83774806894497;151.58643487747605;74.54985233817102;204.98534978157852;-21.576389476972118
1609.0;0.0;1.4121760337928593e-6;0.0;0.0007372127918961513;0.0;0.0;0.0;0.0;0.0;5.664049228150954e-13;0.5009979820068943;5.478126691779535e-6;0.4087397355507282;-0.909746902255786;0.0;0.0;0.0;0.0;0.0;57.83774806894497;151.58643487747605;74.54985233817102;204.98534978157852;-21.576389476972118
1610.0;0.0;1.4121760337928593e-6;0.0;0.0007372127918961513;0.0;0.0;0.0;0.0;0.0;5.664049228150954e-13;0.5009979820068943;5.478126691779535e-6;0.4087397355507282;-0.909746902255786;0.0;0.0;0.0;0.0;0.0;57.83774806894497;151.58643487747605;74.54985233817102;204.98534978157852;-21.576389476972118
1611.0;0.0;1.4121760337928593e-6;0.0;0.0007372127918961513;0.0;0.0;0.0;0.0;0.0;5.664049228150954e-13;0.5009979820068943;5.478126691779535e-6;0.4087397355507282;-0.909746902255786;0.0;0.0;0.0;0.0;0.0;57.83774806894497;151.58643487747605;74.54985233817102;204.98534978157852;-21.576389476972118
1612.0;0.0;1.4121760337928593e-6;0.0;0.0007372127918961513;0.0;0.0;0.0;0.0;0.0;5.664049228150954e-13;0.5009979820068943;5.478126691779535e-6;0.4087397355507282;-0.909746902255786;0.0;0.0;0.0;0.0;0.0;57.83774806894497;151.58643487747605;74.54985233817102;204.98534978157852;-21.576389476972118
1613.0;0.0;1.4121760337928593e-6;0.0;0.0007372127918961513;0.0;0.0;0.0;0.0;0.0;5.664049228150954e-13;0.5009979820068943;5.478126691779535e-6;0.4087397355507282;-0.909746902255786;0.0;0.0;0.0;0.0;0.0;57.83774806894497;151.58643487747605;74.54985233817102;204.98534978157852;-21.576389476972118
1614.0;0.0;1.4121760337928593e-6;0.0;0.0007372127918961513;0.0;0.0;0.0;0.0;0.0;5.664049228150954e-13;0.5009979820068943;5.478126691779535e-6;0.4087397355507282;-0.909746902255786;0.0;0.0;0.0;0.0;0.0;57.83774806894497;151.58643487747605;74.54985233817102;204.98534978157852;-21.576389476972118
1615.0;0.0;1.4121760337928593e-6;0.0;0.0007372127918961513;0.0;0.0;0.0;0.0;0.0;5.664049228150954e-13;0.5009979820068943;5.478126691779535e-6;0.4087397355507282;-0.909746902255786;0.0;0.0;0.0;0.0;0.0;57.83774806894497;151.58643487747605;74.54985233817102;204.98534978157852;-21.576389476972118
1616.0;0.0;1.4121760337928593e-6;0.0;0.0007372127918961513;0.0;0.0;0.0;0.0;0.0;5.664049228150954e-13;0.5009979820068943;5.478126691779535e-6;0.4087397355507282;-0.909746902255786;0.0;0.0;0.0;0.0;0.0;57.83774806894497;151.58643487747605;74.54985233817102;204.98534978157852;-21.576389476972118
1617.0;0.0;1.4121760337928593e-6;0.0;0.0007372127918961513;0.0;0.0;0.0;0.0;0.0;5.664049228150954e-13;0.5009979820068943;5.478126691779535e-6;0.4087397355507282;-0.909746902255786;0.0;0.0;0.0;0.0;0.0;57.83774806894497;151.58643487747605;74.54985233817102;204.98534978157852;-21.576389476972118
1618.0;0.0;1.4121760337928593e-6;0.0;0.0007372127918961513;0.0;0.0;0.0;0.0;0.0;5.664049228150954e-13;0.5009979820068943;5.478126691779535e-6;0.4087397355507282;-0.909746902255786;0.0;0.0;0.0;0.0;0.0;57.83774806894497;151.58643487747605;74.54985233817102;204.98534978157852;-21.576389476972118
1619.0;0.0;1.4121760337928593e-6;0.0;0.0007372127918961513;0.0;0.0;0.0;0.0;0.0;5.664049228150954e-13;0.5009979820068943;5.478126691779535e-6;0.4087397355507282;-0.909746902255786;0.0;0.0;0.0;0.0;0.0;57.83774806894497;151.58643487747605;74.54985233817102;204.98534978157852;-21.576389476972118
1620.0;0.0;1.4121760337928593e-6;0.0;0.0007372127918961513;0.0;0.0;0.0;0.0;0.0;5.664049228150954e-13;0.5009979820068943;5.478126691779535e-6;0.4087397355507282;-0.909746902255786;0.0;0.0;0.0;0.0;0.0;57.83774806894497;151.58643487747605;74.54985233817102;204.98534978157852;-21.576389476972118
1621.0;0.0;1.4121760337928593e-6;0.0;0.0007372127918961513;0.0;0.0;0.0;0.0;0.0;5.664049228150954e-13;0.5009979820068943;5.478126691779535e-6;0.4087397355507282;-0.909746902255786;0.0;0.0;0.0;0.0;0.0;57.83774806894497;151.58643487747605;74.54985233817102;204.98534978157852;-21.576389476972118
1622.0;0.0;1.4121760337928593e-6;0.0;0.0007372127918961513;0.0;0.0;0.0;0.0;0.0;5.664049228150954e-13;0.5009979820068943;5.478126691779535e-6;0.4087397355507282;-0.909746902255786;0.0;0.0;0.0;0.0;0.0;57.83774806894497;151.58643487747605;74.54985233817102;204.98534978157852;-21.576389476972118
1623.0;0.0;1.4121760337928593e-6;0.0;0.0007372127918961513;0.0;0.0;0.0;0.0;0.0;5.664049228150954e-13;0.5009979820068943;5.478126691779535e-6;0.4087397355507282;-0.909746902255786;0.0;0.0;0.0;0.0;0.0;57.83774806894497;151.58643487747605;74.54985233817102;204.98534978157852;-21.576389476972118
1624.0;0.0;1.4121760337928593e-6;0.0;0.0007372127918961513;0.0;0.0;0.0;0.0;0.0;5.664049228150954e-13;0.5009979820068943;5.478126691779535e-6;0.4087397355507282;-0.909746902255786;0.0;0.0;0.0;0.0;0.0;57.83774806894497;151.58643487747605;74.54985233817102;204.98534978157852;-21.576389476972118
1625.0;0.0;1.4121760337928593e-6;0.0;0.0007372127918961513;0.0;0.0;0.0;0.0;0.0;5.664049228150954e-13;0.5009979820068943;5.478126691779535e-6;0.4087397355507282;-0.909746902255786;0.0;0.0;0.0;0.0;0.0;57.83774806894497;151.58643487747605;74.54985233817102;204.98534978157852;-21.576389476972118
1626.0;0.0;1.4121760337928593e-6;0.0;0.0007372127918961513;0.0;0.0;0.0;0.0;0.0;5.664049228150954e-13;0.5009979820068943;5.478126691779535e-6;0.4087397355507282;-0.909746902255786;0.0;0.0;0.0;0.0;0.0;57.83774806894497;151.58643487747605;74.54985233817102;204.98534978157852;-21.576389476972118
1627.0;0.0;1.4121760337928593e-6;0.0;0.0007372127918961513;0.0;0.0;0.0;0.0;0.0;5.664049228150954e-13;0.5009979820068943;5.478126691779535e-6;0.4087397355507282;-0.909746902255786;0.0;0.0;0.0;0.0;0.0;57.83774806894497;151.58643487747605;74.54985233817102;204.98534978157852;-21.576389476972118
1628.0;0.0;1.4121760337928593e-6;0.0;0.0007372127918961513;0.0;0.0;0.0;0.0;0.0;5.664049228150954e-13;0.5009979820068943;5.478126691779535e-6;0.4087397355507282;-0.909746902255786;0.0;0.0;0.0;0.0;0.0;57.83774806894497;151.58643487747605;74.54985233817102;204.98534978157852;-21.576389476972118
1629.0;0.0;1.4121760337928593e-6;0.0;0.0007372127918961513;0.0;0.0;0.0;0.0;0.0;5.664049228150954e-13;0.5009979820068943;5.478126691779535e-6;0.4087397355507282;-0.909746902255786;0.0;0.0;0.0;0.0;0.0;57.83774806894497;151.58643487747605;74.54985233817102;204.98534978157852;-21.576389476972118
1630.0;0.0;1.4121760337928593e-6;0.0;0.0007372127918961513;0.0;0.0;0.0;0.0;0.0;5.664049228150954e-13;0.5009979820068943;5.478126691779535e-6;0.4087397355507282;-0.909746902255786;0.0;0.0;0.0;0.0;0.0;57.83774806894497;151.58643487747605;74.54985233817102;204.98534978157852;-21.576389476972118
1631.0;0.0;1.4121760337928593e-6;0.0;0.0007372127918961513;0.0;0.0;0.0;0.0;0.0;5.664049228150954e-13;0.5009979820068943;5.478126691779535e-6;0.4087397355507282;-0.909746902255786;0.0;0.0;0.0;0.0;0.0;57.83774806894497;151.58643487747605;74.54985233817102;204.98534978157852;-21.576389476972118
1632.0;0.0;1.4121760337928593e-6;0.0;0.0007372127918961513;0.0;0.0;0.0;0.0;0.0;5.664049228150954e-13;0.5009979820068943;5.478126691779535e-6;0.4087397355507282;-0.909746902255786;0.0;0.0;0.0;0.0;0.0;57.83774806894497;151.58643487747605;74.54985233817102;204.98534978157852;-21.576389476972118
1633.0;0.0;1.41271134815409e-6;0.0;0.0007372127918961513;0.0;0.0;0.0;0.0;0.0;5.664049168450227e-13;0.5063177453250434;5.049984685397948e-6;0.368467852127379;-0.8747939298068325;0.0;0.0;0.0;0.0;0.0;57.83774806894497;151.58643487747605;74.54985233817102;204.98534978157852;-21.576389476972118
1634.0;0.0;1.41271134815409e-6;0.0;0.0007372127918961513;0.0;0.0;0.0;0.0;0.0;5.664049168450227e-13;0.5063177453250434;5.049984685397948e-6;0.368467852127379;-0.8747939298068325;0.0;0.0;0.0;0.0;0.0;57.83774806894497;151.58643487747605;74.54985233817102;204.98534978157852;-21.576389476972118
1635.0;0.0;1.41271134815409e-6;0.0;0.0007372127918961513;0.0;0.0;0.0;0.0;0.0;5.664049168450227e-13;0.5063177453250434;5.049984685397948e-6;0.368467852127379;-0.8747939298068325;0.0;0.0;0.0;0.0;0.0;57.83774806894497;151.58643487747605;74.54985233817102;204.98534978157852;-21.576389476972118
1636.0;0.0;1.41271134815409e-6;0.0;0.0007372127918961513;0.0;0.0;0.0;0.0;0.0;5.664049168450227e-13;0.5063177453250434;5.049984685397948e-6;0.368467852127379;-0.8747939298068325;0.0;0.0;0.0;0.0;0.0;57.83774806894497;151.58643487747605;74.54985233817102;204.98534978157852;-21.576389476972118
1637.0;0.0;1.41271134815409e-6;0.0;0.0007372127918961513;0.0;0.0;0.0;0.0;0.0;5.664049168450227e-13;0.5063177453250434;5.049984685397948e-6;0.368467852127379;-0.8747939298068325;0.0;0.0;0.0;0.0;0.0;57.83774806894497;151.58643487747605;74.54985233817102;204.98534978157852;-21.576389476972118
1638.0;0.0;1.41271134815409e-6;0.0;0.0007372127918961513;0.0;0.0;0.0;0.0;0.0;5.664049168450227e-13;0.5063177453250434;5.049984685397948e-6;0.368467852127379;-0.8747939298068325;0.0;0.0;0.0;0.0;0.0;57.83774806894497;151.58643487747605;74.54985233817102;204.98534978157852;-21.576389476972118
1639.0;0.0;1.41271134815409e-6;0.0;0.0007372127918961513;0.0;0.0;0.0;0.0;0.0;5.664049168450227e-13;0.5063177453250434;5.049984685397948e-6;0.368467852127379;-0.8747939298068325;0.0;0.0;0.0;0.0;0.0;57.83774806894497;151.58643487747605;74.54985233817102;204.98534978157852;-21.576389476972118
1640.0;0.0;1.41271134815409e-6;0.0;0.0007372127918961513;0.0;0.0;0.0;0.0;0.0;5.664049168450227e-13;0.5063177453250434;5.049984685397948e-6;0.368467852127379;-0.8747939298068325;0.0;0.0;0.0;0.0;0.0;57.83774806894497;151.58643487747605;74.54985233817102;204.98534978157852;-21.576389476972118
1641.0;0.0;1.41271134815409e-6;0.0;0.0007372127918961513;0.0;0.0;0.0;0.0;0.0;5.664049168450227e-13;0.5063177453250434;5.049984685397948e-6;0.368467852127379;-0.8747939298068325;0.0;0.0;0.0;0.0;0.0;57.83774806894497;151.58643487747605;74.54985233817102;204.98534978157852;-21.576389476972118
1642.0;0.0;1.41271134815409e-6;0.0;0.0007372127918961513;0.0;0.0;0.0;0.0;0.0;5.664049168450227e-13;0.5063177453250434;5.049984685397948e-6;0.368467852127379;-0.8747939298068325;0.0;0.0;0.0;0.0;0.0;57.83774806894497;151.58643487747605;74.54985233817102;204.98534978157852;-21.576389476972118
1643.0;0.0;1.41271134815409e-6;0.0;0.0007372127918961513;0.0;0.0;0.0;0.0;0.0;5.664049168450227e-13;0.5063177453250434;5.049984685397948e-6;0.368467852127379;-0.8747939298068325;0.0;0.0;0.0;0.0;0.0;57.83774806894497;151.58643487747605;74.54985233817102;204.98534978157852;-21.576389476972118
1644.0;0.0;1.41271134815409e-6;0.0;0.0007372127918961513;0.0;0.0;0.0;0.0;0.0;5.664049168450227e-13;0.5063177453250434;5.049984685397948e-6;0.368467852127379;-0.8747939298068325;0.0;0.0;0.0;0.0;0.0;57.83774806894497;151.58643487747605;74.54985233817102;204.98534978157852;-21.576389476972118
1645.0;0.0;1.41271134815409e-6;0.0;0.0007372127918961513;0.0;0.0;0.0;0.0;0.0;5.664049168450227e-13;0.5063177453250434;5.049984685397948e-6;0.368467852127379;-0.8747939298068325;0.0;0.0;0.0;0.0;0.0;57.83774806894497;151.58643487747605;74.54985233817102;204.98534978157852;-21.576389476972118
1646.0;0.0;1.41271134815409e-6;0.0;0.0007372127918961513;0.0;0.0;0.0;0.0;0.0;5.664049168450227e-13;0.5063177453250434;5.049984685397948e-6;0.368467852127379;-0.8747939298068325;0.0;0.0;0.0;0.0;0.0;57.83774806894497;151.58643487747605;74.54985233817102;204.98534978157852;-21.576389476972118
1647.0;0.0;1.41271134815409e-6;0.0;0.0007372127918961513;0.0;0.0;0.0;0.0;0.0;5.664049168450227e-13;0.5063177453250434;5.049984685397948e-6;0.368467852127379;-0.8747939298068325;0.0;0.0;0.0;0.0;0.0;57.83774806894497;151.58643487747605;74.54985233817102;204.98534978157852;-21.576389476972118
1648.0;0.0;1.41271134815409e-6;0.0;0.0007372127918961513;0.0;0.0;0.0;0.0;0.0;5.664049168450227e-13;0.5063177453250434;5.049984685397948e-6;0.368467852127379;-0.8747939298068325;0.0;0.0;0.0;0.0;0.0;57.83774806894497;151.58643487747605;74.54985233817102;204.98534978157852;-21.576389476972118
1649.0;0.0;1.41271134815409e-6;0.0;0.0007372127918961513;0.0;0.0;0.0;0.0;0.0;5.664049168450227e-13;0.5063177453250434;5.049984685397948e-6;0.368467852127379;-0.8747939298068325;0.0;0.0;0.0;0.0;0.0;57.83774806894497;151.58643487747605;74.54985233817102;204.98534978157852;-21.576389476972118
1650.0;0.0;1.41271134815409e-6;0.0;0.0007372127918961513;0.0;0.0;0.0;0.0;0.0;5.664049168450227e-13;0.5063177453250434;5.049984685397948e-6;0.368467852127379;-0.8747939298068325;0.0;0.0;0.0;0.0;0.0;57.83774806894497;151.58643487747605;74.54985233817102;204.98534978157852;-21.576389476972118
1651.0;0.0;1.41271134815409e-6;0.0;0.0007372127918961513;0.0;0.0;0.0;0.0;0.0;5.664049168450227e-13;0.5063177453250434;5.049984685397948e-6;0.368467852127379;-0.8747939298068325;0.0;0.0;0.0;0.0;0.0;57.83774806894497;151.58643487747605;74.54985233817102;204.98534978157852;-21.576389476972118
1652.0;0.0;1.41271134815409e-6;0.0;0.0007372127918961513;0.0;0.0;0.0;0.0;0.0;5.664049168450227e-13;0.5063177453250434;5.049984685397948e-6;0.368467852127379;-0.8747939298068325;0.0;0.0;0.0;0.0;0.0;57.83774806894497;151.58643487747605;74.54985233817102;204.98534978157852;-21.576389476972118
1653.0;0.0;1.41271134815409e-6;0.0;0.0007372127918961513;0.0;0.0;0.0;0.0;0.0;5.664049168450227e-13;0.5063177453250434;5.049984685397948e-6;0.368467852127379;-0.8747939298068325;0.0;0.0;0.0;0.0;0.0;57.83774806894497;151.58643487747605;74.54985233817102;204.98534978157852;-21.576389476972118
1654.0;0.0;1.41271134815409e-6;0.0;0.0007372127918961513;0.0;0.0;0.0;0.0;0.0;5.664049168450227e-13;0.5063177453250434;5.049984685397948e-6;0.368467852127379;-0.8747939298068325;0.0;0.0;0.0;0.0;0.0;57.83774806894497;151.58643487747605;74.54985233817102;204.98534978157852;-21.576389476972118
1655.0;0.0;1.41271134815409e-6;0.0;0.0007372127918961513;0.0;0.0;0.0;0.0;0.0;5.664049168450227e-13;0.5063177453250434;5.049984685397948e-6;0.368467852127379;-0.8747939298068325;0.0;0.0;0.0;0.0;0.0;57.83774806894497;151.58643487747605;74.54985233817102;204.98534978157852;-21.576389476972118
1656.0;0.0;1.41271134815409e-6;0.0;0.0007372127918961513;0.0;0.0;0.0;0.0;0.0;5.664049168450227e-13;0.5063177453250434;5.049984685397948e-6;0.368467852127379;-0.8747939298068325;0.0;0.0;0.0;0.0;0.0;57.83774806894497;151.58643487747605;74.54985233817102;204.98534978157852;-21.576389476972118
1657.0;0.0;1.4566344465043054e-6;0.0;0.0007372127918961513;0.0;0.0;0.0;0.0;0.0;5.664049324081158e-13;0.13070035309882658;5.671543596407546e-6;0.13071279408832692;-0.2614231929499789;0.0;0.0;0.0;0.0;0.0;57.83774806894497;151.58643487747605;74.54985233817102;204.98534978157852;-21.576389476972118
1658.0;0.0;1.4566344465043054e-6;0.0;0.0007372127918961513;0.0;0.0;0.0;0.0;0.0;5.664049324081158e-13;0.13070035309882658;5.671543596407546e-6;0.13071279408832692;-0.2614231929499789;0.0;0.0;0.0;0.0;0.0;57.83774806894497;151.58643487747605;74.54985233817102;204.98534978157852;-21.576389476972118
1659.0;0.0;1.4566344465043054e-6;0.0;0.0007372127918961513;0.0;0.0;0.0;0.0;0.0;5.664049324081158e-13;0.13070035309882658;5.671543596407546e-6;0.13071279408832692;-0.2614231929499789;0.0;0.0;0.0;0.0;0.0;57.83774806894497;151.58643487747605;74.54985233817102;204.98534978157852;-21.576389476972118
1660.0;0.0;1.4566344465043054e-6;0.0;0.0007372127918961513;0.0;0.0;0.0;0.0;0.0;5.664049324081158e-13;0.13070035309882658;5.671543596407546e-6;0.13071279408832692;-0.2614231929499789;0.0;0.0;0.0;0.0;0.0;57.83774806894497;151.58643487747605;74.54985233817102;204.98534978157852;-21.576389476972118
1661.0;0.0;1.4566344465043054e-6;0.0;0.0007372127918961513;0.0;0.0;0.0;0.0;0.0;5.664049324081158e-13;0.13070035309882658;5.671543596407546e-6;0.13071279408832692;-0.2614231929499789;0.0;0.0;0.0;0.0;0.0;57.83774806894497;151.58643487747605;74.54985233817102;204.98534978157852;-21.576389476972118
1662.0;0.0;1.4566344465043054e-6;0.0;0.0007372127918961513;0.0;0.0;0.0;0.0;0.0;5.664049324081158e-13;0.13070035309882658;5.671543596407546e-6;0.13071279408832692;-0.2614231929499789;0.0;0.0;0.0;0.0;0.0;57.83774806894497;151.58643487747605;74.54985233817102;204.98534978157852;-21.576389476972118
1663.0;0.0;1.4566344465043054e-6;0.0;0.0007372127918961513;0.0;0.0;0.0;0.0;0.0;5.664049324081158e-13;0.13070035309882658;5.671543596407546e-6;0.13071279408832692;-0.2614231929499789;0.0;0.0;0.0;0.0;0.0;57.83774806894497;151.58643487747605;74.54985233817102;204.98534978157852;-21.576389476972118
1664.0;0.0;1.4566344465043054e-6;0.0;0.0007372127918961513;0.0;0.0;0.0;0.0;0.0;5.664049324081158e-13;0.13070035309882658;5.671543596407546e-6;0.13071279408832692;-0.2614231929499789;0.0;0.0;0.0;0.0;0.0;57.83774806894497;151.58643487747605;74.54985233817102;204.98534978157852;-21.576389476972118
1665.0;0.0;1.4566344465043054e-6;0.0;0.0007372127918961513;0.0;0.0;0.0;0.0;0.0;5.664049324081158e-13;0.13070035309882658;5.671543596407546e-6;0.13071279408832692;-0.2614231929499789;0.0;0.0;0.0;0.0;0.0;57.83774806894497;151.58643487747605;74.54985233817102;204.98534978157852;-21.576389476972118
1666.0;0.0;1.4566344465043054e-6;0.0;0.0007372127918961513;0.0;0.0;0.0;0.0;0.0;5.664049324081158e-13;0.13070035309882658;5.671543596407546e-6;0.13071279408832692;-0.2614231929499789;0.0;0.0;0.0;0.0;0.0;57.83774806894497;151.58643487747605;74.54985233817102;204.98534978157852;-21.576389476972118
1667.0;0.0;1.4566344465043054e-6;0.0;0.0007372127918961513;0.0;0.0;0.0;0.0;0.0;5.664049324081158e-13;0.13070035309882658;5.671543596407546e-6;0.13071279408832692;-0.2614231929499789;0.0;0.0;0.0;0.0;0.0;57.83774806894497;151.58643487747605;74.54985233817102;204.98534978157852;-21.576389476972118
1668.0;0.0;1.4566344465043054e-6;0.0;0.0007372127918961513;0.0;0.0;0.0;0.0;0.0;5.664049324081158e-13;0.13070035309882658;5.671543596407546e-6;0.13071279408832692;-0.2614231929499789;0.0;0.0;0.0;0.0;0.0;57.83774806894497;151.58643487747605;74.54985233817102;204.98534978157852;-21.576389476972118
1669.0;0.0;1.4566344465043054e-6;0.0;0.0007372127918961513;0.0;0.0;0.0;0.0;0.0;5.664049324081158e-13;0.13070035309882658;5.671543596407546e-6;0.13071279408832692;-0.2614231929499789;0.0;0.0;0.0;0.0;0.0;57.83774806894497;151.58643487747605;74.54985233817102;204.98534978157852;-21.576389476972118
1670.0;0.0;1.4566344465043054e-6;0.0;0.0007372127918961513;0.0;0.0;0.0;0.0;0.0;5.664049324081158e-13;0.13070035309882658;5.671543596407546e-6;0.13071279408832692;-0.2614231929499789;0.0;0.0;0.0;0.0;0.0;57.83774806894497;151.58643487747605;74.54985233817102;204.98534978157852;-21.576389476972118
1671.0;0.0;1.4566344465043054e-6;0.0;0.0007372127918961513;0.0;0.0;0.0;0.0;0.0;5.664049324081158e-13;0.13070035309882658;5.671543596407546e-6;0.13071279408832692;-0.2614231929499789;0.0;0.0;0.0;0.0;0.0;57.83774806894497;151.58643487747605;74.54985233817102;204.98534978157852;-21.576389476972118
1672.0;0.0;1.4566344465043054e-6;0.0;0.0007372127918961513;0.0;0.0;0.0;0.0;0.0;5.664049324081158e-13;0.13070035309882658;5.671543596407546e-6;0.13071279408832692;-0.2614231929499789;0.0;0.0;0.0;0.0;0.0;57.83774806894497;151.58643487747605;74.54985233817102;204.98534978157852;-21.576389476972118
1673.0;0.0;1.4566344465043054e-6;0.0;0.0007372127918961513;0.0;0.0;0.0;0.0;0.0;5.664049324081158e-13;0.13070035309882658;5.671543596407546e-6;0.13071279408832692;-0.2614231929499789;0.0;0.0;0.0;0.0;0.0;57.83774806894497;151.58643487747605;74.54985233817102;204.98534978157852;-21.576389476972118
1674.0;0.0;1.4566344465043054e-6;0.0;0.0007372127918961513;0.0;0.0;0.0;0.0;0.0;5.664049324081158e-13;0.13070035309882658;5.671543596407546e-6;0.13071279408832692;-0.2614231929499789;0.0;0.0;0.0;0.0;0.0;57.83774806894497;151.58643487747605;74.54985233817102;204.98534978157852;-21.576389476972118
1675.0;0.0;1.4566344465043054e-6;0.0;0.0007372127918961513;0.0;0.0;0.0;0.0;0.0;5.664049324081158e-13;0.13070035309882658;5.671543596407546e-6;0.13071279408832692;-0.2614231929499789;0.0;0.0;0.0;0.0;0.0;57.83774806894497;151.58643487747605;74.54985233817102;204.98534978157852;-21.576389476972118
1676.0;0.0;1.4566344465043054e-6;0.0;0.0007372127918961513;0.0;0.0;0.0;0.0;0.0;5.664049324081158e-13;0.13070035309882658;5.671543596407546e-6;0.13071279408832692;-0.2614231929499789;0.0;0.0;0.0;0.0;0.0;57.83774806894497;151.58643487747605;74.54985233817102;204.98534978157852;-21.576389476972118
1677.0;0.0;1.4566344465043054e-6;0.0;0.0007372127918961513;0.0;0.0;0.0;0.0;0.0;5.664049324081158e-13;0.13070035309882658;5.671543596407546e-6;0.13071279408832692;-0.2614231929499789;0.0;0.0;0.0;0.0;0.0;57.83774806894497;151.58643487747605;74.54985233817102;204.98534978157852;-21.576389476972118
1678.0;0.0;1.4566344465043054e-6;0.0;0.0007372127918961513;0.0;0.0;0.0;0.0;0.0;5.664049324081158e-13;0.13070035309882658;5.671543596407546e-6;0.13071279408832692;-0.2614231929499789;0.0;0.0;0.0;0.0;0.0;57.83774806894497;151.58643487747605;74.54985233817102;204.98534978157852;-21.576389476972118
1679.0;0.0;1.4566344465043054e-6;0.0;0.0007372127918961513;0.0;0.0;0.0;0.0;0.0;5.664049324081158e-13;0.13070035309882658;5.671543596407546e-6;0.13071279408832692;-0.2614231929499789;0.0;0.0;0.0;0.0;0.0;57.83774806894497;151.58643487747605;74.54985233817102;204.98534978157852;-21.576389476972118
1680.0;0.0;1.4566344465043054e-6;0.0;0.0007372127918961513;0.0;0.0;0.0;0.0;0.0;5.664049324081158e-13;0.13070035309882658;5.671543596407546e-6;0.13071279408832692;-0.2614231929499789;0.0;0.0;0.0;0.0;0.0;57.83774806894497;151.58643487747605;74.54985233817102;204.98534978157852;-21.576389476972118
1681.0;0.0;1.395538709444588e-6;0.0;0.0007372127918961513;0.0;0.0;0.0;0.0;0.0;5.664049199042468e-13;0.5104762402376252;5.447315707394579e-6;0.5104762308536867;-1.0209614105769578;0.0;0.0;0.0;0.0;0.0;57.83774806894497;151.58643487747605;74.54985233817102;204.98534978157852;-21.576389476972118
1682.0;0.0;1.395538709444588e-6;0.0;0.0007372127918961513;0.0;0.0;0.0;0.0;0.0;5.664049199042468e-13;0.5104762402376252;5.447315707394579e-6;0.5104762308536867;-1.0209614105769578;0.0;0.0;0.0;0.0;0.0;57.83774806894497;151.58643487747605;74.54985233817102;204.98534978157852;-21.576389476972118
1683.0;0.0;1.395538709444588e-6;0.0;0.0007372127918961513;0.0;0.0;0.0;0.0;0.0;5.664049199042468e-13;0.5104762402376252;5.447315707394579e-6;0.5104762308536867;-1.0209614105769578;0.0;0.0;0.0;0.0;0.0;57.83774806894497;151.58643487747605;74.54985233817102;204.98534978157852;-21.576389476972118
1684.0;0.0;1.395538709444588e-6;0.0;0.0007372127918961513;0.0;0.0;0.0;0.0;0.0;5.664049199042468e-13;0.5104762402376252;5.447315707394579e-6;0.5104762308536867;-1.0209614105769578;0.0;0.0;0.0;0.0;0.0;57.83774806894497;151.58643487747605;74.54985233817102;204.98534978157852;-21.576389476972118
1685.0;0.0;1.395538709444588e-6;0.0;0.0007372127918961513;0.0;0.0;0.0;0.0;0.0;5.664049199042468e-13;0.5104762402376252;5.447315707394579e-6;0.5104762308536867;-1.0209614105769578;0.0;0.0;0.0;0.0;0.0;57.83774806894497;151.58643487747605;74.54985233817102;204.98534978157852;-21.576389476972118
1686.0;0.0;1.395538709444588e-6;0.0;0.0007372127918961513;0.0;0.0;0.0;0.0;0.0;5.664049199042468e-13;0.5104762402376252;5.447315707394579e-6;0.5104762308536867;-1.0209614105769578;0.0;0.0;0.0;0.0;0.0;57.83774806894497;151.58643487747605;74.54985233817102;204.98534978157852;-21.576389476972118
1687.0;0.0;1.395538709444588e-6;0.0;0.0007372127918961513;0.0;0.0;0.0;0.0;0.0;5.664049199042468e-13;0.5104762402376252;5.447315707394579e-6;0.5104762308536867;-1.0209614105769578;0.0;0.0;0.0;0.0;0.0;57.83774806894497;151.58643487747605;74.54985233817102;204.98534978157852;-21.576389476972118
1688.0;0.0;1.395538709444588e-6;0.0;0.0007372127918961513;0.0;0.0;0.0;0.0;0.0;5.664049199042468e-13;0.5104762402376252;5.447315707394579e-6;0.5104762308536867;-1.0209614105769578;0.0;0.0;0.0;0.0;0.0;57.83774806894497;151.58643487747605;74.54985233817102;204.98534978157852;-21.576389476972118
1689.0;0.0;1.395538709444588e-6;0.0;0.0007372127918961513;0.0;0.0;0.0;0.0;0.0;5.664049199042468e-13;0.5104762402376252;5.447315707394579e-6;0.5104762308536867;-1.0209614105769578;0.0;0.0;0.0;0.0;0.0;57.83774806894497;151.58643487747605;74.54985233817102;204.98534978157852;-21.576389476972118
1690.0;0.0;1.395538709444588e-6;0.0;0.0007372127918961513;0.0;0.0;0.0;0.0;0.0;5.664049199042468e-13;0.5104762402376252;5.447315707394579e-6;0.5104762308536867;-1.0209614105769578;0.0;0.0;0.0;0.0;0.0;57.83774806894497;151.58643487747605;74.54985233817102;204.98534978157852;-21.576389476972118
1691.0;0.0;1.395538709444588e-6;0.0;0.0007372127918961513;0.0;0.0;0.0;0.0;0.0;5.664049199042468e-13;0.5104762402376252;5.447315707394579e-6;0.5104762308536867;-1.0209614105769578;0.0;0.0;0.0;0.0;0.0;57.83774806894497;151.58643487747605;74.54985233817102;204.98534978157852;-21.576389476972118
1692.0;0.0;1.395538709444588e-6;0.0;0.0007372127918961513;0.0;0.0;0.0;0.0;0.0;5.664049199042468e-13;0.5104762402376252;5.447315707394579e-6;0.5104762308536867;-1.0209614105769578;0.0;0.0;0.0;0.0;0.0;57.83774806894497;151.58643487747605;74.54985233817102;204.98534978157852;-21.576389476972118
1693.0;0.0;1.395538709444588e-6;0.0;0.0007372127918961513;0.0;0.0;0.0;0.0;0.0;5.664049199042468e-13;0.5104762402376252;5.447315707394579e-6;0.5104762308536867;-1.0209614105769578;0.0;0.0;0.0;0.0;0.0;57.83774806894497;151.58643487747605;74.54985233817102;204.98534978157852;-21.576389476972118
1694.0;0.0;1.395538709444588e-6;0.0;0.0007372127918961513;0.0;0.0;0.0;0.0;0.0;5.664049199042468e-13;0.5104762402376252;5.447315707394579e-6;0.5104762308536867;-1.0209614105769578;0.0;0.0;0.0;0.0;0.0;57.83774806894497;151.58643487747605;74.54985233817102;204.98534978157852;-21.576389476972118
1695.0;0.0;1.395538709444588e-6;0.0;0.0007372127918961513;0.0;0.0;0.0;0.0;0.0;5.664049199042468e-13;0.5104762402376252;5.447315707394579e-6;0.5104762308536867;-1.0209614105769578;0.0;0.0;0.0;0.0;0.0;57.83774806894497;151.58643487747605;74.54985233817102;204.98534978157852;-21.576389476972118
1696.0;0.0;1.395538709444588e-6;0.0;0.0007372127918961513;0.0;0.0;0.0;0.0;0.0;5.664049199042468e-13;0.5104762402376252;5.447315707394579e-6;0.5104762308536867;-1.0209614105769578;0.0;0.0;0.0;0.0;0.0;57.83774806894497;151.58643487747605;74.54985233817102;204.98534978157852;-21.576389476972118
1697.0;0.0;1.395538709444588e-6;0.0;0.0007372127918961513;0.0;0.0;0.0;0.0;0.0;5.664049199042468e-13;0.5104762402376252;5.447315707394579e-6;0.5104762308536867;-1.0209614105769578;0.0;0.0;0.0;0.0;0.0;57.83774806894497;151.58643487747605;74.54985233817102;204.98534978157852;-21.576389476972118
1698.0;0.0;1.395538709444588e-6;0.0;0.0007372127918961513;0.0;0.0;0.0;0.0;0.0;5.664049199042468e-13;0.5104762402376252;5.447315707394579e-6;0.5104762308536867;-1.0209614105769578;0.0;0.0;0.0;0.0;0.0;57.83774806894497;151.58643487747605;74.54985233817102;204.98534978157852;-21.576389476972118
1699.0;0.0;1.395538709444588e-6;0.0;0.0007372127918961513;0.0;0.0;0.0;0.0;0.0;5.664049199042468e-13;0.5104762402376252;5.447315707394579e-6;0.5104762308536867;-1.0209614105769578;0.0;0.0;0.0;0.0;0.0;57.83774806894497;151.58643487747605;74.54985233817102;204.98534978157852;-21.576389476972118
1700.0;0.0;1.395538709444588e-6;0.0;0.0007372127918961513;0.0;0.0;0.0;0.0;0.0;5.664049199042468e-13;0.5104762402376252;5.447315707394579e-6;0.5104762308536867;-1.0209614105769578;0.0;0.0;0.0;0.0;0.0;57.83774806894497;151.58643487747605;74.54985233817102;204.98534978157852;-21.576389476972118
1701.0;0.0;1.395538709444588e-6;0.0;0.0007372127918961513;0.0;0.0;0.0;0.0;0.0;5.664049199042468e-13;0.5104762402376252;5.447315707394579e-6;0.5104762308536867;-1.0209614105769578;0.0;0.0;0.0;0.0;0.0;57.83774806894497;151.58643487747605;74.54985233817102;204.98534978157852;-21.576389476972118
1702.0;0.0;1.395538709444588e-6;0.0;0.0007372127918961513;0.0;0.0;0.0;0.0;0.0;5.664049199042468e-13;0.5104762402376252;5.447315707394579e-6;0.5104762308536867;-1.0209614105769578;0.0;0.0;0.0;0.0;0.0;57.83774806894497;151.58643487747605;74.54985233817102;204.98534978157852;-21.576389476972118
1703.0;0.0;1.395538709444588e-6;0.0;0.0007372127918961513;0.0;0.0;0.0;0.0;0.0;5.664049199042468e-13;0.5104762402376252;5.447315707394579e-6;0.5104762308536867;-1.0209614105769578;0.0;0.0;0.0;0.0;0.0;57.83774806894497;151.58643487747605;74.54985233817102;204.98534978157852;-21.576389476972118
1704.0;0.0;1.395538709444588e-6;0.0;0.0007372127918961513;0.0;0.0;0.0;0.0;0.0;5.664049199042468e-13;0.5104762402376252;5.447315707394579e-6;0.5104762308536867;-1.0209614105769578;0.0;0.0;0.0;0.0;0.0;57.83774806894497;151.58643487747605;74.54985233817102;204.98534978157852;-21.576389476972118
1705.0;0.0;1.3832015105536965e-6;0.0;0.0007372127918961513;0.0;0.0;0.0;0.0;0.0;5.664049443783498e-13;0.7888523520650259;8.011864668928949e-6;1.1393571415820543;-1.9282236071129049;0.0;0.0;0.0;0.0;0.0;57.83774806894497;151.58643487747605;74.54985233817102;204.98534978157852;-21.576389476972118
1706.0;0.0;1.3832015105536965e-6;0.0;0.0007372127918961513;0.0;0.0;0.0;0.0;0.0;5.664049443783498e-13;0.7888523520650259;8.011864668928949e-6;1.1393571415820543;-1.9282236071129049;0.0;0.0;0.0;0.0;0.0;57.83774806894497;151.58643487747605;74.54985233817102;204.98534978157852;-21.576389476972118
1707.0;0.0;1.3832015105536965e-6;0.0;0.0007372127918961513;0.0;0.0;0.0;0.0;0.0;5.664049443783498e-13;0.7888523520650259;8.011864668928949e-6;1.1393571415820543;-1.9282236071129049;0.0;0.0;0.0;0.0;0.0;57.83774806894497;151.58643487747605;74.54985233817102;204.98534978157852;-21.576389476972118
1708.0;0.0;1.3832015105536965e-6;0.0;0.0007372127918961513;0.0;0.0;0.0;0.0;0.0;5.664049443783498e-13;0.7888523520650259;8.011864668928949e-6;1.1393571415820543;-1.9282236071129049;0.0;0.0;0.0;0.0;0.0;57.83774806894497;151.58643487747605;74.54985233817102;204.98534978157852;-21.576389476972118
1709.0;0.0;1.3832015105536965e-6;0.0;0.0007372127918961513;0.0;0.0;0.0;0.0;0.0;5.664049443783498e-13;0.7888523520650259;8.011864668928949e-6;1.1393571415820543;-1.9282236071129049;0.0;0.0;0.0;0.0;0.0;57.83774806894497;151.58643487747605;74.54985233817102;204.98534978157852;-21.576389476972118
1710.0;0.0;1.3832015105536965e-6;0.0;0.0007372127918961513;0.0;0.0;0.0;0.0;0.0;5.664049443783498e-13;0.7888523520650259;8.011864668928949e-6;1.1393571415820543;-1.9282236071129049;0.0;0.0;0.0;0.0;0.0;57.83774806894497;151.58643487747605;74.54985233817102;204.98534978157852;-21.576389476972118
1711.0;0.0;1.3832015105536965e-6;0.0;0.0007372127918961513;0.0;0.0;0.0;0.0;0.0;5.664049443783498e-13;0.7888523520650259;8.011864668928949e-6;1.1393571415820543;-1.9282236071129049;0.0;0.0;0.0;0.0;0.0;57.83774806894497;151.58643487747605;74.54985233817102;204.98534978157852;-21.576389476972118
1712.0;0.0;1.3832015105536965e-6;0.0;0.0007372127918961513;0.0;0.0;0.0;0.0;0.0;5.664049443783498e-13;0.7888523520650259;8.011864668928949e-6;1.1393571415820543;-1.9282236071129049;0.0;0.0;0.0;0.0;0.0;57.83774806894497;151.58643487747605;74.54985233817102;204.98534978157852;-21.576389476972118
1713.0;0.0;1.3832015105536965e-6;0.0;0.0007372127918961513;0.0;0.0;0.0;0.0;0.0;5.664049443783498e-13;0.7888523520650259;8.011864668928949e-6;1.1393571415820543;-1.9282236071129049;0.0;0.0;0.0;0.0;0.0;57.83774806894497;151.58643487747605;74.54985233817102;204.98534978157852;-21.576389476972118
1714.0;0.0;1.3832015105536965e-6;0.0;0.0007372127918961513;0.0;0.0;0.0;0.0;0.0;5.664049443783498e-13;0.7888523520650259;8.011864668928949e-6;1.1393571415820543;-1.9282236071129049;0.0;0.0;0.0;0.0;0.0;57.83774806894497;151.58643487747605;74.54985233817102;204.98534978157852;-21.576389476972118
1715.0;0.0;1.3832015105536965e-6;0.0;0.0007372127918961513;0.0;0.0;0.0;0.0;0.0;5.664049443783498e-13;0.7888523520650259;8.011864668928949e-6;1.1393571415820543;-1.9282236071129049;0.0;0.0;0.0;0.0;0.0;57.83774806894497;151.58643487747605;74.54985233817102;204.98534978157852;-21.576389476972118
1716.0;0.0;1.3832015105536965e-6;0.0;0.0007372127918961513;0.0;0.0;0.0;0.0;0.0;5.664049443783498e-13;0.7888523520650259;8.011864668928949e-6;1.1393571415820543;-1.9282236071129049;0.0;0.0;0.0;0.0;0.0;57.83774806894497;151.58643487747605;74.54985233817102;204.98534978157852;-21.576389476972118
1717.0;0.0;1.3832015105536965e-6;0.0;0.0007372127918961513;0.0;0.0;0.0;0.0;0.0;5.664049443783498e-13;0.7888523520650259;8.011864668928949e-6;1.1393571415820543;-1.9282236071129049;0.0;0.0;0.0;0.0;0.0;57.83774806894497;151.58643487747605;74.54985233817102;204.98534978157852;-21.576389476972118
1718.0;0.0;1.3832015105536965e-6;0.0;0.0007372127918961513;0.0;0.0;0.0;0.0;0.0;5.664049443783498e-13;0.7888523520650259;8.011864668928949e-6;1.1393571415820543;-1.9282236071129049;0.0;0.0;0.0;0.0;0.0;57.83774806894497;151.58643487747605;74.54985233817102;204.98534978157852;-21.576389476972118
1719.0;0.0;1.3832015105536965e-6;0.0;0.0007372127918961513;0.0;0.0;0.0;0.0;0.0;5.664049443783498e-13;0.7888523520650259;8.011864668928949e-6;1.1393571415820543;-1.9282236071129049;0.0;0.0;0.0;0.0;0.0;57.83774806894497;151.58643487747605;74.54985233817102;204.98534978157852;-21.576389476972118
1720.0;0.0;1.3832015105536965e-6;0.0;0.0007372127918961513;0.0;0.0;0.0;0.0;0.0;5.664049443783498e-13;0.7888523520650259;8.011864668928949e-6;1.1393571415820543;-1.9282236071129049;0.0;0.0;0.0;0.0;0.0;57.83774806894497;151.58643487747605;74.54985233817102;204.98534978157852;-21.576389476972118
1721.0;0.0;1.3832015105536965e-6;0.0;0.0007372127918961513;0.0;0.0;0.0;0.0;0.0;5.664049443783498e-13;0.7888523520650259;8.011864668928949e-6;1.1393571415820543;-1.9282236071129049;0.0;0.0;0.0;0.0;0.0;57.83774806894497;151.58643487747605;74.54985233817102;204.98534978157852;-21.576389476972118
1722.0;0.0;1.3832015105536965e-6;0.0;0.0007372127918961513;0.0;0.0;0.0;0.0;0.0;5.664049443783498e-13;0.7888523520650259;8.011864668928949e-6;1.1393571415820543;-1.9282236071129049;0.0;0.0;0.0;0.0;0.0;57.83774806894497;151.58643487747605;74.54985233817102;204.98534978157852;-21.576389476972118
1723.0;0.0;1.3832015105536965e-6;0.0;0.0007372127918961513;0.0;0.0;0.0;0.0;0.0;5.664049443783498e-13;0.7888523520650259;8.011864668928949e-6;1.1393571415820543;-1.9282236071129049;0.0;0.0;0.0;0.0;0.0;57.83774806894497;151.58643487747605;74.54985233817102;204.98534978157852;-21.576389476972118
1724.0;0.0;1.3832015105536965e-6;0.0;0.0007372127918961513;0.0;0.0;0.0;0.0;0.0;5.664049443783498e-13;0.7888523520650259;8.011864668928949e-6;1.1393571415820543;-1.9282236071129049;0.0;0.0;0.0;0.0;0.0;57.83774806894497;151.58643487747605;74.54985233817102;204.98534978157852;-21.576389476972118
1725.0;0.0;1.3832015105536965e-6;0.0;0.0007372127918961513;0.0;0.0;0.0;0.0;0.0;5.664049443783498e-13;0.7888523520650259;8.011864668928949e-6;1.1393571415820543;-1.9282236071129049;0.0;0.0;0.0;0.0;0.0;57.83774806894497;151.58643487747605;74.54985233817102;204.98534978157852;-21.576389476972118
1726.0;0.0;1.3832015105536965e-6;0.0;0.0007372127918961513;0.0;0.0;0.0;0.0;0.0;5.664049443783498e-13;0.7888523520650259;8.011864668928949e-6;1.1393571415820543;-1.9282236071129049;0.0;0.0;0.0;0.0;0.0;57.83774806894497;151.58643487747605;74.54985233817102;204.98534978157852;-21.576389476972118
1727.0;0.0;1.3832015105536965e-6;0.0;0.0007372127918961513;0.0;0.0;0.0;0.0;0.0;5.664049443783498e-13;0.7888523520650259;8.011864668928949e-6;1.1393571415820543;-1.9282236071129049;0.0;0.0;0.0;0.0;0.0;57.83774806894497;151.58643487747605;74.54985233817102;204.98534978157852;-21.576389476972118
1728.0;0.0;1.3832015105536965e-6;0.0;0.0007372127918961513;0.0;0.0;0.0;0.0;0.0;5.664049443783498e-13;0.7888523520650259;8.011864668928949e-6;1.1393571415820543;-1.9282236071129049;0.0;0.0;0.0;0.0;0.0;57.83774806894497;151.58643487747605;74.54985233817102;204.98534978157852;-21.576389476972118
1729.0;0.0;-5.788724184269299e-7;0.0;0.004706162302175856;0.0;0.0;0.0;0.0;0.0;0.0;0.3771155752879201;0.0;2.3771159510989452;-2.7542340603668993;0.0;0.0;0.0;0.0;0.0;51.47693811116552;160.733846388174;71.93383385520612;196.87139350144255;-0.44855728798979855
1730.0;0.0;-5.788724184269299e-7;0.0;0.004706162302175856;0.0;0.0;0.0;0.0;0.0;0.0;0.3771155752879201;0.0;2.3771159510989452;-2.7542340603668993;0.0;0.0;0.0;0.0;0.0;51.47693811116552;160.733846388174;71.93383385520612;196.87139350144255;-0.44855728798979855
1731.0;0.0;-5.788724184269299e-7;0.0;0.004706162302175856;0.0;0.0;0.0;0.0;0.0;0.0;0.3771155752879201;0.0;2.3771159510989452;-2.7542340603668993;0.0;0.0;0.0;0.0;0.0;51.47693811116552;160.733846388174;71.93383385520612;196.87139350144255;-0.44855728798979855
1732.0;0.0;-5.788724184269299e-7;0.0;0.004706162302175856;0.0;0.0;0.0;0.0;0.0;0.0;0.3771155752879201;0.0;2.3771159510989452;-2.7542340603668993;0.0;0.0;0.0;0.0;0.0;51.47693811116552;160.733846388174;71.93383385520612;196.87139350144255;-0.44855728798979855
1733.0;0.0;-5.788724184269299e-7;0.0;0.004706162302175856;0.0;0.0;0.0;0.0;0.0;0.0;0.3771155752879201;0.0;2.3771159510989452;-2.7542340603668993;0.0;0.0;0.0;0.0;0.0;51.47693811116552;160.733846388174;71.93383385520612;196.87139350144255;-0.44855728798979855
1734.0;0.0;-5.788724184269299e-7;0.0;0.004706162302175856;0.0;0.0;0.0;0.0;0.0;0.0;0.3771155752879201;0.0;2.3771159510989452;-2.7542340603668993;0.0;0.0;0.0;0.0;0.0;51.47693811116552;160.733846388174;71.93383385520612;196.87139350144255;-0.44855728798979855
1735.0;0.0;-5.788724184269299e-7;0.0;0.004706162302175856;0.0;0.0;0.0;0.0;0.0;0.0;0.3771155752879201;0.0;2.3771159510989452;-2.7542340603668993;0.0;0.0;0.0;0.0;0.0;51.47693811116552;160.733846388174;71.93383385520612;196.87139350144255;-0.44855728798979855
1736.0;0.0;-5.788724184269299e-7;0.0;0.004706162302175856;0.0;0.0;0.0;0.0;0.0;0.0;0.3771155752879201;0.0;2.3771159510989452;-2.7542340603668993;0.0;0.0;0.0;0.0;0.0;51.47693811116552;160.733846388174;71.93383385520612;196.87139350144255;-0.44855728798979855
1737.0;0.0;-5.788724184269299e-7;0.0;0.004706162302175856;0.0;0.0;0.0;0.0;0.0;0.0;0.3771155752879201;0.0;2.3771159510989452;-2.7542340603668993;0.0;0.0;0.0;0.0;0.0;51.47693811116552;160.733846388174;71.93383385520612;196.87139350144255;-0.44855728798979855
1738.0;0.0;-5.788724184269299e-7;0.0;0.004706162302175856;0.0;0.0;0.0;0.0;0.0;0.0;0.3771155752879201;0.0;2.3771159510989452;-2.7542340603668993;0.0;0.0;0.0;0.0;0.0;51.47693811116552;160.733846388174;71.93383385520612;196.87139350144255;-0.44855728798979855
1739.0;0.0;-5.788724184269299e-7;0.0;0.004706162302175856;0.0;0.0;0.0;0.0;0.0;0.0;0.3771155752879201;0.0;2.3771159510989452;-2.7542340603668993;0.0;0.0;0.0;0.0;0.0;51.47693811116552;160.733846388174;71.93383385520612;196.87139350144255;-0.44855728798979855
1740.0;0.0;-5.788724184269299e-7;0.0;0.004706162302175856;0.0;0.0;0.0;0.0;0.0;0.0;0.3771155752879201;0.0;2.3771159510989452;-2.7542340603668993;0.0;0.0;0.0;0.0;0.0;51.47693811116552;160.733846388174;71.93383385520612;196.87139350144255;-0.44855728798979855
1741.0;0.0;-5.788724184269299e-7;0.0;0.004706162302175856;0.0;0.0;0.0;0.0;0.0;0.0;0.3771155752879201;0.0;2.3771159510989452;-2.7542340603668993;0.0;0.0;0.0;0.0;0.0;51.47693811116552;160.733846388174;71.93383385520612;196.87139350144255;-0.44855728798979855
1742.0;0.0;-5.788724184269299e-7;0.0;0.004706162302175856;0.0;0.0;0.0;0.0;0.0;0.0;0.3771155752879201;0.0;2.3771159510989452;-2.7542340603668993;0.0;0.0;0.0;0.0;0.0;51.47693811116552;160.733846388174;71.93383385520612;196.87139350144255;-0.44855728798979855
1743.0;0.0;-5.788724184269299e-7;0.0;0.004706162302175856;0.0;0.0;0.0;0.0;0.0;0.0;0.3771155752879201;0.0;2.3771159510989452;-2.7542340603668993;0.0;0.0;0.0;0.0;0.0;51.47693811116552;160.733846388174;71.93383385520612;196.87139350144255;-0.44855728798979855
1744.0;0.0;-5.788724184269299e-7;0.0;0.004706162302175856;0.0;0.0;0.0;0.0;0.0;0.0;0.3771155752879201;0.0;2.3771159510989452;-2.7542340603668993;0.0;0.0;0.0;0.0;0.0;51.47693811116552;160.733846388174;71.93383385520612;196.87139350144255;-0.44855728798979855
1745.0;0.0;-5.788724184269299e-7;0.0;0.004706162302175856;0.0;0.0;0.0;0.0;0.0;0.0;0.3771155752879201;0.0;2.3771159510989452;-2.7542340603668993;0.0;0.0;0.0;0.0;0.0;51.47693811116552;160.733846388174;71.93383385520612;196.87139350144255;-0.44855728798979855
1746.0;0.0;-5.788724184269299e-7;0.0;0.004706162302175856;0.0;0.0;0.0;0.0;0.0;0.0;0.3771155752879201;0.0;2.3771159510989452;-2.7542340603668993;0.0;0.0;0.0;0.0;0.0;51.47693811116552;160.733846388174;71.93383385520612;196.87139350144255;-0.44855728798979855
1747.0;0.0;-5.788724184269299e-7;0.0;0.004706162302175856;0.0;0.0;0.0;0.0;0.0;0.0;0.3771155752879201;0.0;2.3771159510989452;-2.7542340603668993;0.0;0.0;0.0;0.0;0.0;51.47693811116552;160.733846388174;71.93383385520612;196.87139350144255;-0.44855728798979855
1748.0;0.0;-5.788724184269299e-7;0.0;0.004706162302175856;0.0;0.0;0.0;0.0;0.0;0.0;0.3771155752879201;0.0;2.3771159510989452;-2.7542340603668993;0.0;0.0;0.0;0.0;0.0;51.47693811116552;160.733846388174;71.93383385520612;196.87139350144255;-0.44855728798979855
1749.0;0.0;-5.788724184269299e-7;0.0;0.004706162302175856;0.0;0.0;0.0;0.0;0.0;0.0;0.3771155752879201;0.0;2.3771159510989452;-2.7542340603668993;0.0;0.0;0.0;0.0;0.0;51.47693811116552;160.733846388174;71.93383385520612;196.87139350144255;-0.44855728798979855
1750.0;0.0;-5.788724184269299e-7;0.0;0.004706162302175856;0.0;0.0;0.0;0.0;0.0;0.0;0.3771155752879201;0.0;2.3771159510989452;-2.7542340603668993;0.0;0.0;0.0;0.0;0.0;51.47693811116552;160.733846388174;71.93383385520612;196.87139350144255;-0.44855728798979855
1751.0;0.0;-5.788724184269299e-7;0.0;0.004706162302175856;0.0;0.0;0.0;0.0;0.0;0.0;0.3771155752879201;0.0;2.3771159510989452;-2.7542340603668993;0.0;0.0;0.0;0.0;0.0;51.47693811116552;160.733846388174;71.93383385520612;196.87139350144255;-0.44855728798979855
1752.0;0.0;-5.788724184269299e-7;0.0;0.004706162302175856;0.0;0.0;0.0;0.0;0.0;0.0;0.3771155752879201;0.0;2.3771159510989452;-2.7542340603668993;0.0;0.0;0.0;0.0;0.0;51.47693811116552;160.733846388174;71.93383385520612;196.87139350144255;-0.44855728798979855
1753.0;0.0;0.0019559399586025782;0.0;0.004706162302175856;0.0;0.0;0.0;0.0;0.0;5.806715342353668e-13;0.461423668648088;0.000968874958485542;0.5664662460945287;-1.0286197346453683;0.0;0.0;0.0;0.0;0.0;51.47693811116552;160.733846388174;71.93383385520612;196.87139350144255;-0.44855728798979855
1754.0;0.0;0.0019559399586025782;0.0;0.004706162302175856;0.0;0.0;0.0;0.0;0.0;5.806715342353668e-13;0.461423668648088;0.000968874958485542;0.5664662460945287;-1.0286197346453683;0.0;0.0;0.0;0.0;0.0;51.47693811116552;160.733846388174;71.93383385520612;196.87139350144255;-0.44855728798979855
1755.0;0.0;0.0019559399586025782;0.0;0.004706162302175856;0.0;0.0;0.0;0.0;0.0;5.806715342353668e-13;0.461423668648088;0.000968874958485542;0.5664662460945287;-1.0286197346453683;0.0;0.0;0.0;0.0;0.0;51.47693811116552;160.733846388174;71.93383385520612;196.87139350144255;-0.44855728798979855
1756.0;0.0;0.0019559399586025782;0.0;0.004706162302175856;0.0;0.0;0.0;0.0;0.0;5.806715342353668e-13;0.461423668648088;0.000968874958485542;0.5664662460945287;-1.0286197346453683;0.0;0.0;0.0;0.0;0.0;51.47693811116552;160.733846388174;71.93383385520612;196.87139350144255;-0.44855728798979855
1757.0;0.0;0.0019559399586025782;0.0;0.004706162302175856;0.0;0.0;0.0;0.0;0.0;5.806715342353668e-13;0.461423668648088;0.000968874958485542;0.5664662460945287;-1.0286197346453683;0.0;0.0;0.0;0.0;0.0;51.47693811116552;160.733846388174;71.93383385520612;196.87139350144255;-0.44855728798979855
1758.0;0.0;0.0019559399586025782;0.0;0.004706162302175856;0.0;0.0;0.0;0.0;0.0;5.806715342353668e-13;0.461423668648088;0.000968874958485542;0.5664662460945287;-1.0286197346453683;0.0;0.0;0.0;0.0;0.0;51.47693811116552;160.733846388174;71.93383385520612;196.87139350144255;-0.44855728798979855
1759.0;0.0;0.0019559399586025782;0.0;0.004706162302175856;0.0;0.0;0.0;0.0;0.0;5.806715342353668e-13;0.461423668648088;0.000968874958485542;0.5664662460945287;-1.0286197346453683;0.0;0.0;0.0;0.0;0.0;51.47693811116552;160.733846388174;71.93383385520612;196.87139350144255;-0.44855728798979855
1760.0;0.0;0.0019559399586025782;0.0;0.004706162302175856;0.0;0.0;0.0;0.0;0.0;5.806715342353668e-13;0.461423668648088;0.000968874958485542;0.5664662460945287;-1.0286197346453683;0.0;0.0;0.0;0.0;0.0;51.47693811116552;160.733846388174;71.93383385520612;196.87139350144255;-0.44855728798979855
1761.0;0.0;0.0019559399586025782;0.0;0.004706162302175856;0.0;0.0;0.0;0.0;0.0;5.806715342353668e-13;0.461423668648088;0.000968874958485542;0.5664662460945287;-1.0286197346453683;0.0;0.0;0.0;0.0;0.0;51.47693811116552;160.733846388174;71.93383385520612;196.87139350144255;-0.44855728798979855
1762.0;0.0;0.0019559399586025782;0.0;0.004706162302175856;0.0;0.0;0.0;0.0;0.0;5.806715342353668e-13;0.461423668648088;0.000968874958485542;0.5664662460945287;-1.0286197346453683;0.0;0.0;0.0;0.0;0.0;51.47693811116552;160.733846388174;71.93383385520612;196.87139350144255;-0.44855728798979855
1763.0;0.0;0.0019559399586025782;0.0;0.004706162302175856;0.0;0.0;0.0;0.0;0.0;5.806715342353668e-13;0.461423668648088;0.000968874958485542;0.5664662460945287;-1.0286197346453683;0.0;0.0;0.0;0.0;0.0;51.47693811116552;160.733846388174;71.93383385520612;196.87139350144255;-0.44855728798979855
1764.0;0.0;0.0019559399586025782;0.0;0.004706162302175856;0.0;0.0;0.0;0.0;0.0;5.806715342353668e-13;0.461423668648088;0.000968874958485542;0.5664662460945287;-1.0286197346453683;0.0;0.0;0.0;0.0;0.0;51.47693811116552;160.733846388174;71.93383385520612;196.87139350144255;-0.44855728798979855
1765.0;0.0;0.0019559399586025782;0.0;0.004706162302175856;0.0;0.0;0.0;0.0;0.0;5.806715342353668e-13;0.461423668648088;0.000968874958485542;0.5664662460945287;-1.0286197346453683;0.0;0.0;0.0;0.0;0.0;51.47693811116552;160.733846388174;71.93383385520612;196.87139350144255;-0.44855728798979855
1766.0;0.0;0.0019559399586025782;0.0;0.004706162302175856;0.0;0.0;0.0;0.0;0.0;5.806715342353668e-13;0.461423668648088;0.000968874958485542;0.5664662460945287;-1.0286197346453683;0.0;0.0;0.0;0.0;0.0;51.47693811116552;160.733846388174;71.93383385520612;196.87139350144255;-0.44855728798979855
1767.0;0.0;0.0019559399586025782;0.0;0.004706162302175856;0.0;0.0;0.0;0.0;0.0;5.806715342353668e-13;0.461423668648088;0.000968874958485542;0.5664662460945287;-1.0286197346453683;0.0;0.0;0.0;0.0;0.0;51.47693811116552;160.733846388174;71.93383385520612;196.87139350144255;-0.44855728798979855
1768.0;0.0;0.0019559399586025782;0.0;0.004706162302175856;0.0;0.0;0.0;0.0;0.0;5.806715342353668e-13;0.461423668648088;0.000968874958485542;0.5664662460945287;-1.0286197346453683;0.0;0.0;0.0;0.0;0.0;51.47693811116552;160.733846388174;71.93383385520612;196.87139350144255;-0.44855728798979855
1769.0;0.0;0.0019559399586025782;0.0;0.004706162302175856;0.0;0.0;0.0;0.0;0.0;5.806715342353668e-13;0.461423668648088;0.000968874958485542;0.5664662460945287;-1.0286197346453683;0.0;0.0;0.0;0.0;0.0;51.47693811116552;160.733846388174;71.93383385520612;196.87139350144255;-0.44855728798979855
1770.0;0.0;0.0019559399586025782;0.0;0.004706162302175856;0.0;0.0;0.0;0.0;0.0;5.806715342353668e-13;0.461423668648088;0.000968874958485542;0.5664662460945287;-1.0286197346453683;0.0;0.0;0.0;0.0;0.0;51.47693811116552;160.733846388174;71.93383385520612;196.87139350144255;-0.44855728798979855
1771.0;0.0;0.0019559399586025782;0.0;0.004706162302175856;0.0;0.0;0.0;0.0;0.0;5.806715342353668e-13;0.461423668648088;0.000968874958485542;0.5664662460945287;-1.0286197346453683;0.0;0.0;0.0;0.0;0.0;51.47693811116552;160.733846388174;71.93383385520612;196.87139350144255;-0.44855728798979855
1772.0;0.0;0.0019559399586025782;0.0;0.004706162302175856;0.0;0.0;0.0;0.0;0.0;5.806715342353668e-13;0.461423668648088;0.000968874958485542;0.5664662460945287;-1.0286197346453683;0.0;0.0;0.0;0.0;0.0;51.47693811116552;160.733846388174;71.93383385520612;196.87139350144255;-0.44855728798979855
1773.0;0.0;0.0019559399586025782;0.0;0.004706162302175856;0.0;0.0;0.0;0.0;0.0;5.806715342353668e-13;0.461423668648088;0.000968874958485542;0.5664662460945287;-1.0286197346453683;0.0;0.0;0.0;0.0;0.0;51.47693811116552;160.733846388174;71.93383385520612;196.87139350144255;-0.44855728798979855
1774.0;0.0;0.0019559399586025782;0.0;0.004706162302175856;0.0;0.0;0.0;0.0;0.0;5.806715342353668e-13;0.461423668648088;0.000968874958485542;0.5664662460945287;-1.0286197346453683;0.0;0.0;0.0;0.0;0.0;51.47693811116552;160.733846388174;71.93383385520612;196.87139350144255;-0.44855728798979855
1775.0;0.0;0.0019559399586025782;0.0;0.004706162302175856;0.0;0.0;0.0;0.0;0.0;5.806715342353668e-13;0.461423668648088;0.000968874958485542;0.5664662460945287;-1.0286197346453683;0.0;0.0;0.0;0.0;0.0;51.47693811116552;160.733846388174;71.93383385520612;196.87139350144255;-0.44855728798979855
1776.0;0.0;0.0019559399586025782;0.0;0.004706162302175856;0.0;0.0;0.0;0.0;0.0;5.806715342353668e-13;0.461423668648088;0.000968874958485542;0.5664662460945287;-1.0286197346453683;0.0;0.0;0.0;0.0;0.0;51.47693811116552;160.733846388174;71.93383385520612;196.87139350144255;-0.44855728798979855
1777.0;0.0;-7.726863047393107e-5;0.0;0.004706162302175856;0.0;0.0;0.0;0.0;0.0;0.0;0.2627574385629186;0.0;0.6044438399055896;-0.866624984030929;0.0;0.0;0.0;0.0;0.0;51.47693811116552;160.733846388174;71.93383385520612;196.87139350144255;-0.44855728798979855
1778.0;0.0;-7.726863047393107e-5;0.0;0.004706162302175856;0.0;0.0;0.0;0.0;0.0;0.0;0.2627574385629186;0.0;0.6044438399055896;-0.866624984030929;0.0;0.0;0.0;0.0;0.0;51.47693811116552;160.733846388174;71.93383385520612;196.87139350144255;-0.44855728798979855
1779.0;0.0;-7.726863047393107e-5;0.0;0.004706162302175856;0.0;0.0;0.0;0.0;0.0;0.0;0.2627574385629186;0.0;0.6044438399055896;-0.866624984030929;0.0;0.0;0.0;0.0;0.0;51.47693811116552;160.733846388174;71.93383385520612;196.87139350144255;-0.44855728798979855
1780.0;0.0;-7.726863047393107e-5;0.0;0.004706162302175856;0.0;0.0;0.0;0.0;0.0;0.0;0.2627574385629186;0.0;0.6044438399055896;-0.866624984030929;0.0;0.0;0.0;0.0;0.0;51.47693811116552;160.733846388174;71.93383385520612;196.87139350144255;-0.44855728798979855
1781.0;0.0;-7.726863047393107e-5;0.0;0.004706162302175856;0.0;0.0;0.0;0.0;0.0;0.0;0.2627574385629186;0.0;0.6044438399055896;-0.866624984030929;0.0;0.0;0.0;0.0;0.0;51.47693811116552;160.733846388174;71.93383385520612;196.87139350144255;-0.44855728798979855
1782.0;0.0;-7.726863047393107e-5;0.0;0.004706162302175856;0.0;0.0;0.0;0.0;0.0;0.0;0.2627574385629186;0.0;0.6044438399055896;-0.866624984030929;0.0;0.0;0.0;0.0;0.0;51.47693811116552;160.733846388174;71.93383385520612;196.87139350144255;-0.44855728798979855
1783.0;0.0;-7.726863047393107e-5;0.0;0.004706162302175856;0.0;0.0;0.0;0.0;0.0;0.0;0.2627574385629186;0.0;0.6044438399055896;-0.866624984030929;0.0;0.0;0.0;0.0;0.0;51.47693811116552;160.733846388174;71.93383385520612;196.87139350144255;-0.44855728798979855
1784.0;0.0;-7.726863047393107e-5;0.0;0.004706162302175856;0.0;0.0;0.0;0.0;0.0;0.0;0.2627574385629186;0.0;0.6044438399055896;-0.866624984030929;0.0;0.0;0.0;0.0;0.0;51.47693811116552;160.733846388174;71.93383385520612;196.87139350144255;-0.44855728798979855
1785.0;0.0;-7.726863047393107e-5;0.0;0.004706162302175856;0.0;0.0;0.0;0.0;0.0;0.0;0.2627574385629186;0.0;0.6044438399055896;-0.866624984030929;0.0;0.0;0.0;0.0;0.0;51.47693811116552;160.733846388174;71.93383385520612;196.87139350144255;-0.44855728798979855
1786.0;0.0;-7.726863047393107e-5;0.0;0.004706162302175856;0.0;0.0;0.0;0.0;0.0;0.0;0.2627574385629186;0.0;0.6044438399055896;-0.866624984030929;0.0;0.0;0.0;0.0;0.0;51.47693811116552;160.733846388174;71.93383385520612;196.87139350144255;-0.44855728798979855
1787.0;0.0;-7.726863047393107e-5;0.0;0.004706162302175856;0.0;0.0;0.0;0.0;0.0;0.0;0.2627574385629186;0.0;0.6044438399055896;-0.866624984030929;0.0;0.0;0.0;0.0;0.0;51.47693811116552;160.733846388174;71.93383385520612;196.87139350144255;-0.44855728798979855
1788.0;0.0;-7.726863047393107e-5;0.0;0.004706162302175856;0.0;0.0;0.0;0.0;0.0;0.0;0.2627574385629186;0.0;0.6044438399055896;-0.866624984030929;0.0;0.0;0.0;0.0;0.0;51.47693811116552;160.733846388174;71.93383385520612;196.87139350144255;-0.44855728798979855
1789.0;0.0;-7.726863047393107e-5;0.0;0.004706162302175856;0.0;0.0;0.0;0.0;0.0;0.0;0.2627574385629186;0.0;0.6044438399055896;-0.866624984030929;0.0;0.0;0.0;0.0;0.0;51.47693811116552;160.733846388174;71.93383385520612;196.87139350144255;-0.44855728798979855
1790.0;0.0;-7.726863047393107e-5;0.0;0.004706162302175856;0.0;0.0;0.0;0.0;0.0;0.0;0.2627574385629186;0.0;0.6044438399055896;-0.866624984030929;0.0;0.0;0.0;0.0;0.0;51.47693811116552;160.733846388174;71.93383385520612;196.87139350144255;-0.44855728798979855
1791.0;0.0;-7.726863047393107e-5;0.0;0.004706162302175856;0.0;0.0;0.0;0.0;0.0;0.0;0.2627574385629186;0.0;0.6044438399055896;-0.866624984030929;0.0;0.0;0.0;0.0;0.0;51.47693811116552;160.733846388174;71.93383385520612;196.87139350144255;-0.44855728798979855
1792.0;0.0;-7.726863047393107e-5;0.0;0.004706162302175856;0.0;0.0;0.0;0.0;0.0;0.0;0.2627574385629186;0.0;0.6044438399055896;-0.866624984030929;0.0;0.0;0.0;0.0;0.0;51.47693811116552;160.733846388174;71.93383385520612;196.87139350144255;-0.44855728798979855
1793.0;0.0;-7.726863047393107e-5;0.0;0.004706162302175856;0.0;0.0;0.0;0.0;0.0;0.0;0.2627574385629186;0.0;0.6044438399055896;-0.866624984030929;0.0;0.0;0.0;0.0;0.0;51.47693811116552;160.733846388174;71.93383385520612;196.87139350144255;-0.44855728798979855
1794.0;0.0;-7.726863047393107e-5;0.0;0.004706162302175856;0.0;0.0;0.0;0.0;0.0;0.0;0.2627574385629186;0.0;0.6044438399055896;-0.866624984030929;0.0;0.0;0.0;0.0;0.0;51.47693811116552;160.733846388174;71.93383385520612;196.87139350144255;-0.44855728798979855
1795.0;0.0;-7.726863047393107e-5;0.0;0.004706162302175856;0.0;0.0;0.0;0.0;0.0;0.0;0.2627574385629186;0.0;0.6044438399055896;-0.866624984030929;0.0;0.0;0.0;0.0;0.0;51.47693811116552;160.733846388174;71.93383385520612;196.87139350144255;-0.44855728798979855
1796.0;0.0;-7.726863047393107e-5;0.0;0.004706162302175856;0.0;0.0;0.0;0.0;0.0;0.0;0.2627574385629186;0.0;0.6044438399055896;-0.866624984030929;0.0;0.0;0.0;0.0;0.0;51.47693811116552;160.733846388174;71.93383385520612;196.87139350144255;-0.44855728798979855
1797.0;0.0;-7.726863047393107e-5;0.0;0.004706162302175856;0.0;0.0;0.0;0.0;0.0;0.0;0.2627574385629186;0.0;0.6044438399055896;-0.866624984030929;0.0;0.0;0.0;0.0;0.0;51.47693811116552;160.733846388174;71.93383385520612;196.87139350144255;-0.44855728798979855
1798.0;0.0;-7.726863047393107e-5;0.0;0.004706162302175856;0.0;0.0;0.0;0.0;0.0;0.0;0.2627574385629186;0.0;0.6044438399055896;-0.866624984030929;0.0;0.0;0.0;0.0;0.0;51.47693811116552;160.733846388174;71.93383385520612;196.87139350144255;-0.44855728798979855
1799.0;0.0;-7.726863047393107e-5;0.0;0.004706162302175856;0.0;0.0;0.0;0.0;0.0;0.0;0.2627574385629186;0.0;0.6044438399055896;-0.866624984030929;0.0;0.0;0.0;0.0;0.0;51.47693811116552;160.733846388174;71.93383385520612;196.87139350144255;-0.44855728798979855
1800.0;0.0;-7.726863047393107e-5;0.0;0.004706162302175856;0.0;0.0;0.0;0.0;0.0;0.0;0.2627574385629186;0.0;0.6044438399055896;-0.866624984030929;0.0;0.0;0.0;0.0;0.0;51.47693811116552;160.733846388174;71.93383385520612;196.87139350144255;-0.44855728798979855
1801.0;0.0;0.0001498533753276539;0.0;0.004706162302175856;0.0;0.0;0.0;0.0;0.0;5.806487660787699e-13;0.43125754952410766;4.8640588006032045e-8;0.8690869221413692;-1.3000312576346569;0.0;0.0;0.0;0.0;0.0;51.47693811116552;160.733846388174;71.93383385520612;196.87139350144255;-0.44855728798979855
1802.0;0.0;0.0001498533753276539;0.0;0.004706162302175856;0.0;0.0;0.0;0.0;0.0;5.806487660787699e-13;0.43125754952410766;4.8640588006032045e-8;0.8690869221413692;-1.3000312576346569;0.0;0.0;0.0;0.0;0.0;51.47693811116552;160.733846388174;71.93383385520612;196.87139350144255;-0.44855728798979855
1803.0;0.0;0.0001498533753276539;0.0;0.004706162302175856;0.0;0.0;0.0;0.0;0.0;5.806487660787699e-13;0.43125754952410766;4.8640588006032045e-8;0.8690869221413692;-1.3000312576346569;0.0;0.0;0.0;0.0;0.0;51.47693811116552;160.733846388174;71.93383385520612;196.87139350144255;-0.44855728798979855
1804.0;0.0;0.0001498533753276539;0.0;0.004706162302175856;0.0;0.0;0.0;0.0;0.0;5.806487660787699e-13;0.43125754952410766;4.8640588006032045e-8;0.8690869221413692;-1.3000312576346569;0.0;0.0;0.0;0.0;0.0;51.47693811116552;160.733846388174;71.93383385520612;196.87139350144255;-0.44855728798979855
1805.0;0.0;0.0001498533753276539;0.0;0.004706162302175856;0.0;0.0;0.0;0.0;0.0;5.806487660787699e-13;0.43125754952410766;4.8640588006032045e-8;0.8690869221413692;-1.3000312576346569;0.0;0.0;0.0;0.0;0.0;51.47693811116552;160.733846388174;71.93383385520612;196.87139350144255;-0.44855728798979855
1806.0;0.0;0.0001498533753276539;0.0;0.004706162302175856;0.0;0.0;0.0;0.0;0.0;5.806487660787699e-13;0.43125754952410766;4.8640588006032045e-8;0.8690869221413692;-1.3000312576346569;0.0;0.0;0.0;0.0;0.0;51.47693811116552;160.733846388174;71.93383385520612;196.87139350144255;-0.44855728798979855
1807.0;0.0;0.0001498533753276539;0.0;0.004706162302175856;0.0;0.0;0.0;0.0;0.0;5.806487660787699e-13;0.43125754952410766;4.8640588006032045e-8;0.8690869221413692;-1.3000312576346569;0.0;0.0;0.0;0.0;0.0;51.47693811116552;160.733846388174;71.93383385520612;196.87139350144255;-0.44855728798979855
1808.0;0.0;0.0001498533753276539;0.0;0.004706162302175856;0.0;0.0;0.0;0.0;0.0;5.806487660787699e-13;0.43125754952410766;4.8640588006032045e-8;0.8690869221413692;-1.3000312576346569;0.0;0.0;0.0;0.0;0.0;51.47693811116552;160.733846388174;71.93383385520612;196.87139350144255;-0.44855728798979855
1809.0;0.0;0.0001498533753276539;0.0;0.004706162302175856;0.0;0.0;0.0;0.0;0.0;5.806487660787699e-13;0.43125754952410766;4.8640588006032045e-8;0.8690869221413692;-1.3000312576346569;0.0;0.0;0.0;0.0;0.0;51.47693811116552;160.733846388174;71.93383385520612;196.87139350144255;-0.44855728798979855
1810.0;0.0;0.0001498533753276539;0.0;0.004706162302175856;0.0;0.0;0.0;0.0;0.0;5.806487660787699e-13;0.43125754952410766;4.8640588006032045e-8;0.8690869221413692;-1.3000312576346569;0.0;0.0;0.0;0.0;0.0;51.47693811116552;160.733846388174;71.93383385520612;196.87139350144255;-0.44855728798979855
1811.0;0.0;0.0001498533753276539;0.0;0.004706162302175856;0.0;0.0;0.0;0.0;0.0;5.806487660787699e-13;0.43125754952410766;4.8640588006032045e-8;0.8690869221413692;-1.3000312576346569;0.0;0.0;0.0;0.0;0.0;51.47693811116552;160.733846388174;71.93383385520612;196.87139350144255;-0.44855728798979855
1812.0;0.0;0.0001498533753276539;0.0;0.004706162302175856;0.0;0.0;0.0;0.0;0.0;5.806487660787699e-13;0.43125754952410766;4.8640588006032045e-8;0.8690869221413692;-1.3000312576346569;0.0;0.0;0.0;0.0;0.0;51.47693811116552;160.733846388174;71.93383385520612;196.87139350144255;-0.44855728798979855
1813.0;0.0;0.0001498533753276539;0.0;0.004706162302175856;0.0;0.0;0.0;0.0;0.0;5.806487660787699e-13;0.43125754952410766;4.8640588006032045e-8;0.8690869221413692;-1.3000312576346569;0.0;0.0;0.0;0.0;0.0;51.47693811116552;160.733846388174;71.93383385520612;196.87139350144255;-0.44855728798979855
1814.0;0.0;0.0001498533753276539;0.0;0.004706162302175856;0.0;0.0;0.0;0.0;0.0;5.806487660787699e-13;0.43125754952410766;4.8640588006032045e-8;0.8690869221413692;-1.3000312576346569;0.0;0.0;0.0;0.0;0.0;51.47693811116552;160.733846388174;71.93383385520612;196.87139350144255;-0.44855728798979855
1815.0;0.0;0.0001498533753276539;0.0;0.004706162302175856;0.0;0.0;0.0;0.0;0.0;5.806487660787699e-13;0.43125754952410766;4.8640588006032045e-8;0.8690869221413692;-1.3000312576346569;0.0;0.0;0.0;0.0;0.0;51.47693811116552;160.733846388174;71.93383385520612;196.87139350144255;-0.44855728798979855
1816.0;0.0;0.0001498533753276539;0.0;0.004706162302175856;0.0;0.0;0.0;0.0;0.0;5.806487660787699e-13;0.43125754952410766;4.8640588006032045e-8;0.8690869221413692;-1.3000312576346569;0.0;0.0;0.0;0.0;0.0;51.47693811116552;160.733846388174;71.93383385520612;196.87139350144255;-0.44855728798979855
1817.0;0.0;0.0001498533753276539;0.0;0.004706162302175856;0.0;0.0;0.0;0.0;0.0;5.806487660787699e-13;0.43125754952410766;4.8640588006032045e-8;0.8690869221413692;-1.3000312576346569;0.0;0.0;0.0;0.0;0.0;51.47693811116552;160.733846388174;71.93383385520612;196.87139350144255;-0.44855728798979855
1818.0;0.0;0.0001498533753276539;0.0;0.004706162302175856;0.0;0.0;0.0;0.0;0.0;5.806487660787699e-13;0.43125754952410766;4.8640588006032045e-8;0.8690869221413692;-1.3000312576346569;0.0;0.0;0.0;0.0;0.0;51.47693811116552;160.733846388174;71.93383385520612;196.87139350144255;-0.44855728798979855
1819.0;0.0;0.0001498533753276539;0.0;0.004706162302175856;0.0;0.0;0.0;0.0;0.0;5.806487660787699e-13;0.43125754952410766;4.8640588006032045e-8;0.8690869221413692;-1.3000312576346569;0.0;0.0;0.0;0.0;0.0;51.47693811116552;160.733846388174;71.93383385520612;196.87139350144255;-0.44855728798979855
1820.0;0.0;0.0001498533753276539;0.0;0.004706162302175856;0.0;0.0;0.0;0.0;0.0;5.806487660787699e-13;0.43125754952410766;4.8640588006032045e-8;0.8690869221413692;-1.3000312576346569;0.0;0.0;0.0;0.0;0.0;51.47693811116552;160.733846388174;71.93383385520612;196.87139350144255;-0.44855728798979855
1821.0;0.0;0.0001498533753276539;0.0;0.004706162302175856;0.0;0.0;0.0;0.0;0.0;5.806487660787699e-13;0.43125754952410766;4.8640588006032045e-8;0.8690869221413692;-1.3000312576346569;0.0;0.0;0.0;0.0;0.0;51.47693811116552;160.733846388174;71.93383385520612;196.87139350144255;-0.44855728798979855
1822.0;0.0;0.0001498533753276539;0.0;0.004706162302175856;0.0;0.0;0.0;0.0;0.0;5.806487660787699e-13;0.43125754952410766;4.8640588006032045e-8;0.8690869221413692;-1.3000312576346569;0.0;0.0;0.0;0.0;0.0;51.47693811116552;160.733846388174;71.93383385520612;196.87139350144255;-0.44855728798979855
1823.0;0.0;0.0001498533753276539;0.0;0.004706162302175856;0.0;0.0;0.0;0.0;0.0;5.806487660787699e-13;0.43125754952410766;4.8640588006032045e-8;0.8690869221413692;-1.3000312576346569;0.0;0.0;0.0;0.0;0.0;51.47693811116552;160.733846388174;71.93383385520612;196.87139350144255;-0.44855728798979855
1824.0;0.0;0.0001498533753276539;0.0;0.004706162302175856;0.0;0.0;0.0;0.0;0.0;5.806487660787699e-13;0.43125754952410766;4.8640588006032045e-8;0.8690869221413692;-1.3000312576346569;0.0;0.0;0.0;0.0;0.0;51.47693811116552;160.733846388174;71.93383385520612;196.87139350144255;-0.44855728798979855
1825.0;0.0;-4.5085270688575985e-5;0.0;0.004706162302175856;0.0;0.0;0.0;0.0;0.0;0.0;0.8308398714227495;0.0;0.3930727078210046;-1.2234060600835754;0.0;0.0;0.0;0.0;0.0;51.47693811116552;160.733846388174;71.93383385520612;196.87139350144255;-0.44855728798979855
1826.0;0.0;-4.5085270688575985e-5;0.0;0.004706162302175856;0.0;0.0;0.0;0.0;0.0;0.0;0.8308398714227495;0.0;0.3930727078210046;-1.2234060600835754;0.0;0.0;0.0;0.0;0.0;51.47693811116552;160.733846388174;71.93383385520612;196.87139350144255;-0.44855728798979855
1827.0;0.0;-4.5085270688575985e-5;0.0;0.004706162302175856;0.0;0.0;0.0;0.0;0.0;0.0;0.8308398714227495;0.0;0.3930727078210046;-1.2234060600835754;0.0;0.0;0.0;0.0;0.0;51.47693811116552;160.733846388174;71.93383385520612;196.87139350144255;-0.44855728798979855
1828.0;0.0;-4.5085270688575985e-5;0.0;0.004706162302175856;0.0;0.0;0.0;0.0;0.0;0.0;0.8308398714227495;0.0;0.3930727078210046;-1.2234060600835754;0.0;0.0;0.0;0.0;0.0;51.47693811116552;160.733846388174;71.93383385520612;196.87139350144255;-0.44855728798979855
1829.0;0.0;-4.5085270688575985e-5;0.0;0.004706162302175856;0.0;0.0;0.0;0.0;0.0;0.0;0.8308398714227495;0.0;0.3930727078210046;-1.2234060600835754;0.0;0.0;0.0;0.0;0.0;51.47693811116552;160.733846388174;71.93383385520612;196.87139350144255;-0.44855728798979855
1830.0;0.0;-4.5085270688575985e-5;0.0;0.004706162302175856;0.0;0.0;0.0;0.0;0.0;0.0;0.8308398714227495;0.0;0.3930727078210046;-1.2234060600835754;0.0;0.0;0.0;0.0;0.0;51.47693811116552;160.733846388174;71.93383385520612;196.87139350144255;-0.44855728798979855
1831.0;0.0;-4.5085270688575985e-5;0.0;0.004706162302175856;0.0;0.0;0.0;0.0;0.0;0.0;0.8308398714227495;0.0;0.3930727078210046;-1.2234060600835754;0.0;0.0;0.0;0.0;0.0;51.47693811116552;160.733846388174;71.93383385520612;196.87139350144255;-0.44855728798979855
1832.0;0.0;-4.5085270688575985e-5;0.0;0.004706162302175856;0.0;0.0;0.0;0.0;0.0;0.0;0.8308398714227495;0.0;0.3930727078210046;-1.2234060600835754;0.0;0.0;0.0;0.0;0.0;51.47693811116552;160.733846388174;71.93383385520612;196.87139350144255;-0.44855728798979855
1833.0;0.0;-4.5085270688575985e-5;0.0;0.004706162302175856;0.0;0.0;0.0;0.0;0.0;0.0;0.8308398714227495;0.0;0.3930727078210046;-1.2234060600835754;0.0;0.0;0.0;0.0;0.0;51.47693811116552;160.733846388174;71.93383385520612;196.87139350144255;-0.44855728798979855
1834.0;0.0;-4.5085270688575985e-5;0.0;0.004706162302175856;0.0;0.0;0.0;0.0;0.0;0.0;0.8308398714227495;0.0;0.3930727078210046;-1.2234060600835754;0.0;0.0;0.0;0.0;0.0;51.47693811116552;160.733846388174;71.93383385520612;196.87139350144255;-0.44855728798979855
1835.0;0.0;-4.5085270688575985e-5;0.0;0.004706162302175856;0.0;0.0;0.0;0.0;0.0;0.0;0.8308398714227495;0.0;0.3930727078210046;-1.2234060600835754;0.0;0.0;0.0;0.0;0.0;51.47693811116552;160.733846388174;71.93383385520612;196.87139350144255;-0.44855728798979855
1836.0;0.0;-4.5085270688575985e-5;0.0;0.004706162302175856;0.0;0.0;0.0;0.0;0.0;0.0;0.8308398714227495;0.0;0.3930727078210046;-1.2234060600835754;0.0;0.0;0.0;0.0;0.0;51.47693811116552;160.733846388174;71.93383385520612;196.87139350144255;-0.44855728798979855
1837.0;0.0;-4.5085270688575985e-5;0.0;0.004706162302175856;0.0;0.0;0.0;0.0;0.0;0.0;0.8308398714227495;0.0;0.3930727078210046;-1.2234060600835754;0.0;0.0;0.0;0.0;0.0;51.47693811116552;160.733846388174;71.93383385520612;196.87139350144255;-0.44855728798979855
1838.0;0.0;-4.5085270688575985e-5;0.0;0.004706162302175856;0.0;0.0;0.0;0.0;0.0;0.0;0.8308398714227495;0.0;0.3930727078210046;-1.2234060600835754;0.0;0.0;0.0;0.0;0.0;51.47693811116552;160.733846388174;71.93383385520612;196.87139350144255;-0.44855728798979855
1839.0;0.0;-4.5085270688575985e-5;0.0;0.004706162302175856;0.0;0.0;0.0;0.0;0.0;0.0;0.8308398714227495;0.0;0.3930727078210046;-1.2234060600835754;0.0;0.0;0.0;0.0;0.0;51.47693811116552;160.733846388174;71.93383385520612;196.87139350144255;-0.44855728798979855
1840.0;0.0;-4.5085270688575985e-5;0.0;0.004706162302175856;0.0;0.0;0.0;0.0;0.0;0.0;0.8308398714227495;0.0;0.3930727078210046;-1.2234060600835754;0.0;0.0;0.0;0.0;0.0;51.47693811116552;160.733846388174;71.93383385520612;196.87139350144255;-0.44855728798979855
1841.0;0.0;-4.5085270688575985e-5;0.0;0.004706162302175856;0.0;0.0;0.0;0.0;0.0;0.0;0.8308398714227495;0.0;0.3930727078210046;-1.2234060600835754;0.0;0.0;0.0;0.0;0.0;51.47693811116552;160.733846388174;71.93383385520612;196.87139350144255;-0.44855728798979855
1842.0;0.0;-4.5085270688575985e-5;0.0;0.004706162302175856;0.0;0.0;0.0;0.0;0.0;0.0;0.8308398714227495;0.0;0.3930727078210046;-1.2234060600835754;0.0;0.0;0.0;0.0;0.0;51.47693811116552;160.733846388174;71.93383385520612;196.87139350144255;-0.44855728798979855
1843.0;0.0;-4.5085270688575985e-5;0.0;0.004706162302175856;0.0;0.0;0.0;0.0;0.0;0.0;0.8308398714227495;0.0;0.3930727078210046;-1.2234060600835754;0.0;0.0;0.0;0.0;0.0;51.47693811116552;160.733846388174;71.93383385520612;196.87139350144255;-0.44855728798979855
1844.0;0.0;-4.5085270688575985e-5;0.0;0.004706162302175856;0.0;0.0;0.0;0.0;0.0;0.0;0.8308398714227495;0.0;0.3930727078210046;-1.2234060600835754;0.0;0.0;0.0;0.0;0.0;51.47693811116552;160.733846388174;71.93383385520612;196.87139350144255;-0.44855728798979855
1845.0;0.0;-4.5085270688575985e-5;0.0;0.004706162302175856;0.0;0.0;0.0;0.0;0.0;0.0;0.8308398714227495;0.0;0.3930727078210046;-1.2234060600835754;0.0;0.0;0.0;0.0;0.0;51.47693811116552;160.733846388174;71.93383385520612;196.87139350144255;-0.44855728798979855
1846.0;0.0;-4.5085270688575985e-5;0.0;0.004706162302175856;0.0;0.0;0.0;0.0;0.0;0.0;0.8308398714227495;0.0;0.3930727078210046;-1.2234060600835754;0.0;0.0;0.0;0.0;0.0;51.47693811116552;160.733846388174;71.93383385520612;196.87139350144255;-0.44855728798979855
1847.0;0.0;-4.5085270688575985e-5;0.0;0.004706162302175856;0.0;0.0;0.0;0.0;0.0;0.0;0.8308398714227495;0.0;0.3930727078210046;-1.2234060600835754;0.0;0.0;0.0;0.0;0.0;51.47693811116552;160.733846388174;71.93383385520612;196.87139350144255;-0.44855728798979855
1848.0;0.0;-4.5085270688575985e-5;0.0;0.004706162302175856;0.0;0.0;0.0;0.0;0.0;0.0;0.8308398714227495;0.0;0.3930727078210046;-1.2234060600835754;0.0;0.0;0.0;0.0;0.0;51.47693811116552;160.733846388174;71.93383385520612;196.87139350144255;-0.44855728798979855
1849.0;0.0;-0.0003202212909856609;0.0;0.004706162302175856;0.0;0.0;0.0;0.0;0.0;0.0;0.3752937898935141;0.0;0.1189636491101701;-0.49391076725580246;0.0;0.0;0.0;0.0;0.0;51.47693811116552;160.733846388174;71.93383385520612;196.87139350144255;-0.44855728798979855
1850.0;0.0;-0.0003202212909856609;0.0;0.004706162302175856;0.0;0.0;0.0;0.0;0.0;0.0;0.3752937898935141;0.0;0.1189636491101701;-0.49391076725580246;0.0;0.0;0.0;0.0;0.0;51.47693811116552;160.733846388174;71.93383385520612;196.87139350144255;-0.44855728798979855
1851.0;0.0;-0.0003202212909856609;0.0;0.004706162302175856;0.0;0.0;0.0;0.0;0.0;0.0;0.3752937898935141;0.0;0.1189636491101701;-0.49391076725580246;0.0;0.0;0.0;0.0;0.0;51.47693811116552;160.733846388174;71.93383385520612;196.87139350144255;-0.44855728798979855
1852.0;0.0;-0.0003202212909856609;0.0;0.004706162302175856;0.0;0.0;0.0;0.0;0.0;0.0;0.3752937898935141;0.0;0.1189636491101701;-0.49391076725580246;0.0;0.0;0.0;0.0;0.0;51.47693811116552;160.733846388174;71.93383385520612;196.87139350144255;-0.44855728798979855
1853.0;0.0;-0.0003202212909856609;0.0;0.004706162302175856;0.0;0.0;0.0;0.0;0.0;0.0;0.3752937898935141;0.0;0.1189636491101701;-0.49391076725580246;0.0;0.0;0.0;0.0;0.0;51.47693811116552;160.733846388174;71.93383385520612;196.87139350144255;-0.44855728798979855
1854.0;0.0;-0.0003202212909856609;0.0;0.004706162302175856;0.0;0.0;0.0;0.0;0.0;0.0;0.3752937898935141;0.0;0.1189636491101701;-0.49391076725580246;0.0;0.0;0.0;0.0;0.0;51.47693811116552;160.733846388174;71.93383385520612;196.87139350144255;-0.44855728798979855
1855.0;0.0;-0.0003202212909856609;0.0;0.004706162302175856;0.0;0.0;0.0;0.0;0.0;0.0;0.3752937898935141;0.0;0.1189636491101701;-0.49391076725580246;0.0;0.0;0.0;0.0;0.0;51.47693811116552;160.733846388174;71.93383385520612;196.87139350144255;-0.44855728798979855
1856.0;0.0;-0.0003202212909856609;0.0;0.004706162302175856;0.0;0.0;0.0;0.0;0.0;0.0;0.3752937898935141;0.0;0.1189636491101701;-0.49391076725580246;0.0;0.0;0.0;0.0;0.0;51.47693811116552;160.733846388174;71.93383385520612;196.87139350144255;-0.44855728798979855
1857.0;0.0;-0.0003202212909856609;0.0;0.004706162302175856;0.0;0.0;0.0;0.0;0.0;0.0;0.3752937898935141;0.0;0.1189636491101701;-0.49391076725580246;0.0;0.0;0.0;0.0;0.0;51.47693811116552;160.733846388174;71.93383385520612;196.87139350144255;-0.44855728798979855
1858.0;0.0;-0.0003202212909856609;0.0;0.004706162302175856;0.0;0.0;0.0;0.0;0.0;0.0;0.3752937898935141;0.0;0.1189636491101701;-0.49391076725580246;0.0;0.0;0.0;0.0;0.0;51.47693811116552;160.733846388174;71.93383385520612;196.87139350144255;-0.44855728798979855
1859.0;0.0;-0.0003202212909856609;0.0;0.004706162302175856;0.0;0.0;0.0;0.0;0.0;0.0;0.3752937898935141;0.0;0.1189636491101701;-0.49391076725580246;0.0;0.0;0.0;0.0;0.0;51.47693811116552;160.733846388174;71.93383385520612;196.87139350144255;-0.44855728798979855
1860.0;0.0;-0.0003202212909856609;0.0;0.004706162302175856;0.0;0.0;0.0;0.0;0.0;0.0;0.3752937898935141;0.0;0.1189636491101701;-0.49391076725580246;0.0;0.0;0.0;0.0;0.0;51.47693811116552;160.733846388174;71.93383385520612;196.87139350144255;-0.44855728798979855
1861.0;0.0;-0.0003202212909856609;0.0;0.004706162302175856;0.0;0.0;0.0;0.0;0.0;0.0;0.3752937898935141;0.0;0.1189636491101701;-0.49391076725580246;0.0;0.0;0.0;0.0;0.0;51.47693811116552;160.733846388174;71.93383385520612;196.87139350144255;-0.44855728798979855
1862.0;0.0;-0.0003202212909856609;0.0;0.004706162302175856;0.0;0.0;0.0;0.0;0.0;0.0;0.3752937898935141;0.0;0.1189636491101701;-0.49391076725580246;0.0;0.0;0.0;0.0;0.0;51.47693811116552;160.733846388174;71.93383385520612;196.87139350144255;-0.44855728798979855
1863.0;0.0;-0.0003202212909856609;0.0;0.004706162302175856;0.0;0.0;0.0;0.0;0.0;0.0;0.3752937898935141;0.0;0.1189636491101701;-0.49391076725580246;0.0;0.0;0.0;0.0;0.0;51.47693811116552;160.733846388174;71.93383385520612;196.87139350144255;-0.44855728798979855
1864.0;0.0;-0.0003202212909856609;0.0;0.004706162302175856;0.0;0.0;0.0;0.0;0.0;0.0;0.3752937898935141;0.0;0.1189636491101701;-0.49391076725580246;0.0;0.0;0.0;0.0;0.0;51.47693811116552;160.733846388174;71.93383385520612;196.87139350144255;-0.44855728798979855
1865.0;0.0;-0.0003202212909856609;0.0;0.004706162302175856;0.0;0.0;0.0;0.0;0.0;0.0;0.3752937898935141;0.0;0.1189636491101701;-0.49391076725580246;0.0;0.0;0.0;0.0;0.0;51.47693811116552;160.733846388174;71.93383385520612;196.87139350144255;-0.44855728798979855
1866.0;0.0;-0.0003202212909856609;0.0;0.004706162302175856;0.0;0.0;0.0;0.0;0.0;0.0;0.3752937898935141;0.0;0.1189636491101701;-0.49391076725580246;0.0;0.0;0.0;0.0;0.0;51.47693811116552;160.733846388174;71.93383385520612;196.87139350144255;-0.44855728798979855
1867.0;0.0;-0.0003202212909856609;0.0;0.004706162302175856;0.0;0.0;0.0;0.0;0.0;0.0;0.3752937898935141;0.0;0.1189636491101701;-0.49391076725580246;0.0;0.0;0.0;0.0;0.0;51.47693811116552;160.733846388174;71.93383385520612;196.87139350144255;-0.44855728798979855
1868.0;0.0;-0.0003202212909856609;0.0;0.004706162302175856;0.0;0.0;0.0;0.0;0.0;0.0;0.3752937898935141;0.0;0.1189636491101701;-0.49391076725580246;0.0;0.0;0.0;0.0;0.0;51.47693811116552;160.733846388174;71.93383385520612;196.87139350144255;-0.44855728798979855
1869.0;0.0;-0.0003202212909856609;0.0;0.004706162302175856;0.0;0.0;0.0;0.0;0.0;0.0;0.3752937898935141;0.0;0.1189636491101701;-0.49391076725580246;0.0;0.0;0.0;0.0;0.0;51.47693811116552;160.733846388174;71.93383385520612;196.87139350144255;-0.44855728798979855
1870.0;0.0;-0.0003202212909856609;0.0;0.004706162302175856;0.0;0.0;0.0;0.0;0.0;0.0;0.3752937898935141;0.0;0.1189636491101701;-0.49391076725580246;0.0;0.0;0.0;0.0;0.0;51.47693811116552;160.733846388174;71.93383385520612;196.87139350144255;-0.44855728798979855
1871.0;0.0;-0.0003202212909856609;0.0;0.004706162302175856;0.0;0.0;0.0;0.0;0.0;0.0;0.3752937898935141;0.0;0.1189636491101701;-0.49391076725580246;0.0;0.0;0.0;0.0;0.0;51.47693811116552;160.733846388174;71.93383385520612;196.87139350144255;-0.44855728798979855
1872.0;0.0;-0.0003202212909856609;0.0;0.004706162302175856;0.0;0.0;0.0;0.0;0.0;0.0;0.3752937898935141;0.0;0.1189636491101701;-0.49391076725580246;0.0;0.0;0.0;0.0;0.0;51.47693811116552;160.733846388174;71.93383385520612;196.87139350144255;-0.44855728798979855
1873.0;0.0;0.0010703068946854245;0.0;0.004706162302175856;0.0;0.0;0.0;0.0;0.0;5.806600145762206e-13;0.33795077260039913;9.253157918602183e-8;1.1324164803897634;-1.4699422167959435;0.0;0.0;0.0;0.0;0.0;51.47693811116552;160.733846388174;71.93383385520612;196.87139350144255;-0.44855728798979855
1874.0;0.0;0.0010703068946854245;0.0;0.004706162302175856;0.0;0.0;0.0;0.0;0.0;5.806600145762206e-13;0.33795077260039913;9.253157918602183e-8;1.1324164803897634;-1.4699422167959435;0.0;0.0;0.0;0.0;0.0;51.47693811116552;160.733846388174;71.93383385520612;196.87139350144255;-0.44855728798979855
1875.0;0.0;0.0010703068946854245;0.0;0.004706162302175856;0.0;0.0;0.0;0.0;0.0;5.806600145762206e-13;0.33795077260039913;9.253157918602183e-8;1.1324164803897634;-1.4699422167959435;0.0;0.0;0.0;0.0;0.0;51.47693811116552;160.733846388174;71.93383385520612;196.87139350144255;-0.44855728798979855
1876.0;0.0;0.0010703068946854245;0.0;0.004706162302175856;0.0;0.0;0.0;0.0;0.0;5.806600145762206e-13;0.33795077260039913;9.253157918602183e-8;1.1324164803897634;-1.4699422167959435;0.0;0.0;0.0;0.0;0.0;51.47693811116552;160.733846388174;71.93383385520612;196.87139350144255;-0.44855728798979855
1877.0;0.0;0.0010703068946854245;0.0;0.004706162302175856;0.0;0.0;0.0;0.0;0.0;5.806600145762206e-13;0.33795077260039913;9.253157918602183e-8;1.1324164803897634;-1.4699422167959435;0.0;0.0;0.0;0.0;0.0;51.47693811116552;160.733846388174;71.93383385520612;196.87139350144255;-0.44855728798979855
1878.0;0.0;0.0010703068946854245;0.0;0.004706162302175856;0.0;0.0;0.0;0.0;0.0;5.806600145762206e-13;0.33795077260039913;9.253157918602183e-8;1.1324164803897634;-1.4699422167959435;0.0;0.0;0.0;0.0;0.0;51.47693811116552;160.733846388174;71.93383385520612;196.87139350144255;-0.44855728798979855
1879.0;0.0;0.0010703068946854245;0.0;0.004706162302175856;0.0;0.0;0.0;0.0;0.0;5.806600145762206e-13;0.33795077260039913;9.253157918602183e-8;1.1324164803897634;-1.4699422167959435;0.0;0.0;0.0;0.0;0.0;51.47693811116552;160.733846388174;71.93383385520612;196.87139350144255;-0.44855728798979855
1880.0;0.0;0.0010703068946854245;0.0;0.004706162302175856;0.0;0.0;0.0;0.0;0.0;5.806600145762206e-13;0.33795077260039913;9.253157918602183e-8;1.1324164803897634;-1.4699422167959435;0.0;0.0;0.0;0.0;0.0;51.47693811116552;160.733846388174;71.93383385520612;196.87139350144255;-0.44855728798979855
1881.0;0.0;0.0010703068946854245;0.0;0.004706162302175856;0.0;0.0;0.0;0.0;0.0;5.806600145762206e-13;0.33795077260039913;9.253157918602183e-8;1.1324164803897634;-1.4699422167959435;0.0;0.0;0.0;0.0;0.0;51.47693811116552;160.733846388174;71.93383385520612;196.87139350144255;-0.44855728798979855
1882.0;0.0;0.0010703068946854245;0.0;0.004706162302175856;0.0;0.0;0.0;0.0;0.0;5.806600145762206e-13;0.33795077260039913;9.253157918602183e-8;1.1324164803897634;-1.4699422167959435;0.0;0.0;0.0;0.0;0.0;51.47693811116552;160.733846388174;71.93383385520612;196.87139350144255;-0.44855728798979855
1883.0;0.0;0.0010703068946854245;0.0;0.004706162302175856;0.0;0.0;0.0;0.0;0.0;5.806600145762206e-13;0.33795077260039913;9.253157918602183e-8;1.1324164803897634;-1.4699422167959435;0.0;0.0;0.0;0.0;0.0;51.47693811116552;160.733846388174;71.93383385520612;196.87139350144255;-0.44855728798979855
1884.0;0.0;0.0010703068946854245;0.0;0.004706162302175856;0.0;0.0;0.0;0.0;0.0;5.806600145762206e-13;0.33795077260039913;9.253157918602183e-8;1.1324164803897634;-1.4699422167959435;0.0;0.0;0.0;0.0;0.0;51.47693811116552;160.733846388174;71.93383385520612;196.87139350144255;-0.44855728798979855
1885.0;0.0;0.0010703068946854245;0.0;0.004706162302175856;0.0;0.0;0.0;0.0;0.0;5.806600145762206e-13;0.33795077260039913;9.253157918602183e-8;1.1324164803897634;-1.4699422167959435;0.0;0.0;0.0;0.0;0.0;51.47693811116552;160.733846388174;71.93383385520612;196.87139350144255;-0.44855728798979855
1886.0;0.0;0.0010703068946854245;0.0;0.004706162302175856;0.0;0.0;0.0;0.0;0.0;5.806600145762206e-13;0.33795077260039913;9.253157918602183e-8;1.1324164803897634;-1.4699422167959435;0.0;0.0;0.0;0.0;0.0;51.47693811116552;160.733846388174;71.93383385520612;196.87139350144255;-0.44855728798979855
1887.0;0.0;0.0010703068946854245;0.0;0.004706162302175856;0.0;0.0;0.0;0.0;0.0;5.806600145762206e-13;0.33795077260039913;9.253157918602183e-8;1.1324164803897634;-1.4699422167959435;0.0;0.0;0.0;0.0;0.0;51.47693811116552;160.733846388174;71.93383385520612;196.87139350144255;-0.44855728798979855
1888.0;0.0;0.0010703068946854245;0.0;0.004706162302175856;0.0;0.0;0.0;0.0;0.0;5.806600145762206e-13;0.33795077260039913;9.253157918602183e-8;1.1324164803897634;-1.4699422167959435;0.0;0.0;0.0;0.0;0.0;51.47693811116552;160.733846388174;71.93383385520612;196.87139350144255;-0.44855728798979855
1889.0;0.0;0.0010703068946854245;0.0;0.004706162302175856;0.0;0.0;0.0;0.0;0.0;5.806600145762206e-13;0.33795077260039913;9.253157918602183e-8;1.1324164803897634;-1.4699422167959435;0.0;0.0;0.0;0.0;0.0;51.47693811116552;160.733846388174;71.93383385520612;196.87139350144255;-0.44855728798979855
1890.0;0.0;0.0010703068946854245;0.0;0.004706162302175856;0.0;0.0;0.0;0.0;0.0;5.806600145762206e-13;0.33795077260039913;9.253157918602183e-8;1.1324164803897634;-1.4699422167959435;0.0;0.0;0.0;0.0;0.0;51.47693811116552;160.733846388174;71.93383385520612;196.87139350144255;-0.44855728798979855
1891.0;0.0;0.0010703068946854245;0.0;0.004706162302175856;0.0;0.0;0.0;0.0;0.0;5.806600145762206e-13;0.33795077260039913;9.253157918602183e-8;1.1324164803897634;-1.4699422167959435;0.0;0.0;0.0;0.0;0.0;51.47693811116552;160.733846388174;71.93383385520612;196.87139350144255;-0.44855728798979855
1892.0;0.0;0.0010703068946854245;0.0;0.004706162302175856;0.0;0.0;0.0;0.0;0.0;5.806600145762206e-13;0.33795077260039913;9.253157918602183e-8;1.1324164803897634;-1.4699422167959435;0.0;0.0;0.0;0.0;0.0;51.47693811116552;160.733846388174;71.93383385520612;196.87139350144255;-0.44855728798979855
1893.0;0.0;0.0010703068946854245;0.0;0.004706162302175856;0.0;0.0;0.0;0.0;0.0;5.806600145762206e-13;0.33795077260039913;9.253157918602183e-8;1.1324164803897634;-1.4699422167959435;0.0;0.0;0.0;0.0;0.0;51.47693811116552;160.733846388174;71.93383385520612;196.87139350144255;-0.44855728798979855
1894.0;0.0;0.0010703068946854245;0.0;0.004706162302175856;0.0;0.0;0.0;0.0;0.0;5.806600145762206e-13;0.33795077260039913;9.253157918602183e-8;1.1324164803897634;-1.4699422167959435;0.0;0.0;0.0;0.0;0.0;51.47693811116552;160.733846388174;71.93383385520612;196.87139350144255;-0.44855728798979855
1895.0;0.0;0.0010703068946854245;0.0;0.004706162302175856;0.0;0.0;0.0;0.0;0.0;5.806600145762206e-13;0.33795077260039913;9.253157918602183e-8;1.1324164803897634;-1.4699422167959435;0.0;0.0;0.0;0.0;0.0;51.47693811116552;160.733846388174;71.93383385520612;196.87139350144255;-0.44855728798979855
1896.0;0.0;0.0010703068946854245;0.0;0.004706162302175856;0.0;0.0;0.0;0.0;0.0;5.806600145762206e-13;0.33795077260039913;9.253157918602183e-8;1.1324164803897634;-1.4699422167959435;0.0;0.0;0.0;0.0;0.0;51.47693811116552;160.733846388174;71.93383385520612;196.87139350144255;-0.44855728798979855
1897.0;0.0;0.0019558966000253046;0.0;0.004706162302175856;0.0;0.0;0.0;0.0;0.0;5.806638121665487e-13;0.42449142611971796;0.0007204808239807076;2.2921936957079727;-2.717166520471389;0.0;0.0;0.0;0.0;0.0;51.47693811116552;160.733846388174;71.93383385520612;196.87139350144255;-0.44855728798979855
1898.0;0.0;0.0019558966000253046;0.0;0.004706162302175856;0.0;0.0;0.0;0.0;0.0;5.806638121665487e-13;0.42449142611971796;0.0007204808239807076;2.2921936957079727;-2.717166520471389;0.0;0.0;0.0;0.0;0.0;51.47693811116552;160.733846388174;71.93383385520612;196.87139350144255;-0.44855728798979855
1899.0;0.0;0.0019558966000253046;0.0;0.004706162302175856;0.0;0.0;0.0;0.0;0.0;5.806638121665487e-13;0.42449142611971796;0.0007204808239807076;2.2921936957079727;-2.717166520471389;0.0;0.0;0.0;0.0;0.0;51.47693811116552;160.733846388174;71.93383385520612;196.87139350144255;-0.44855728798979855
1900.0;0.0;0.0019558966000253046;0.0;0.004706162302175856;0.0;0.0;0.0;0.0;0.0;5.806638121665487e-13;0.42449142611971796;0.0007204808239807076;2.2921936957079727;-2.717166520471389;0.0;0.0;0.0;0.0;0.0;51.47693811116552;160.733846388174;71.93383385520612;196.87139350144255;-0.44855728798979855
1901.0;0.0;0.0019558966000253046;0.0;0.004706162302175856;0.0;0.0;0.0;0.0;0.0;5.806638121665487e-13;0.42449142611971796;0.0007204808239807076;2.2921936957079727;-2.717166520471389;0.0;0.0;0.0;0.0;0.0;51.47693811116552;160.733846388174;71.93383385520612;196.87139350144255;-0.44855728798979855
1902.0;0.0;0.0019558966000253046;0.0;0.004706162302175856;0.0;0.0;0.0;0.0;0.0;5.806638121665487e-13;0.42449142611971796;0.0007204808239807076;2.2921936957079727;-2.717166520471389;0.0;0.0;0.0;0.0;0.0;51.47693811116552;160.733846388174;71.93383385520612;196.87139350144255;-0.44855728798979855
1903.0;0.0;0.0019558966000253046;0.0;0.004706162302175856;0.0;0.0;0.0;0.0;0.0;5.806638121665487e-13;0.42449142611971796;0.0007204808239807076;2.2921936957079727;-2.717166520471389;0.0;0.0;0.0;0.0;0.0;51.47693811116552;160.733846388174;71.93383385520612;196.87139350144255;-0.44855728798979855
1904.0;0.0;0.0019558966000253046;0.0;0.004706162302175856;0.0;0.0;0.0;0.0;0.0;5.806638121665487e-13;0.42449142611971796;0.0007204808239807076;2.2921936957079727;-2.717166520471389;0.0;0.0;0.0;0.0;0.0;51.47693811116552;160.733846388174;71.93383385520612;196.87139350144255;-0.44855728798979855
1905.0;0.0;0.0019558966000253046;0.0;0.004706162302175856;0.0;0.0;0.0;0.0;0.0;5.806638121665487e-13;0.42449142611971796;0.0007204808239807076;2.2921936957079727;-2.717166520471389;0.0;0.0;0.0;0.0;0.0;51.47693811116552;160.733846388174;71.93383385520612;196.87139350144255;-0.44855728798979855
1906.0;0.0;0.0019558966000253046;0.0;0.004706162302175856;0.0;0.0;0.0;0.0;0.0;5.806638121665487e-13;0.42449142611971796;0.0007204808239807076;2.2921936957079727;-2.717166520471389;0.0;0.0;0.0;0.0;0.0;51.47693811116552;160.733846388174;71.93383385520612;196.87139350144255;-0.44855728798979855
1907.0;0.0;0.0019558966000253046;0.0;0.004706162302175856;0.0;0.0;0.0;0.0;0.0;5.806638121665487e-13;0.42449142611971796;0.0007204808239807076;2.2921936957079727;-2.717166520471389;0.0;0.0;0.0;0.0;0.0;51.47693811116552;160.733846388174;71.93383385520612;196.87139350144255;-0.44855728798979855
1908.0;0.0;0.0019558966000253046;0.0;0.004706162302175856;0.0;0.0;0.0;0.0;0.0;5.806638121665487e-13;0.42449142611971796;0.0007204808239807076;2.2921936957079727;-2.717166520471389;0.0;0.0;0.0;0.0;0.0;51.47693811116552;160.733846388174;71.93383385520612;196.87139350144255;-0.44855728798979855
1909.0;0.0;0.0019558966000253046;0.0;0.004706162302175856;0.0;0.0;0.0;0.0;0.0;5.806638121665487e-13;0.42449142611971796;0.0007204808239807076;2.2921936957079727;-2.717166520471389;0.0;0.0;0.0;0.0;0.0;51.47693811116552;160.733846388174;71.93383385520612;196.87139350144255;-0.44855728798979855
1910.0;0.0;0.0019558966000253046;0.0;0.004706162302175856;0.0;0.0;0.0;0.0;0.0;5.806638121665487e-13;0.42449142611971796;0.0007204808239807076;2.2921936957079727;-2.717166520471389;0.0;0.0;0.0;0.0;0.0;51.47693811116552;160.733846388174;71.93383385520612;196.87139350144255;-0.44855728798979855
1911.0;0.0;0.0019558966000253046;0.0;0.004706162302175856;0.0;0.0;0.0;0.0;0.0;5.806638121665487e-13;0.42449142611971796;0.0007204808239807076;2.2921936957079727;-2.717166520471389;0.0;0.0;0.0;0.0;0.0;51.47693811116552;160.733846388174;71.93383385520612;196.87139350144255;-0.44855728798979855
1912.0;0.0;0.0019558966000253046;0.0;0.004706162302175856;0.0;0.0;0.0;0.0;0.0;5.806638121665487e-13;0.42449142611971796;0.0007204808239807076;2.2921936957079727;-2.717166520471389;0.0;0.0;0.0;0.0;0.0;51.47693811116552;160.733846388174;71.93383385520612;196.87139350144255;-0.44855728798979855
1913.0;0.0;0.0019558966000253046;0.0;0.004706162302175856;0.0;0.0;0.0;0.0;0.0;5.806638121665487e-13;0.42449142611971796;0.0007204808239807076;2.2921936957079727;-2.717166520471389;0.0;0.0;0.0;0.0;0.0;51.47693811116552;160.733846388174;71.93383385520612;196.87139350144255;-0.44855728798979855
1914.0;0.0;0.0019558966000253046;0.0;0.004706162302175856;0.0;0.0;0.0;0.0;0.0;5.806638121665487e-13;0.42449142611971796;0.0007204808239807076;2.2921936957079727;-2.717166520471389;0.0;0.0;0.0;0.0;0.0;51.47693811116552;160.733846388174;71.93383385520612;196.87139350144255;-0.44855728798979855
1915.0;0.0;0.0019558966000253046;0.0;0.004706162302175856;0.0;0.0;0.0;0.0;0.0;5.806638121665487e-13;0.42449142611971796;0.0007204808239807076;2.2921936957079727;-2.717166520471389;0.0;0.0;0.0;0.0;0.0;51.47693811116552;160.733846388174;71.93383385520612;196.87139350144255;-0.44855728798979855
1916.0;0.0;0.0019558966000253046;0.0;0.004706162302175856;0.0;0.0;0.0;0.0;0.0;5.806638121665487e-13;0.42449142611971796;0.0007204808239807076;2.2921936957079727;-2.717166520471389;0.0;0.0;0.0;0.0;0.0;51.47693811116552;160.733846388174;71.93383385520612;196.87139350144255;-0.44855728798979855
1917.0;0.0;0.0019558966000253046;0.0;0.004706162302175856;0.0;0.0;0.0;0.0;0.0;5.806638121665487e-13;0.42449142611971796;0.0007204808239807076;2.2921936957079727;-2.717166520471389;0.0;0.0;0.0;0.0;0.0;51.47693811116552;160.733846388174;71.93383385520612;196.87139350144255;-0.44855728798979855
1918.0;0.0;0.0019558966000253046;0.0;0.004706162302175856;0.0;0.0;0.0;0.0;0.0;5.806638121665487e-13;0.42449142611971796;0.0007204808239807076;2.2921936957079727;-2.717166520471389;0.0;0.0;0.0;0.0;0.0;51.47693811116552;160.733846388174;71.93383385520612;196.87139350144255;-0.44855728798979855
1919.0;0.0;0.0019558966000253046;0.0;0.004706162302175856;0.0;0.0;0.0;0.0;0.0;5.806638121665487e-13;0.42449142611971796;0.0007204808239807076;2.2921936957079727;-2.717166520471389;0.0;0.0;0.0;0.0;0.0;51.47693811116552;160.733846388174;71.93383385520612;196.87139350144255;-0.44855728798979855
1920.0;0.0;0.0019558966000253046;0.0;0.004706162302175856;0.0;0.0;0.0;0.0;0.0;5.806638121665487e-13;0.42449142611971796;0.0007204808239807076;2.2921936957079727;-2.717166520471389;0.0;0.0;0.0;0.0;0.0;51.47693811116552;160.733846388174;71.93383385520612;196.87139350144255;-0.44855728798979855
1921.0;0.0;-2.7465206919371162e-6;0.0;0.004492829250736808;0.0;0.0;0.0;0.0;0.0;0.0;0.2999274509961653;5.9637133240996414e-5;2.6499706028381884;-2.949962176388023;0.0;0.0;0.0;0.0;0.0;44.03464780411963;315.9709930242093;69.31125565917236;338.578512210847;-0.21249767399618008
1922.0;0.0;-2.7465206919371162e-6;0.0;0.004492829250736808;0.0;0.0;0.0;0.0;0.0;0.0;0.2999274509961653;5.9637133240996414e-5;2.6499706028381884;-2.949962176388023;0.0;0.0;0.0;0.0;0.0;44.03464780411963;315.9709930242093;69.31125565917236;338.578512210847;-0.21249767399618008
1923.0;0.0;-2.7465206919371162e-6;0.0;0.004492829250736808;0.0;0.0;0.0;0.0;0.0;0.0;0.2999274509961653;5.9637133240996414e-5;2.6499706028381884;-2.949962176388023;0.0;0.0;0.0;0.0;0.0;44.03464780411963;315.9709930242093;69.31125565917236;338.578512210847;-0.21249767399618008
1924.0;0.0;-2.7465206919371162e-6;0.0;0.004492829250736808;0.0;0.0;0.0;0.0;0.0;0.0;0.2999274509961653;5.9637133240996414e-5;2.6499706028381884;-2.949962176388023;0.0;0.0;0.0;0.0;0.0;44.03464780411963;315.9709930242093;69.31125565917236;338.578512210847;-0.21249767399618008
1925.0;0.0;-2.7465206919371162e-6;0.0;0.004492829250736808;0.0;0.0;0.0;0.0;0.0;0.0;0.2999274509961653;5.9637133240996414e-5;2.6499706028381884;-2.949962176388023;0.0;0.0;0.0;0.0;0.0;44.03464780411963;315.9709930242093;69.31125565917236;338.578512210847;-0.21249767399618008
1926.0;0.0;-2.7465206919371162e-6;0.0;0.004492829250736808;0.0;0.0;0.0;0.0;0.0;0.0;0.2999274509961653;5.9637133240996414e-5;2.6499706028381884;-2.949962176388023;0.0;0.0;0.0;0.0;0.0;44.03464780411963;315.9709930242093;69.31125565917236;338.578512210847;-0.21249767399618008
1927.0;0.0;-2.7465206919371162e-6;0.0;0.004492829250736808;0.0;0.0;0.0;0.0;0.0;0.0;0.2999274509961653;5.9637133240996414e-5;2.6499706028381884;-2.949962176388023;0.0;0.0;0.0;0.0;0.0;44.03464780411963;315.9709930242093;69.31125565917236;338.578512210847;-0.21249767399618008
1928.0;0.0;-2.7465206919371162e-6;0.0;0.004492829250736808;0.0;0.0;0.0;0.0;0.0;0.0;0.2999274509961653;5.9637133240996414e-5;2.6499706028381884;-2.949962176388023;0.0;0.0;0.0;0.0;0.0;44.03464780411963;315.9709930242093;69.31125565917236;338.578512210847;-0.21249767399618008
1929.0;0.0;-2.7465206919371162e-6;0.0;0.004492829250736808;0.0;0.0;0.0;0.0;0.0;0.0;0.2999274509961653;5.9637133240996414e-5;2.6499706028381884;-2.949962176388023;0.0;0.0;0.0;0.0;0.0;44.03464780411963;315.9709930242093;69.31125565917236;338.578512210847;-0.21249767399618008
1930.0;0.0;-2.7465206919371162e-6;0.0;0.004492829250736808;0.0;0.0;0.0;0.0;0.0;0.0;0.2999274509961653;5.9637133240996414e-5;2.6499706028381884;-2.949962176388023;0.0;0.0;0.0;0.0;0.0;44.03464780411963;315.9709930242093;69.31125565917236;338.578512210847;-0.21249767399618008
1931.0;0.0;-2.7465206919371162e-6;0.0;0.004492829250736808;0.0;0.0;0.0;0.0;0.0;0.0;0.2999274509961653;5.9637133240996414e-5;2.6499706028381884;-2.949962176388023;0.0;0.0;0.0;0.0;0.0;44.03464780411963;315.9709930242093;69.31125565917236;338.578512210847;-0.21249767399618008
1932.0;0.0;-2.7465206919371162e-6;0.0;0.004492829250736808;0.0;0.0;0.0;0.0;0.0;0.0;0.2999274509961653;5.9637133240996414e-5;2.6499706028381884;-2.949962176388023;0.0;0.0;0.0;0.0;0.0;44.03464780411963;315.9709930242093;69.31125565917236;338.578512210847;-0.21249767399618008
1933.0;0.0;-2.7465206919371162e-6;0.0;0.004492829250736808;0.0;0.0;0.0;0.0;0.0;0.0;0.2999274509961653;5.9637133240996414e-5;2.6499706028381884;-2.949962176388023;0.0;0.0;0.0;0.0;0.0;44.03464780411963;315.9709930242093;69.31125565917236;338.578512210847;-0.21249767399618008
1934.0;0.0;-2.7465206919371162e-6;0.0;0.004492829250736808;0.0;0.0;0.0;0.0;0.0;0.0;0.2999274509961653;5.9637133240996414e-5;2.6499706028381884;-2.949962176388023;0.0;0.0;0.0;0.0;0.0;44.03464780411963;315.9709930242093;69.31125565917236;338.578512210847;-0.21249767399618008
1935.0;0.0;-2.7465206919371162e-6;0.0;0.004492829250736808;0.0;0.0;0.0;0.0;0.0;0.0;0.2999274509961653;5.9637133240996414e-5;2.6499706028381884;-2.949962176388023;0.0;0.0;0.0;0.0;0.0;44.03464780411963;315.9709930242093;69.31125565917236;338.578512210847;-0.21249767399618008
1936.0;0.0;-2.7465206919371162e-6;0.0;0.004492829250736808;0.0;0.0;0.0;0.0;0.0;0.0;0.2999274509961653;5.9637133240996414e-5;2.6499706028381884;-2.949962176388023;0.0;0.0;0.0;0.0;0.0;44.03464780411963;315.9709930242093;69.31125565917236;338.578512210847;-0.21249767399618008
1937.0;0.0;-2.7465206919371162e-6;0.0;0.004492829250736808;0.0;0.0;0.0;0.0;0.0;0.0;0.2999274509961653;5.9637133240996414e-5;2.6499706028381884;-2.949962176388023;0.0;0.0;0.0;0.0;0.0;44.03464780411963;315.9709930242093;69.31125565917236;338.578512210847;-0.21249767399618008
1938.0;0.0;-2.7465206919371162e-6;0.0;0.004492829250736808;0.0;0.0;0.0;0.0;0.0;0.0;0.2999274509961653;5.9637133240996414e-5;2.6499706028381884;-2.949962176388023;0.0;0.0;0.0;0.0;0.0;44.03464780411963;315.9709930242093;69.31125565917236;338.578512210847;-0.21249767399618008
1939.0;0.0;-2.7465206919371162e-6;0.0;0.004492829250736808;0.0;0.0;0.0;0.0;0.0;0.0;0.2999274509961653;5.9637133240996414e-5;2.6499706028381884;-2.949962176388023;0.0;0.0;0.0;0.0;0.0;44.03464780411963;315.9709930242093;69.31125565917236;338.578512210847;-0.21249767399618008
1940.0;0.0;-2.7465206919371162e-6;0.0;0.004492829250736808;0.0;0.0;0.0;0.0;0.0;0.0;0.2999274509961653;5.9637133240996414e-5;2.6499706028381884;-2.949962176388023;0.0;0.0;0.0;0.0;0.0;44.03464780411963;315.9709930242093;69.31125565917236;338.578512210847;-0.21249767399618008
1941.0;0.0;-2.7465206919371162e-6;0.0;0.004492829250736808;0.0;0.0;0.0;0.0;0.0;0.0;0.2999274509961653;5.9637133240996414e-5;2.6499706028381884;-2.949962176388023;0.0;0.0;0.0;0.0;0.0;44.03464780411963;315.9709930242093;69.31125565917236;338.578512210847;-0.21249767399618008
1942.0;0.0;-2.7465206919371162e-6;0.0;0.004492829250736808;0.0;0.0;0.0;0.0;0.0;0.0;0.2999274509961653;5.9637133240996414e-5;2.6499706028381884;-2.949962176388023;0.0;0.0;0.0;0.0;0.0;44.03464780411963;315.9709930242093;69.31125565917236;338.578512210847;-0.21249767399618008
1943.0;0.0;-2.7465206919371162e-6;0.0;0.004492829250736808;0.0;0.0;0.0;0.0;0.0;0.0;0.2999274509961653;5.9637133240996414e-5;2.6499706028381884;-2.949962176388023;0.0;0.0;0.0;0.0;0.0;44.03464780411963;315.9709930242093;69.31125565917236;338.578512210847;-0.21249767399618008
1944.0;0.0;-2.7465206919371162e-6;0.0;0.004492829250736808;0.0;0.0;0.0;0.0;0.0;0.0;0.2999274509961653;5.9637133240996414e-5;2.6499706028381884;-2.949962176388023;0.0;0.0;0.0;0.0;0.0;44.03464780411963;315.9709930242093;69.31125565917236;338.578512210847;-0.21249767399618008
1945.0;0.0;-0.0004591244844286266;0.0;0.004492829250736808;0.0;0.0;0.0;0.0;0.0;0.0;0.5148138081595203;0.0;0.7783236741511901;-1.292864613566746;0.0;0.0;0.0;0.0;0.0;44.03464780411963;315.9709930242093;69.31125565917236;338.578512210847;-0.21249767399618008
1946.0;0.0;-0.0004591244844286266;0.0;0.004492829250736808;0.0;0.0;0.0;0.0;0.0;0.0;0.5148138081595203;0.0;0.7783236741511901;-1.292864613566746;0.0;0.0;0.0;0.0;0.0;44.03464780411963;315.9709930242093;69.31125565917236;338.578512210847;-0.21249767399618008
1947.0;0.0;-0.0004591244844286266;0.0;0.004492829250736808;0.0;0.0;0.0;0.0;0.0;0.0;0.5148138081595203;0.0;0.7783236741511901;-1.292864613566746;0.0;0.0;0.0;0.0;0.0;44.03464780411963;315.9709930242093;69.31125565917236;338.578512210847;-0.21249767399618008
1948.0;0.0;-0.0004591244844286266;0.0;0.004492829250736808;0.0;0.0;0.0;0.0;0.0;0.0;0.5148138081595203;0.0;0.7783236741511901;-1.292864613566746;0.0;0.0;0.0;0.0;0.0;44.03464780411963;315.9709930242093;69.31125565917236;338.578512210847;-0.21249767399618008
1949.0;0.0;-0.0004591244844286266;0.0;0.004492829250736808;0.0;0.0;0.0;0.0;0.0;0.0;0.5148138081595203;0.0;0.7783236741511901;-1.292864613566746;0.0;0.0;0.0;0.0;0.0;44.03464780411963;315.9709930242093;69.31125565917236;338.578512210847;-0.21249767399618008
1950.0;0.0;-0.0004591244844286266;0.0;0.004492829250736808;0.0;0.0;0.0;0.0;0.0;0.0;0.5148138081595203;0.0;0.7783236741511901;-1.292864613566746;0.0;0.0;0.0;0.0;0.0;44.03464780411963;315.9709930242093;69.31125565917236;338.578512210847;-0.21249767399618008
1951.0;0.0;-0.0004591244844286266;0.0;0.004492829250736808;0.0;0.0;0.0;0.0;0.0;0.0;0.5148138081595203;0.0;0.7783236741511901;-1.292864613566746;0.0;0.0;0.0;0.0;0.0;44.03464780411963;315.9709930242093;69.31125565917236;338.578512210847;-0.21249767399618008
1952.0;0.0;-0.0004591244844286266;0.0;0.004492829250736808;0.0;0.0;0.0;0.0;0.0;0.0;0.5148138081595203;0.0;0.7783236741511901;-1.292864613566746;0.0;0.0;0.0;0.0;0.0;44.03464780411963;315.9709930242093;69.31125565917236;338.578512210847;-0.21249767399618008
1953.0;0.0;-0.0004591244844286266;0.0;0.004492829250736808;0.0;0.0;0.0;0.0;0.0;0.0;0.5148138081595203;0.0;0.7783236741511901;-1.292864613566746;0.0;0.0;0.0;0.0;0.0;44.03464780411963;315.9709930242093;69.31125565917236;338.578512210847;-0.21249767399618008
1954.0;0.0;-0.0004591244844286266;0.0;0.004492829250736808;0.0;0.0;0.0;0.0;0.0;0.0;0.5148138081595203;0.0;0.7783236741511901;-1.292864613566746;0.0;0.0;0.0;0.0;0.0;44.03464780411963;315.9709930242093;69.31125565917236;338.578512210847;-0.21249767399618008
1955.0;0.0;-0.0004591244844286266;0.0;0.004492829250736808;0.0;0.0;0.0;0.0;0.0;0.0;0.5148138081595203;0.0;0.7783236741511901;-1.292864613566746;0.0;0.0;0.0;0.0;0.0;44.03464780411963;315.9709930242093;69.31125565917236;338.578512210847;-0.21249767399618008
1956.0;0.0;-0.0004591244844286266;0.0;0.004492829250736808;0.0;0.0;0.0;0.0;0.0;0.0;0.5148138081595203;0.0;0.7783236741511901;-1.292864613566746;0.0;0.0;0.0;0.0;0.0;44.03464780411963;315.9709930242093;69.31125565917236;338.578512210847;-0.21249767399618008
1957.0;0.0;-0.0004591244844286266;0.0;0.004492829250736808;0.0;0.0;0.0;0.0;0.0;0.0;0.5148138081595203;0.0;0.7783236741511901;-1.292864613566746;0.0;0.0;0.0;0.0;0.0;44.03464780411963;315.9709930242093;69.31125565917236;338.578512210847;-0.21249767399618008
1958.0;0.0;-0.0004591244844286266;0.0;0.004492829250736808;0.0;0.0;0.0;0.0;0.0;0.0;0.5148138081595203;0.0;0.7783236741511901;-1.292864613566746;0.0;0.0;0.0;0.0;0.0;44.03464780411963;315.9709930242093;69.31125565917236;338.578512210847;-0.21249767399618008
1959.0;0.0;-0.0004591244844286266;0.0;0.004492829250736808;0.0;0.0;0.0;0.0;0.0;0.0;0.5148138081595203;0.0;0.7783236741511901;-1.292864613566746;0.0;0.0;0.0;0.0;0.0;44.03464780411963;315.9709930242093;69.31125565917236;338.578512210847;-0.21249767399618008
1960.0;0.0;-0.0004591244844286266;0.0;0.004492829250736808;0.0;0.0;0.0;0.0;0.0;0.0;0.5148138081595203;0.0;0.7783236741511901;-1.292864613566746;0.0;0.0;0.0;0.0;0.0;44.03464780411963;315.9709930242093;69.31125565917236;338.578512210847;-0.21249767399618008
1961.0;0.0;-0.0004591244844286266;0.0;0.004492829250736808;0.0;0.0;0.0;0.0;0.0;0.0;0.5148138081595203;0.0;0.7783236741511901;-1.292864613566746;0.0;0.0;0.0;0.0;0.0;44.03464780411963;315.9709930242093;69.31125565917236;338.578512210847;-0.21249767399618008
1962.0;0.0;-0.0004591244844286266;0.0;0.004492829250736808;0.0;0.0;0.0;0.0;0.0;0.0;0.5148138081595203;0.0;0.7783236741511901;-1.292864613566746;0.0;0.0;0.0;0.0;0.0;44.03464780411963;315.9709930242093;69.31125565917236;338.578512210847;-0.21249767399618008
1963.0;0.0;-0.0004591244844286266;0.0;0.004492829250736808;0.0;0.0;0.0;0.0;0.0;0.0;0.5148138081595203;0.0;0.7783236741511901;-1.292864613566746;0.0;0.0;0.0;0.0;0.0;44.03464780411963;315.9709930242093;69.31125565917236;338.578512210847;-0.21249767399618008
1964.0;0.0;-0.0004591244844286266;0.0;0.004492829250736808;0.0;0.0;0.0;0.0;0.0;0.0;0.5148138081595203;0.0;0.7783236741511901;-1.292864613566746;0.0;0.0;0.0;0.0;0.0;44.03464780411963;315.9709930242093;69.31125565917236;338.578512210847;-0.21249767399618008
1965.0;0.0;-0.0004591244844286266;0.0;0.004492829250736808;0.0;0.0;0.0;0.0;0.0;0.0;0.5148138081595203;0.0;0.7783236741511901;-1.292864613566746;0.0;0.0;0.0;0.0;0.0;44.03464780411963;315.9709930242093;69.31125565917236;338.578512210847;-0.21249767399618008
1966.0;0.0;-0.0004591244844286266;0.0;0.004492829250736808;0.0;0.0;0.0;0.0;0.0;0.0;0.5148138081595203;0.0;0.7783236741511901;-1.292864613566746;0.0;0.0;0.0;0.0;0.0;44.03464780411963;315.9709930242093;69.31125565917236;338.578512210847;-0.21249767399618008
1967.0;0.0;-0.0004591244844286266;0.0;0.004492829250736808;0.0;0.0;0.0;0.0;0.0;0.0;0.5148138081595203;0.0;0.7783236741511901;-1.292864613566746;0.0;0.0;0.0;0.0;0.0;44.03464780411963;315.9709930242093;69.31125565917236;338.578512210847;-0.21249767399618008
1968.0;0.0;-0.0004591244844286266;0.0;0.004492829250736808;0.0;0.0;0.0;0.0;0.0;0.0;0.5148138081595203;0.0;0.7783236741511901;-1.292864613566746;0.0;0.0;0.0;0.0;0.0;44.03464780411963;315.9709930242093;69.31125565917236;338.578512210847;-0.21249767399618008
1969.0;0.0;-0.00021341536263144568;0.0;0.004492829250736808;0.0;0.0;0.0;0.0;0.0;0.0;0.18016189210485584;0.0;0.734962515392997;-0.915030878384187;0.0;0.0;0.0;0.0;0.0;44.03464780411963;315.9709930242093;69.31125565917236;338.578512210847;-0.21249767399618008
1970.0;0.0;-0.00021341536263144568;0.0;0.004492829250736808;0.0;0.0;0.0;0.0;0.0;0.0;0.18016189210485584;0.0;0.734962515392997;-0.915030878384187;0.0;0.0;0.0;0.0;0.0;44.03464780411963;315.9709930242093;69.31125565917236;338.578512210847;-0.21249767399618008
1971.0;0.0;-0.00021341536263144568;0.0;0.004492829250736808;0.0;0.0;0.0;0.0;0.0;0.0;0.18016189210485584;0.0;0.734962515392997;-0.915030878384187;0.0;0.0;0.0;0.0;0.0;44.03464780411963;315.9709930242093;69.31125565917236;338.578512210847;-0.21249767399618008
1972.0;0.0;-0.00021341536263144568;0.0;0.004492829250736808;0.0;0.0;0.0;0.0;0.0;0.0;0.18016189210485584;0.0;0.734962515392997;-0.915030878384187;0.0;0.0;0.0;0.0;0.0;44.03464780411963;315.9709930242093;69.31125565917236;338.578512210847;-0.21249767399618008
1973.0;0.0;-0.00021341536263144568;0.0;0.004492829250736808;0.0;0.0;0.0;0.0;0.0;0.0;0.18016189210485584;0.0;0.734962515392997;-0.915030878384187;0.0;0.0;0.0;0.0;0.0;44.03464780411963;315.9709930242093;69.31125565917236;338.578512210847;-0.21249767399618008
1974.0;0.0;-0.00021341536263144568;0.0;0.004492829250736808;0.0;0.0;0.0;0.0;0.0;0.0;0.18016189210485584;0.0;0.734962515392997;-0.915030878384187;0.0;0.0;0.0;0.0;0.0;44.03464780411963;315.9709930242093;69.31125565917236;338.578512210847;-0.21249767399618008
1975.0;0.0;-0.00021341536263144568;0.0;0.004492829250736808;0.0;0.0;0.0;0.0;0.0;0.0;0.18016189210485584;0.0;0.734962515392997;-0.915030878384187;0.0;0.0;0.0;0.0;0.0;44.03464780411963;315.9709930242093;69.31125565917236;338.578512210847;-0.21249767399618008
1976.0;0.0;-0.00021341536263144568;0.0;0.004492829250736808;0.0;0.0;0.0;0.0;0.0;0.0;0.18016189210485584;0.0;0.734962515392997;-0.915030878384187;0.0;0.0;0.0;0.0;0.0;44.03464780411963;315.9709930242093;69.31125565917236;338.578512210847;-0.21249767399618008
1977.0;0.0;-0.00021341536263144568;0.0;0.004492829250736808;0.0;0.0;0.0;0.0;0.0;0.0;0.18016189210485584;0.0;0.734962515392997;-0.915030878384187;0.0;0.0;0.0;0.0;0.0;44.03464780411963;315.9709930242093;69.31125565917236;338.578512210847;-0.21249767399618008
1978.0;0.0;-0.00021341536263144568;0.0;0.004492829250736808;0.0;0.0;0.0;0.0;0.0;0.0;0.18016189210485584;0.0;0.734962515392997;-0.915030878384187;0.0;0.0;0.0;0.0;0.0;44.03464780411963;315.9709930242093;69.31125565917236;338.578512210847;-0.21249767399618008
1979.0;0.0;-0.00021341536263144568;0.0;0.004492829250736808;0.0;0.0;0.0;0.0;0.0;0.0;0.18016189210485584;0.0;0.734962515392997;-0.915030878384187;0.0;0.0;0.0;0.0;0.0;44.03464780411963;315.9709930242093;69.31125565917236;338.578512210847;-0.21249767399618008
1980.0;0.0;-0.00021341536263144568;0.0;0.004492829250736808;0.0;0.0;0.0;0.0;0.0;0.0;0.18016189210485584;0.0;0.734962515392997;-0.915030878384187;0.0;0.0;0.0;0.0;0.0;44.03464780411963;315.9709930242093;69.31125565917236;338.578512210847;-0.21249767399618008
1981.0;0.0;-0.00021341536263144568;0.0;0.004492829250736808;0.0;0.0;0.0;0.0;0.0;0.0;0.18016189210485584;0.0;0.734962515392997;-0.915030878384187;0.0;0.0;0.0;0.0;0.0;44.03464780411963;315.9709930242093;69.31125565917236;338.578512210847;-0.21249767399618008
1982.0;0.0;-0.00021341536263144568;0.0;0.004492829250736808;0.0;0.0;0.0;0.0;0.0;0.0;0.18016189210485584;0.0;0.734962515392997;-0.915030878384187;0.0;0.0;0.0;0.0;0.0;44.03464780411963;315.9709930242093;69.31125565917236;338.578512210847;-0.21249767399618008
1983.0;0.0;-0.00021341536263144568;0.0;0.004492829250736808;0.0;0.0;0.0;0.0;0.0;0.0;0.18016189210485584;0.0;0.734962515392997;-0.915030878384187;0.0;0.0;0.0;0.0;0.0;44.03464780411963;315.9709930242093;69.31125565917236;338.578512210847;-0.21249767399618008
1984.0;0.0;-0.00021341536263144568;0.0;0.004492829250736808;0.0;0.0;0.0;0.0;0.0;0.0;0.18016189210485584;0.0;0.734962515392997;-0.915030878384187;0.0;0.0;0.0;0.0;0.0;44.03464780411963;315.9709930242093;69.31125565917236;338.578512210847;-0.21249767399618008
1985.0;0.0;-0.00021341536263144568;0.0;0.004492829250736808;0.0;0.0;0.0;0.0;0.0;0.0;0.18016189210485584;0.0;0.734962515392997;-0.915030878384187;0.0;0.0;0.0;0.0;0.0;44.03464780411963;315.9709930242093;69.31125565917236;338.578512210847;-0.21249767399618008
1986.0;0.0;-0.00021341536263144568;0.0;0.004492829250736808;0.0;0.0;0.0;0.0;0.0;0.0;0.18016189210485584;0.0;0.734962515392997;-0.915030878384187;0.0;0.0;0.0;0.0;0.0;44.03464780411963;315.9709930242093;69.31125565917236;338.578512210847;-0.21249767399618008
1987.0;0.0;-0.00021341536263144568;0.0;0.004492829250736808;0.0;0.0;0.0;0.0;0.0;0.0;0.18016189210485584;0.0;0.734962515392997;-0.915030878384187;0.0;0.0;0.0;0.0;0.0;44.03464780411963;315.9709930242093;69.31125565917236;338.578512210847;-0.21249767399618008
1988.0;0.0;-0.00021341536263144568;0.0;0.004492829250736808;0.0;0.0;0.0;0.0;0.0;0.0;0.18016189210485584;0.0;0.734962515392997;-0.915030878384187;0.0;0.0;0.0;0.0;0.0;44.03464780411963;315.9709930242093;69.31125565917236;338.578512210847;-0.21249767399618008
1989.0;0.0;-0.00021341536263144568;0.0;0.004492829250736808;0.0;0.0;0.0;0.0;0.0;0.0;0.18016189210485584;0.0;0.734962515392997;-0.915030878384187;0.0;0.0;0.0;0.0;0.0;44.03464780411963;315.9709930242093;69.31125565917236;338.578512210847;-0.21249767399618008
1990.0;0.0;-0.00021341536263144568;0.0;0.004492829250736808;0.0;0.0;0.0;0.0;0.0;0.0;0.18016189210485584;0.0;0.734962515392997;-0.915030878384187;0.0;0.0;0.0;0.0;0.0;44.03464780411963;315.9709930242093;69.31125565917236;338.578512210847;-0.21249767399618008
1991.0;0.0;-0.00021341536263144568;0.0;0.004492829250736808;0.0;0.0;0.0;0.0;0.0;0.0;0.18016189210485584;0.0;0.734962515392997;-0.915030878384187;0.0;0.0;0.0;0.0;0.0;44.03464780411963;315.9709930242093;69.31125565917236;338.578512210847;-0.21249767399618008
1992.0;0.0;-0.00021341536263144568;0.0;0.004492829250736808;0.0;0.0;0.0;0.0;0.0;0.0;0.18016189210485584;0.0;0.734962515392997;-0.915030878384187;0.0;0.0;0.0;0.0;0.0;44.03464780411963;315.9709930242093;69.31125565917236;338.578512210847;-0.21249767399618008
1993.0;0.0;-0.00024139764938632197;0.0;0.004492829250736808;0.0;0.0;0.0;0.0;0.0;0.0;0.14756330224582856;0.0;1.2247457944539382;-1.372262998956476;0.0;0.0;0.0;0.0;0.0;44.03464780411963;315.9709930242093;69.31125565917236;338.578512210847;-0.21249767399618008
1994.0;0.0;-0.00024139764938632197;0.0;0.004492829250736808;0.0;0.0;0.0;0.0;0.0;0.0;0.14756330224582856;0.0;1.2247457944539382;-1.372262998956476;0.0;0.0;0.0;0.0;0.0;44.03464780411963;315.9709930242093;69.31125565917236;338.578512210847;-0.21249767399618008
1995.0;0.0;-0.00024139764938632197;0.0;0.004492829250736808;0.0;0.0;0.0;0.0;0.0;0.0;0.14756330224582856;0.0;1.2247457944539382;-1.372262998956476;0.0;0.0;0.0;0.0;0.0;44.03464780411963;315.9709930242093;69.31125565917236;338.578512210847;-0.21249767399618008
1996.0;0.0;-0.00024139764938632197;0.0;0.004492829250736808;0.0;0.0;0.0;0.0;0.0;0.0;0.14756330224582856;0.0;1.2247457944539382;-1.372262998956476;0.0;0.0;0.0;0.0;0.0;44.03464780411963;315.9709930242093;69.31125565917236;338.578512210847;-0.21249767399618008
1997.0;0.0;-0.00024139764938632197;0.0;0.004492829250736808;0.0;0.0;0.0;0.0;0.0;0.0;0.14756330224582856;0.0;1.2247457944539382;-1.372262998956476;0.0;0.0;0.0;0.0;0.0;44.03464780411963;315.9709930242093;69.31125565917236;338.578512210847;-0.21249767399618008
1998.0;0.0;-0.00024139764938632197;0.0;0.004492829250736808;0.0;0.0;0.0;0.0;0.0;0.0;0.14756330224582856;0.0;1.2247457944539382;-1.372262998956476;0.0;0.0;0.0;0.0;0.0;44.03464780411963;315.9709930242093;69.31125565917236;338.578512210847;-0.21249767399618008
1999.0;0.0;-0.00024139764938632197;0.0;0.004492829250736808;0.0;0.0;0.0;0.0;0.0;0.0;0.14756330224582856;0.0;1.2247457944539382;-1.372262998956476;0.0;0.0;0.0;0.0;0.0;44.03464780411963;315.9709930242093;69.31125565917236;338.578512210847;-0.21249767399618008
2000.0;0.0;-0.00024139764938632197;0.0;0.004492829250736808;0.0;0.0;0.0;0.0;0.0;0.0;0.14756330224582856;0.0;1.2247457944539382;-1.372262998956476;0.0;0.0;0.0;0.0;0.0;44.03464780411963;315.9709930242093;69.31125565917236;338.578512210847;-0.21249767399618008
2001.0;0.0;-0.00024139764938632197;0.0;0.004492829250736808;0.0;0.0;0.0;0.0;0.0;0.0;0.14756330224582856;0.0;1.2247457944539382;-1.372262998956476;0.0;0.0;0.0;0.0;0.0;44.03464780411963;315.9709930242093;69.31125565917236;338.578512210847;-0.21249767399618008
2002.0;0.0;-0.00024139764938632197;0.0;0.004492829250736808;0.0;0.0;0.0;0.0;0.0;0.0;0.14756330224582856;0.0;1.2247457944539382;-1.372262998956476;0.0;0.0;0.0;0.0;0.0;44.03464780411963;315.9709930242093;69.31125565917236;338.578512210847;-0.21249767399618008
2003.0;0.0;-0.00024139764938632197;0.0;0.004492829250736808;0.0;0.0;0.0;0.0;0.0;0.0;0.14756330224582856;0.0;1.2247457944539382;-1.372262998956476;0.0;0.0;0.0;0.0;0.0;44.03464780411963;315.9709930242093;69.31125565917236;338.578512210847;-0.21249767399618008
2004.0;0.0;-0.00024139764938632197;0.0;0.004492829250736808;0.0;0.0;0.0;0.0;0.0;0.0;0.14756330224582856;0.0;1.2247457944539382;-1.372262998956476;0.0;0.0;0.0;0.0;0.0;44.03464780411963;315.9709930242093;69.31125565917236;338.578512210847;-0.21249767399618008
2005.0;0.0;-0.00024139764938632197;0.0;0.004492829250736808;0.0;0.0;0.0;0.0;0.0;0.0;0.14756330224582856;0.0;1.2247457944539382;-1.372262998956476;0.0;0.0;0.0;0.0;0.0;44.03464780411963;315.9709930242093;69.31125565917236;338.578512210847;-0.21249767399618008
2006.0;0.0;-0.00024139764938632197;0.0;0.004492829250736808;0.0;0.0;0.0;0.0;0.0;0.0;0.14756330224582856;0.0;1.2247457944539382;-1.372262998956476;0.0;0.0;0.0;0.0;0.0;44.03464780411963;315.9709930242093;69.31125565917236;338.578512210847;-0.21249767399618008
2007.0;0.0;-0.00024139764938632197;0.0;0.004492829250736808;0.0;0.0;0.0;0.0;0.0;0.0;0.14756330224582856;0.0;1.2247457944539382;-1.372262998956476;0.0;0.0;0.0;0.0;0.0;44.03464780411963;315.9709930242093;69.31125565917236;338.578512210847;-0.21249767399618008
2008.0;0.0;-0.00024139764938632197;0.0;0.004492829250736808;0.0;0.0;0.0;0.0;0.0;0.0;0.14756330224582856;0.0;1.2247457944539382;-1.372262998956476;0.0;0.0;0.0;0.0;0.0;44.03464780411963;315.9709930242093;69.31125565917236;338.578512210847;-0.21249767399618008
2009.0;0.0;-0.00024139764938632197;0.0;0.004492829250736808;0.0;0.0;0.0;0.0;0.0;0.0;0.14756330224582856;0.0;1.2247457944539382;-1.372262998956476;0.0;0.0;0.0;0.0;0.0;44.03464780411963;315.9709930242093;69.31125565917236;338.578512210847;-0.21249767399618008
2010.0;0.0;-0.00024139764938632197;0.0;0.004492829250736808;0.0;0.0;0.0;0.0;0.0;0.0;0.14756330224582856;0.0;1.2247457944539382;-1.372262998956476;0.0;0.0;0.0;0.0;0.0;44.03464780411963;315.9709930242093;69.31125565917236;338.578512210847;-0.21249767399618008
2011.0;0.0;-0.00024139764938632197;0.0;0.004492829250736808;0.0;0.0;0.0;0.0;0.0;0.0;0.14756330224582856;0.0;1.2247457944539382;-1.372262998956476;0.0;0.0;0.0;0.0;0.0;44.03464780411963;315.9709930242093;69.31125565917236;338.578512210847;-0.21249767399618008
2012.0;0.0;-0.00024139764938632197;0.0;0.004492829250736808;0.0;0.0;0.0;0.0;0.0;0.0;0.14756330224582856;0.0;1.2247457944539382;-1.372262998956476;0.0;0.0;0.0;0.0;0.0;44.03464780411963;315.9709930242093;69.31125565917236;338.578512210847;-0.21249767399618008
2013.0;0.0;-0.00024139764938632197;0.0;0.004492829250736808;0.0;0.0;0.0;0.0;0.0;0.0;0.14756330224582856;0.0;1.2247457944539382;-1.372262998956476;0.0;0.0;0.0;0.0;0.0;44.03464780411963;315.9709930242093;69.31125565917236;338.578512210847;-0.21249767399618008
2014.0;0.0;-0.00024139764938632197;0.0;0.004492829250736808;0.0;0.0;0.0;0.0;0.0;0.0;0.14756330224582856;0.0;1.2247457944539382;-1.372262998956476;0.0;0.0;0.0;0.0;0.0;44.03464780411963;315.9709930242093;69.31125565917236;338.578512210847;-0.21249767399618008
2015.0;0.0;-0.00024139764938632197;0.0;0.004492829250736808;0.0;0.0;0.0;0.0;0.0;0.0;0.14756330224582856;0.0;1.2247457944539382;-1.372262998956476;0.0;0.0;0.0;0.0;0.0;44.03464780411963;315.9709930242093;69.31125565917236;338.578512210847;-0.21249767399618008
2016.0;0.0;-0.00024139764938632197;0.0;0.004492829250736808;0.0;0.0;0.0;0.0;0.0;0.0;0.14756330224582856;0.0;1.2247457944539382;-1.372262998956476;0.0;0.0;0.0;0.0;0.0;44.03464780411963;315.9709930242093;69.31125565917236;338.578512210847;-0.21249767399618008
2017.0;0.0;-1.0030044733601228e-7;0.0;0.004492829250736808;0.0;0.0;0.0;0.0;0.0;5.988324352479895e-13;0.17048129863691996;0.001169170367284795;1.1270395279544743;-1.2986912944644045;0.0;0.0;0.0;0.0;0.0;44.03464780411963;315.9709930242093;69.31125565917236;338.578512210847;-0.21249767399618008
2018.0;0.0;-1.0030044733601228e-7;0.0;0.004492829250736808;0.0;0.0;0.0;0.0;0.0;5.988324352479895e-13;0.17048129863691996;0.001169170367284795;1.1270395279544743;-1.2986912944644045;0.0;0.0;0.0;0.0;0.0;44.03464780411963;315.9709930242093;69.31125565917236;338.578512210847;-0.21249767399618008
2019.0;0.0;-1.0030044733601228e-7;0.0;0.004492829250736808;0.0;0.0;0.0;0.0;0.0;5.988324352479895e-13;0.17048129863691996;0.001169170367284795;1.1270395279544743;-1.2986912944644045;0.0;0.0;0.0;0.0;0.0;44.03464780411963;315.9709930242093;69.31125565917236;338.578512210847;-0.21249767399618008
2020.0;0.0;-1.0030044733601228e-7;0.0;0.004492829250736808;0.0;0.0;0.0;0.0;0.0;5.988324352479895e-13;0.17048129863691996;0.001169170367284795;1.1270395279544743;-1.2986912944644045;0.0;0.0;0.0;0.0;0.0;44.03464780411963;315.9709930242093;69.31125565917236;338.578512210847;-0.21249767399618008
2021.0;0.0;-1.0030044733601228e-7;0.0;0.004492829250736808;0.0;0.0;0.0;0.0;0.0;5.988324352479895e-13;0.17048129863691996;0.001169170367284795;1.1270395279544743;-1.2986912944644045;0.0;0.0;0.0;0.0;0.0;44.03464780411963;315.9709930242093;69.31125565917236;338.578512210847;-0.21249767399618008
2022.0;0.0;-1.0030044733601228e-7;0.0;0.004492829250736808;0.0;0.0;0.0;0.0;0.0;5.988324352479895e-13;0.17048129863691996;0.001169170367284795;1.1270395279544743;-1.2986912944644045;0.0;0.0;0.0;0.0;0.0;44.03464780411963;315.9709930242093;69.31125565917236;338.578512210847;-0.21249767399618008
2023.0;0.0;-1.0030044733601228e-7;0.0;0.004492829250736808;0.0;0.0;0.0;0.0;0.0;5.988324352479895e-13;0.17048129863691996;0.001169170367284795;1.1270395279544743;-1.2986912944644045;0.0;0.0;0.0;0.0;0.0;44.03464780411963;315.9709930242093;69.31125565917236;338.578512210847;-0.21249767399618008
2024.0;0.0;-1.0030044733601228e-7;0.0;0.004492829250736808;0.0;0.0;0.0;0.0;0.0;5.988324352479895e-13;0.17048129863691996;0.001169170367284795;1.1270395279544743;-1.2986912944644045;0.0;0.0;0.0;0.0;0.0;44.03464780411963;315.9709930242093;69.31125565917236;338.578512210847;-0.21249767399618008
2025.0;0.0;-1.0030044733601228e-7;0.0;0.004492829250736808;0.0;0.0;0.0;0.0;0.0;5.988324352479895e-13;0.17048129863691996;0.001169170367284795;1.1270395279544743;-1.2986912944644045;0.0;0.0;0.0;0.0;0.0;44.03464780411963;315.9709930242093;69.31125565917236;338.578512210847;-0.21249767399618008
2026.0;0.0;-1.0030044733601228e-7;0.0;0.004492829250736808;0.0;0.0;0.0;0.0;0.0;5.988324352479895e-13;0.17048129863691996;0.001169170367284795;1.1270395279544743;-1.2986912944644045;0.0;0.0;0.0;0.0;0.0;44.03464780411963;315.9709930242093;69.31125565917236;338.578512210847;-0.21249767399618008
2027.0;0.0;-1.0030044733601228e-7;0.0;0.004492829250736808;0.0;0.0;0.0;0.0;0.0;5.988324352479895e-13;0.17048129863691996;0.001169170367284795;1.1270395279544743;-1.2986912944644045;0.0;0.0;0.0;0.0;0.0;44.03464780411963;315.9709930242093;69.31125565917236;338.578512210847;-0.21249767399618008
2028.0;0.0;-1.0030044733601228e-7;0.0;0.004492829250736808;0.0;0.0;0.0;0.0;0.0;5.988324352479895e-13;0.17048129863691996;0.001169170367284795;1.1270395279544743;-1.2986912944644045;0.0;0.0;0.0;0.0;0.0;44.03464780411963;315.9709930242093;69.31125565917236;338.578512210847;-0.21249767399618008
2029.0;0.0;-1.0030044733601228e-7;0.0;0.004492829250736808;0.0;0.0;0.0;0.0;0.0;5.988324352479895e-13;0.17048129863691996;0.001169170367284795;1.1270395279544743;-1.2986912944644045;0.0;0.0;0.0;0.0;0.0;44.03464780411963;315.9709930242093;69.31125565917236;338.578512210847;-0.21249767399618008
2030.0;0.0;-1.0030044733601228e-7;0.0;0.004492829250736808;0.0;0.0;0.0;0.0;0.0;5.988324352479895e-13;0.17048129863691996;0.001169170367284795;1.1270395279544743;-1.2986912944644045;0.0;0.0;0.0;0.0;0.0;44.03464780411963;315.9709930242093;69.31125565917236;338.578512210847;-0.21249767399618008
2031.0;0.0;-1.0030044733601228e-7;0.0;0.004492829250736808;0.0;0.0;0.0;0.0;0.0;5.988324352479895e-13;0.17048129863691996;0.001169170367284795;1.1270395279544743;-1.2986912944644045;0.0;0.0;0.0;0.0;0.0;44.03464780411963;315.9709930242093;69.31125565917236;338.578512210847;-0.21249767399618008
2032.0;0.0;-1.0030044733601228e-7;0.0;0.004492829250736808;0.0;0.0;0.0;0.0;0.0;5.988324352479895e-13;0.17048129863691996;0.001169170367284795;1.1270395279544743;-1.2986912944644045;0.0;0.0;0.0;0.0;0.0;44.03464780411963;315.9709930242093;69.31125565917236;338.578512210847;-0.21249767399618008
2033.0;0.0;-1.0030044733601228e-7;0.0;0.004492829250736808;0.0;0.0;0.0;0.0;0.0;5.988324352479895e-13;0.17048129863691996;0.001169170367284795;1.1270395279544743;-1.2986912944644045;0.0;0.0;0.0;0.0;0.0;44.03464780411963;315.9709930242093;69.31125565917236;338.578512210847;-0.21249767399618008
2034.0;0.0;-1.0030044733601228e-7;0.0;0.004492829250736808;0.0;0.0;0.0;0.0;0.0;5.988324352479895e-13;0.17048129863691996;0.001169170367284795;1.1270395279544743;-1.2986912944644045;0.0;0.0;0.0;0.0;0.0;44.03464780411963;315.9709930242093;69.31125565917236;338.578512210847;-0.21249767399618008
2035.0;0.0;-1.0030044733601228e-7;0.0;0.004492829250736808;0.0;0.0;0.0;0.0;0.0;5.988324352479895e-13;0.17048129863691996;0.001169170367284795;1.1270395279544743;-1.2986912944644045;0.0;0.0;0.0;0.0;0.0;44.03464780411963;315.9709930242093;69.31125565917236;338.578512210847;-0.21249767399618008
2036.0;0.0;-1.0030044733601228e-7;0.0;0.004492829250736808;0.0;0.0;0.0;0.0;0.0;5.988324352479895e-13;0.17048129863691996;0.001169170367284795;1.1270395279544743;-1.2986912944644045;0.0;0.0;0.0;0.0;0.0;44.03464780411963;315.9709930242093;69.31125565917236;338.578512210847;-0.21249767399618008
2037.0;0.0;-1.0030044733601228e-7;0.0;0.004492829250736808;0.0;0.0;0.0;0.0;0.0;5.988324352479895e-13;0.17048129863691996;0.001169170367284795;1.1270395279544743;-1.2986912944644045;0.0;0.0;0.0;0.0;0.0;44.03464780411963;315.9709930242093;69.31125565917236;338.578512210847;-0.21249767399618008
2038.0;0.0;-1.0030044733601228e-7;0.0;0.004492829250736808;0.0;0.0;0.0;0.0;0.0;5.988324352479895e-13;0.17048129863691996;0.001169170367284795;1.1270395279544743;-1.2986912944644045;0.0;0.0;0.0;0.0;0.0;44.03464780411963;315.9709930242093;69.31125565917236;338.578512210847;-0.21249767399618008
2039.0;0.0;-1.0030044733601228e-7;0.0;0.004492829250736808;0.0;0.0;0.0;0.0;0.0;5.988324352479895e-13;0.17048129863691996;0.001169170367284795;1.1270395279544743;-1.2986912944644045;0.0;0.0;0.0;0.0;0.0;44.03464780411963;315.9709930242093;69.31125565917236;338.578512210847;-0.21249767399618008
2040.0;0.0;-1.0030044733601228e-7;0.0;0.004492829250736808;0.0;0.0;0.0;0.0;0.0;5.988324352479895e-13;0.17048129863691996;0.001169170367284795;1.1270395279544743;-1.2986912944644045;0.0;0.0;0.0;0.0;0.0;44.03464780411963;315.9709930242093;69.31125565917236;338.578512210847;-0.21249767399618008
2041.0;0.0;-0.00030938574652667936;0.0;0.004492829250736808;0.0;0.0;0.0;0.0;0.0;0.0;0.1879507845985744;0.0;0.35448005802721044;-0.5422785483283367;0.0;0.0;0.0;0.0;0.0;44.03464780411963;315.9709930242093;69.31125565917236;338.578512210847;-0.21249767399618008
2042.0;0.0;-0.00030938574652667936;0.0;0.004492829250736808;0.0;0.0;0.0;0.0;0.0;0.0;0.1879507845985744;0.0;0.35448005802721044;-0.5422785483283367;0.0;0.0;0.0;0.0;0.0;44.03464780411963;315.9709930242093;69.31125565917236;338.578512210847;-0.21249767399618008
2043.0;0.0;-0.00030938574652667936;0.0;0.004492829250736808;0.0;0.0;0.0;0.0;0.0;0.0;0.1879507845985744;0.0;0.35448005802721044;-0.5422785483283367;0.0;0.0;0.0;0.0;0.0;44.03464780411963;315.9709930242093;69.31125565917236;338.578512210847;-0.21249767399618008
2044.0;0.0;-0.00030938574652667936;0.0;0.004492829250736808;0.0;0.0;0.0;0.0;0.0;0.0;0.1879507845985744;0.0;0.35448005802721044;-0.5422785483283367;0.0;0.0;0.0;0.0;0.0;44.03464780411963;315.9709930242093;69.31125565917236;338.578512210847;-0.21249767399618008
2045.0;0.0;-0.00030938574652667936;0.0;0.004492829250736808;0.0;0.0;0.0;0.0;0.0;0.0;0.1879507845985744;0.0;0.35448005802721044;-0.5422785483283367;0.0;0.0;0.0;0.0;0.0;44.03464780411963;315.9709930242093;69.31125565917236;338.578512210847;-0.21249767399618008
2046.0;0.0;-0.00030938574652667936;0.0;0.004492829250736808;0.0;0.0;0.0;0.0;0.0;0.0;0.1879507845985744;0.0;0.35448005802721044;-0.5422785483283367;0.0;0.0;0.0;0.0;0.0;44.03464780411963;315.9709930242093;69.31125565917236;338.578512210847;-0.21249767399618008
2047.0;0.0;-0.00030938574652667936;0.0;0.004492829250736808;0.0;0.0;0.0;0.0;0.0;0.0;0.1879507845985744;0.0;0.35448005802721044;-0.5422785483283367;0.0;0.0;0.0;0.0;0.0;44.03464780411963;315.9709930242093;69.31125565917236;338.578512210847;-0.21249767399618008
2048.0;0.0;-0.00030938574652667936;0.0;0.004492829250736808;0.0;0.0;0.0;0.0;0.0;0.0;0.1879507845985744;0.0;0.35448005802721044;-0.5422785483283367;0.0;0.0;0.0;0.0;0.0;44.03464780411963;315.9709930242093;69.31125565917236;338.578512210847;-0.21249767399618008
2049.0;0.0;-0.00030938574652667936;0.0;0.004492829250736808;0.0;0.0;0.0;0.0;0.0;0.0;0.1879507845985744;0.0;0.35448005802721044;-0.5422785483283367;0.0;0.0;0.0;0.0;0.0;44.03464780411963;315.9709930242093;69.31125565917236;338.578512210847;-0.21249767399618008
2050.0;0.0;-0.00030938574652667936;0.0;0.004492829250736808;0.0;0.0;0.0;0.0;0.0;0.0;0.1879507845985744;0.0;0.35448005802721044;-0.5422785483283367;0.0;0.0;0.0;0.0;0.0;44.03464780411963;315.9709930242093;69.31125565917236;338.578512210847;-0.21249767399618008
2051.0;0.0;-0.00030938574652667936;0.0;0.004492829250736808;0.0;0.0;0.0;0.0;0.0;0.0;0.1879507845985744;0.0;0.35448005802721044;-0.5422785483283367;0.0;0.0;0.0;0.0;0.0;44.03464780411963;315.9709930242093;69.31125565917236;338.578512210847;-0.21249767399618008
2052.0;0.0;-0.00030938574652667936;0.0;0.004492829250736808;0.0;0.0;0.0;0.0;0.0;0.0;0.1879507845985744;0.0;0.35448005802721044;-0.5422785483283367;0.0;0.0;0.0;0.0;0.0;44.03464780411963;315.9709930242093;69.31125565917236;338.578512210847;-0.21249767399618008
2053.0;0.0;-0.00030938574652667936;0.0;0.004492829250736808;0.0;0.0;0.0;0.0;0.0;0.0;0.1879507845985744;0.0;0.35448005802721044;-0.5422785483283367;0.0;0.0;0.0;0.0;0.0;44.03464780411963;315.9709930242093;69.31125565917236;338.578512210847;-0.21249767399618008
2054.0;0.0;-0.00030938574652667936;0.0;0.004492829250736808;0.0;0.0;0.0;0.0;0.0;0.0;0.1879507845985744;0.0;0.35448005802721044;-0.5422785483283367;0.0;0.0;0.0;0.0;0.0;44.03464780411963;315.9709930242093;69.31125565917236;338.578512210847;-0.21249767399618008
2055.0;0.0;-0.00030938574652667936;0.0;0.004492829250736808;0.0;0.0;0.0;0.0;0.0;0.0;0.1879507845985744;0.0;0.35448005802721044;-0.5422785483283367;0.0;0.0;0.0;0.0;0.0;44.03464780411963;315.9709930242093;69.31125565917236;338.578512210847;-0.21249767399618008
2056.0;0.0;-0.00030938574652667936;0.0;0.004492829250736808;0.0;0.0;0.0;0.0;0.0;0.0;0.1879507845985744;0.0;0.35448005802721044;-0.5422785483283367;0.0;0.0;0.0;0.0;0.0;44.03464780411963;315.9709930242093;69.31125565917236;338.578512210847;-0.21249767399618008
2057.0;0.0;-0.00030938574652667936;0.0;0.004492829250736808;0.0;0.0;0.0;0.0;0.0;0.0;0.1879507845985744;0.0;0.35448005802721044;-0.5422785483283367;0.0;0.0;0.0;0.0;0.0;44.03464780411963;315.9709930242093;69.31125565917236;338.578512210847;-0.21249767399618008
2058.0;0.0;-0.00030938574652667936;0.0;0.004492829250736808;0.0;0.0;0.0;0.0;0.0;0.0;0.1879507845985744;0.0;0.35448005802721044;-0.5422785483283367;0.0;0.0;0.0;0.0;0.0;44.03464780411963;315.9709930242093;69.31125565917236;338.578512210847;-0.21249767399618008
2059.0;0.0;-0.00030938574652667936;0.0;0.004492829250736808;0.0;0.0;0.0;0.0;0.0;0.0;0.1879507845985744;0.0;0.35448005802721044;-0.5422785483283367;0.0;0.0;0.0;0.0;0.0;44.03464780411963;315.9709930242093;69.31125565917236;338.578512210847;-0.21249767399618008
2060.0;0.0;-0.00030938574652667936;0.0;0.004492829250736808;0.0;0.0;0.0;0.0;0.0;0.0;0.1879507845985744;0.0;0.35448005802721044;-0.5422785483283367;0.0;0.0;0.0;0.0;0.0;44.03464780411963;315.9709930242093;69.31125565917236;338.578512210847;-0.21249767399618008
2061.0;0.0;-0.00030938574652667936;0.0;0.004492829250736808;0.0;0.0;0.0;0.0;0.0;0.0;0.1879507845985744;0.0;0.35448005802721044;-0.5422785483283367;0.0;0.0;0.0;0.0;0.0;44.03464780411963;315.9709930242093;69.31125565917236;338.578512210847;-0.21249767399618008
2062.0;0.0;-0.00030938574652667936;0.0;0.004492829250736808;0.0;0.0;0.0;0.0;0.0;0.0;0.1879507845985744;0.0;0.35448005802721044;-0.5422785483283367;0.0;0.0;0.0;0.0;0.0;44.03464780411963;315.9709930242093;69.31125565917236;338.578512210847;-0.21249767399618008
2063.0;0.0;-0.00030938574652667936;0.0;0.004492829250736808;0.0;0.0;0.0;0.0;0.0;0.0;0.1879507845985744;0.0;0.35448005802721044;-0.5422785483283367;0.0;0.0;0.0;0.0;0.0;44.03464780411963;315.9709930242093;69.31125565917236;338.578512210847;-0.21249767399618008
2064.0;0.0;-0.00030938574652667936;0.0;0.004492829250736808;0.0;0.0;0.0;0.0;0.0;0.0;0.1879507845985744;0.0;0.35448005802721044;-0.5422785483283367;0.0;0.0;0.0;0.0;0.0;44.03464780411963;315.9709930242093;69.31125565917236;338.578512210847;-0.21249767399618008
2065.0;0.0;-0.0002454204728264653;0.0;0.004492829250736808;0.0;0.0;0.0;0.0;0.0;0.0;0.2558350022722997;0.0;1.3410155253207177;-1.5969500653975532;0.0;0.0;0.0;0.0;0.0;44.03464780411963;315.9709930242093;69.31125565917236;338.578512210847;-0.21249767399618008
2066.0;0.0;-0.0002454204728264653;0.0;0.004492829250736808;0.0;0.0;0.0;0.0;0.0;0.0;0.2558350022722997;0.0;1.3410155253207177;-1.5969500653975532;0.0;0.0;0.0;0.0;0.0;44.03464780411963;315.9709930242093;69.31125565917236;338.578512210847;-0.21249767399618008
2067.0;0.0;-0.0002454204728264653;0.0;0.004492829250736808;0.0;0.0;0.0;0.0;0.0;0.0;0.2558350022722997;0.0;1.3410155253207177;-1.5969500653975532;0.0;0.0;0.0;0.0;0.0;44.03464780411963;315.9709930242093;69.31125565917236;338.578512210847;-0.21249767399618008
2068.0;0.0;-0.0002454204728264653;0.0;0.004492829250736808;0.0;0.0;0.0;0.0;0.0;0.0;0.2558350022722997;0.0;1.3410155253207177;-1.5969500653975532;0.0;0.0;0.0;0.0;0.0;44.03464780411963;315.9709930242093;69.31125565917236;338.578512210847;-0.21249767399618008
2069.0;0.0;-0.0002454204728264653;0.0;0.004492829250736808;0.0;0.0;0.0;0.0;0.0;0.0;0.2558350022722997;0.0;1.3410155253207177;-1.5969500653975532;0.0;0.0;0.0;0.0;0.0;44.03464780411963;315.9709930242093;69.31125565917236;338.578512210847;-0.21249767399618008
2070.0;0.0;-0.0002454204728264653;0.0;0.004492829250736808;0.0;0.0;0.0;0.0;0.0;0.0;0.2558350022722997;0.0;1.3410155253207177;-1.5969500653975532;0.0;0.0;0.0;0.0;0.0;44.03464780411963;315.9709930242093;69.31125565917236;338.578512210847;-0.21249767399618008
2071.0;0.0;-0.0002454204728264653;0.0;0.004492829250736808;0.0;0.0;0.0;0.0;0.0;0.0;0.2558350022722997;0.0;1.3410155253207177;-1.5969500653975532;0.0;0.0;0.0;0.0;0.0;44.03464780411963;315.9709930242093;69.31125565917236;338.578512210847;-0.21249767399618008
2072.0;0.0;-0.0002454204728264653;0.0;0.004492829250736808;0.0;0.0;0.0;0.0;0.0;0.0;0.2558350022722997;0.0;1.3410155253207177;-1.5969500653975532;0.0;0.0;0.0;0.0;0.0;44.03464780411963;315.9709930242093;69.31125565917236;338.578512210847;-0.21249767399618008
2073.0;0.0;-0.0002454204728264653;0.0;0.004492829250736808;0.0;0.0;0.0;0.0;0.0;0.0;0.2558350022722997;0.0;1.3410155253207177;-1.5969500653975532;0.0;0.0;0.0;0.0;0.0;44.03464780411963;315.9709930242093;69.31125565917236;338.578512210847;-0.21249767399618008
2074.0;0.0;-0.0002454204728264653;0.0;0.004492829250736808;0.0;0.0;0.0;0.0;0.0;0.0;0.2558350022722997;0.0;1.3410155253207177;-1.5969500653975532;0.0;0.0;0.0;0.0;0.0;44.03464780411963;315.9709930242093;69.31125565917236;338.578512210847;-0.21249767399618008
2075.0;0.0;-0.0002454204728264653;0.0;0.004492829250736808;0.0;0.0;0.0;0.0;0.0;0.0;0.2558350022722997;0.0;1.3410155253207177;-1.5969500653975532;0.0;0.0;0.0;0.0;0.0;44.03464780411963;315.9709930242093;69.31125565917236;338.578512210847;-0.21249767399618008
2076.0;0.0;-0.0002454204728264653;0.0;0.004492829250736808;0.0;0.0;0.0;0.0;0.0;0.0;0.2558350022722997;0.0;1.3410155253207177;-1.5969500653975532;0.0;0.0;0.0;0.0;0.0;44.03464780411963;315.9709930242093;69.31125565917236;338.578512210847;-0.21249767399618008
2077.0;0.0;-0.0002454204728264653;0.0;0.004492829250736808;0.0;0.0;0.0;0.0;0.0;0.0;0.2558350022722997;0.0;1.3410155253207177;-1.5969500653975532;0.0;0.0;0.0;0.0;0.0;44.03464780411963;315.9709930242093;69.31125565917236;338.578512210847;-0.21249767399618008
2078.0;0.0;-0.0002454204728264653;0.0;0.004492829250736808;0.0;0.0;0.0;0.0;0.0;0.0;0.2558350022722997;0.0;1.3410155253207177;-1.5969500653975532;0.0;0.0;0.0;0.0;0.0;44.03464780411963;315.9709930242093;69.31125565917236;338.578512210847;-0.21249767399618008
2079.0;0.0;-0.0002454204728264653;0.0;0.004492829250736808;0.0;0.0;0.0;0.0;0.0;0.0;0.2558350022722997;0.0;1.3410155253207177;-1.5969500653975532;0.0;0.0;0.0;0.0;0.0;44.03464780411963;315.9709930242093;69.31125565917236;338.578512210847;-0.21249767399618008
2080.0;0.0;-0.0002454204728264653;0.0;0.004492829250736808;0.0;0.0;0.0;0.0;0.0;0.0;0.2558350022722997;0.0;1.3410155253207177;-1.5969500653975532;0.0;0.0;0.0;0.0;0.0;44.03464780411963;315.9709930242093;69.31125565917236;338.578512210847;-0.21249767399618008
2081.0;0.0;-0.0002454204728264653;0.0;0.004492829250736808;0.0;0.0;0.0;0.0;0.0;0.0;0.2558350022722997;0.0;1.3410155253207177;-1.5969500653975532;0.0;0.0;0.0;0.0;0.0;44.03464780411963;315.9709930242093;69.31125565917236;338.578512210847;-0.21249767399618008
2082.0;0.0;-0.0002454204728264653;0.0;0.004492829250736808;0.0;0.0;0.0;0.0;0.0;0.0;0.2558350022722997;0.0;1.3410155253207177;-1.5969500653975532;0.0;0.0;0.0;0.0;0.0;44.03464780411963;315.9709930242093;69.31125565917236;338.578512210847;-0.21249767399618008
2083.0;0.0;-0.0002454204728264653;0.0;0.004492829250736808;0.0;0.0;0.0;0.0;0.0;0.0;0.2558350022722997;0.0;1.3410155253207177;-1.5969500653975532;0.0;0.0;0.0;0.0;0.0;44.03464780411963;315.9709930242093;69.31125565917236;338.578512210847;-0.21249767399618008
2084.0;0.0;-0.0002454204728264653;0.0;0.004492829250736808;0.0;0.0;0.0;0.0;0.0;0.0;0.2558350022722997;0.0;1.3410155253207177;-1.5969500653975532;0.0;0.0;0.0;0.0;0.0;44.03464780411963;315.9709930242093;69.31125565917236;338.578512210847;-0.21249767399618008
2085.0;0.0;-0.0002454204728264653;0.0;0.004492829250736808;0.0;0.0;0.0;0.0;0.0;0.0;0.2558350022722997;0.0;1.3410155253207177;-1.5969500653975532;0.0;0.0;0.0;0.0;0.0;44.03464780411963;315.9709930242093;69.31125565917236;338.578512210847;-0.21249767399618008
2086.0;0.0;-0.0002454204728264653;0.0;0.004492829250736808;0.0;0.0;0.0;0.0;0.0;0.0;0.2558350022722997;0.0;1.3410155253207177;-1.5969500653975532;0.0;0.0;0.0;0.0;0.0;44.03464780411963;315.9709930242093;69.31125565917236;338.578512210847;-0.21249767399618008
2087.0;0.0;-0.0002454204728264653;0.0;0.004492829250736808;0.0;0.0;0.0;0.0;0.0;0.0;0.2558350022722997;0.0;1.3410155253207177;-1.5969500653975532;0.0;0.0;0.0;0.0;0.0;44.03464780411963;315.9709930242093;69.31125565917236;338.578512210847;-0.21249767399618008
2088.0;0.0;-0.0002454204728264653;0.0;0.004492829250736808;0.0;0.0;0.0;0.0;0.0;0.0;0.2558350022722997;0.0;1.3410155253207177;-1.5969500653975532;0.0;0.0;0.0;0.0;0.0;44.03464780411963;315.9709930242093;69.31125565917236;338.578512210847;-0.21249767399618008
2089.0;0.0;-0.00024050494729484925;0.0;0.004492829250736808;0.0;0.0;0.0;0.0;0.0;0.0;0.6523668335855182;0.0;2.282037242918691;-2.9345559013844156;0.0;0.0;0.0;0.0;0.0;44.03464780411963;315.9709930242093;69.31125565917236;338.578512210847;-0.21249767399618008
2090.0;0.0;-0.00024050494729484925;0.0;0.004492829250736808;0.0;0.0;0.0;0.0;0.0;0.0;0.6523668335855182;0.0;2.282037242918691;-2.9345559013844156;0.0;0.0;0.0;0.0;0.0;44.03464780411963;315.9709930242093;69.31125565917236;338.578512210847;-0.21249767399618008
2091.0;0.0;-0.00024050494729484925;0.0;0.004492829250736808;0.0;0.0;0.0;0.0;0.0;0.0;0.6523668335855182;0.0;2.282037242918691;-2.9345559013844156;0.0;0.0;0.0;0.0;0.0;44.03464780411963;315.9709930242093;69.31125565917236;338.578512210847;-0.21249767399618008
2092.0;0.0;-0.00024050494729484925;0.0;0.004492829250736808;0.0;0.0;0.0;0.0;0.0;0.0;0.6523668335855182;0.0;2.282037242918691;-2.9345559013844156;0.0;0.0;0.0;0.0;0.0;44.03464780411963;315.9709930242093;69.31125565917236;338.578512210847;-0.21249767399618008
2093.0;0.0;-0.00024050494729484925;0.0;0.004492829250736808;0.0;0.0;0.0;0.0;0.0;0.0;0.6523668335855182;0.0;2.282037242918691;-2.9345559013844156;0.0;0.0;0.0;0.0;0.0;44.03464780411963;315.9709930242093;69.31125565917236;338.578512210847;-0.21249767399618008
2094.0;0.0;-0.00024050494729484925;0.0;0.004492829250736808;0.0;0.0;0.0;0.0;0.0;0.0;0.6523668335855182;0.0;2.282037242918691;-2.9345559013844156;0.0;0.0;0.0;0.0;0.0;44.03464780411963;315.9709930242093;69.31125565917236;338.578512210847;-0.21249767399618008
2095.0;0.0;-0.00024050494729484925;0.0;0.004492829250736808;0.0;0.0;0.0;0.0;0.0;0.0;0.6523668335855182;0.0;2.282037242918691;-2.9345559013844156;0.0;0.0;0.0;0.0;0.0;44.03464780411963;315.9709930242093;69.31125565917236;338.578512210847;-0.21249767399618008
2096.0;0.0;-0.00024050494729484925;0.0;0.004492829250736808;0.0;0.0;0.0;0.0;0.0;0.0;0.6523668335855182;0.0;2.282037242918691;-2.9345559013844156;0.0;0.0;0.0;0.0;0.0;44.03464780411963;315.9709930242093;69.31125565917236;338.578512210847;-0.21249767399618008
2097.0;0.0;-0.00024050494729484925;0.0;0.004492829250736808;0.0;0.0;0.0;0.0;0.0;0.0;0.6523668335855182;0.0;2.282037242918691;-2.9345559013844156;0.0;0.0;0.0;0.0;0.0;44.03464780411963;315.9709930242093;69.31125565917236;338.578512210847;-0.21249767399618008
2098.0;0.0;-0.00024050494729484925;0.0;0.004492829250736808;0.0;0.0;0.0;0.0;0.0;0.0;0.6523668335855182;0.0;2.282037242918691;-2.9345559013844156;0.0;0.0;0.0;0.0;0.0;44.03464780411963;315.9709930242093;69.31125565917236;338.578512210847;-0.21249767399618008
2099.0;0.0;-0.00024050494729484925;0.0;0.004492829250736808;0.0;0.0;0.0;0.0;0.0;0.0;0.6523668335855182;0.0;2.282037242918691;-2.9345559013844156;0.0;0.0;0.0;0.0;0.0;44.03464780411963;315.9709930242093;69.31125565917236;338.578512210847;-0.21249767399618008
2100.0;0.0;-0.00024050494729484925;0.0;0.004492829250736808;0.0;0.0;0.0;0.0;0.0;0.0;0.6523668335855182;0.0;2.282037242918691;-2.9345559013844156;0.0;0.0;0.0;0.0;0.0;44.03464780411963;315.9709930242093;69.31125565917236;338.578512210847;-0.21249767399618008
2101.0;0.0;-0.00024050494729484925;0.0;0.004492829250736808;0.0;0.0;0.0;0.0;0.0;0.0;0.6523668335855182;0.0;2.282037242918691;-2.9345559013844156;0.0;0.0;0.0;0.0;0.0;44.03464780411963;315.9709930242093;69.31125565917236;338.578512210847;-0.21249767399618008
2102.0;0.0;-0.00024050494729484925;0.0;0.004492829250736808;0.0;0.0;0.0;0.0;0.0;0.0;0.6523668335855182;0.0;2.282037242918691;-2.9345559013844156;0.0;0.0;0.0;0.0;0.0;44.03464780411963;315.9709930242093;69.31125565917236;338.578512210847;-0.21249767399618008
2103.0;0.0;-0.00024050494729484925;0.0;0.004492829250736808;0.0;0.0;0.0;0.0;0.0;0.0;0.6523668335855182;0.0;2.282037242918691;-2.9345559013844156;0.0;0.0;0.0;0.0;0.0;44.03464780411963;315.9709930242093;69.31125565917236;338.578512210847;-0.21249767399618008
2104.0;0.0;-0.00024050494729484925;0.0;0.004492829250736808;0.0;0.0;0.0;0.0;0.0;0.0;0.6523668335855182;0.0;2.282037242918691;-2.9345559013844156;0.0;0.0;0.0;0.0;0.0;44.03464780411963;315.9709930242093;69.31125565917236;338.578512210847;-0.21249767399618008
2105.0;0.0;-0.00024050494729484925;0.0;0.004492829250736808;0.0;0.0;0.0;0.0;0.0;0.0;0.6523668335855182;0.0;2.282037242918691;-2.9345559013844156;0.0;0.0;0.0;0.0;0.0;44.03464780411963;315.9709930242093;69.31125565917236;338.578512210847;-0.21249767399618008
2106.0;0.0;-0.00024050494729484925;0.0;0.004492829250736808;0.0;0.0;0.0;0.0;0.0;0.0;0.6523668335855182;0.0;2.282037242918691;-2.9345559013844156;0.0;0.0;0.0;0.0;0.0;44.03464780411963;315.9709930242093;69.31125565917236;338.578512210847;-0.21249767399618008
2107.0;0.0;-0.00024050494729484925;0.0;0.004492829250736808;0.0;0.0;0.0;0.0;0.0;0.0;0.6523668335855182;0.0;2.282037242918691;-2.9345559013844156;0.0;0.0;0.0;0.0;0.0;44.03464780411963;315.9709930242093;69.31125565917236;338.578512210847;-0.21249767399618008
2108.0;0.0;-0.00024050494729484925;0.0;0.004492829250736808;0.0;0.0;0.0;0.0;0.0;0.0;0.6523668335855182;0.0;2.282037242918691;-2.9345559013844156;0.0;0.0;0.0;0.0;0.0;44.03464780411963;315.9709930242093;69.31125565917236;338.578512210847;-0.21249767399618008
2109.0;0.0;-0.00024050494729484925;0.0;0.004492829250736808;0.0;0.0;0.0;0.0;0.0;0.0;0.6523668335855182;0.0;2.282037242918691;-2.9345559013844156;0.0;0.0;0.0;0.0;0.0;44.03464780411963;315.9709930242093;69.31125565917236;338.578512210847;-0.21249767399618008
2110.0;0.0;-0.00024050494729484925;0.0;0.004492829250736808;0.0;0.0;0.0;0.0;0.0;0.0;0.6523668335855182;0.0;2.282037242918691;-2.9345559013844156;0.0;0.0;0.0;0.0;0.0;44.03464780411963;315.9709930242093;69.31125565917236;338.578512210847;-0.21249767399618008
2111.0;0.0;-0.00024050494729484925;0.0;0.004492829250736808;0.0;0.0;0.0;0.0;0.0;0.0;0.6523668335855182;0.0;2.282037242918691;-2.9345559013844156;0.0;0.0;0.0;0.0;0.0;44.03464780411963;315.9709930242093;69.31125565917236;338.578512210847;-0.21249767399618008
2112.0;0.0;-0.00024050494729484925;0.0;0.004492829250736808;0.0;0.0;0.0;0.0;0.0;0.0;0.6523668335855182;0.0;2.282037242918691;-2.9345559013844156;0.0;0.0;0.0;0.0;0.0;44.03464780411963;315.9709930242093;69.31125565917236;338.578512210847;-0.21249767399618008
2113.0;0.0;-1.5417115680420702e-6;0.0;0.007095500467072899;0.0;0.0;0.0;0.0;0.0;0.0;0.29703314341453046;7.657897191787096e-5;2.9372604655218124;-3.234371160442263;0.0;0.0;0.0;0.0;0.0;36.65477344816178;328.48442484420434;66.72987818298225;344.6926239834251;-0.1480978240729386
2114.0;0.0;-1.5417115680420702e-6;0.0;0.007095500467072899;0.0;0.0;0.0;0.0;0.0;0.0;0.29703314341453046;7.657897191787096e-5;2.9372604655218124;-3.234371160442263;0.0;0.0;0.0;0.0;0.0;36.65477344816178;328.48442484420434;66.72987818298225;344.6926239834251;-0.1480978240729386
2115.0;0.0;-1.5417115680420702e-6;0.0;0.007095500467072899;0.0;0.0;0.0;0.0;0.0;0.0;0.29703314341453046;7.657897191787096e-5;2.9372604655218124;-3.234371160442263;0.0;0.0;0.0;0.0;0.0;36.65477344816178;328.48442484420434;66.72987818298225;344.6926239834251;-0.1480978240729386
2116.0;0.0;-1.5417115680420702e-6;0.0;0.007095500467072899;0.0;0.0;0.0;0.0;0.0;0.0;0.29703314341453046;7.657897191787096e-5;2.9372604655218124;-3.234371160442263;0.0;0.0;0.0;0.0;0.0;36.65477344816178;328.48442484420434;66.72987818298225;344.6926239834251;-0.1480978240729386
2117.0;0.0;-1.5417115680420702e-6;0.0;0.007095500467072899;0.0;0.0;0.0;0.0;0.0;0.0;0.29703314341453046;7.657897191787096e-5;2.9372604655218124;-3.234371160442263;0.0;0.0;0.0;0.0;0.0;36.65477344816178;328.48442484420434;66.72987818298225;344.6926239834251;-0.1480978240729386
2118.0;0.0;-1.5417115680420702e-6;0.0;0.007095500467072899;0.0;0.0;0.0;0.0;0.0;0.0;0.29703314341453046;7.657897191787096e-5;2.9372604655218124;-3.234371160442263;0.0;0.0;0.0;0.0;0.0;36.65477344816178;328.48442484420434;66.72987818298225;344.6926239834251;-0.1480978240729386
2119.0;0.0;-1.5417115680420702e-6;0.0;0.007095500467072899;0.0;0.0;0.0;0.0;0.0;0.0;0.29703314341453046;7.657897191787096e-5;2.9372604655218124;-3.234371160442263;0.0;0.0;0.0;0.0;0.0;36.65477344816178;328.48442484420434;66.72987818298225;344.6926239834251;-0.1480978240729386
2120.0;0.0;-1.5417115680420702e-6;0.0;0.007095500467072899;0.0;0.0;0.0;0.0;0.0;0.0;0.29703314341453046;7.657897191787096e-5;2.9372604655218124;-3.234371160442263;0.0;0.0;0.0;0.0;0.0;36.65477344816178;328.48442484420434;66.72987818298225;344.6926239834251;-0.1480978240729386
2121.0;0.0;-1.5417115680420702e-6;0.0;0.007095500467072899;0.0;0.0;0.0;0.0;0.0;0.0;0.29703314341453046;7.657897191787096e-5;2.9372604655218124;-3.234371160442263;0.0;0.0;0.0;0.0;0.0;36.65477344816178;328.48442484420434;66.72987818298225;344.6926239834251;-0.1480978240729386
2122.0;0.0;-1.5417115680420702e-6;0.0;0.007095500467072899;0.0;0.0;0.0;0.0;0.0;0.0;0.29703314341453046;7.657897191787096e-5;2.9372604655218124;-3.234371160442263;0.0;0.0;0.0;0.0;0.0;36.65477344816178;328.48442484420434;66.72987818298225;344.6926239834251;-0.1480978240729386
2123.0;0.0;-1.5417115680420702e-6;0.0;0.007095500467072899;0.0;0.0;0.0;0.0;0.0;0.0;0.29703314341453046;7.657897191787096e-5;2.9372604655218124;-3.234371160442263;0.0;0.0;0.0;0.0;0.0;36.65477344816178;328.48442484420434;66.72987818298225;344.6926239834251;-0.1480978240729386
2124.0;0.0;-1.5417115680420702e-6;0.0;0.007095500467072899;0.0;0.0;0.0;0.0;0.0;0.0;0.29703314341453046;7.657897191787096e-5;2.9372604655218124;-3.234371160442263;0.0;0.0;0.0;0.0;0.0;36.65477344816178;328.48442484420434;66.72987818298225;344.6926239834251;-0.1480978240729386
2125.0;0.0;-1.5417115680420702e-6;0.0;0.007095500467072899;0.0;0.0;0.0;0.0;0.0;0.0;0.29703314341453046;7.657897191787096e-5;2.9372604655218124;-3.234371160442263;0.0;0.0;0.0;0.0;0.0;36.65477344816178;328.48442484420434;66.72987818298225;344.6926239834251;-0.1480978240729386
2126.0;0.0;-1.5417115680420702e-6;0.0;0.007095500467072899;0.0;0.0;0.0;0.0;0.0;0.0;0.29703314341453046;7.657897191787096e-5;2.9372604655218124;-3.234371160442263;0.0;0.0;0.0;0.0;0.0;36.65477344816178;328.48442484420434;66.72987818298225;344.6926239834251;-0.1480978240729386
2127.0;0.0;-1.5417115680420702e-6;0.0;0.007095500467072899;0.0;0.0;0.0;0.0;0.0;0.0;0.29703314341453046;7.657897191787096e-5;2.9372604655218124;-3.234371160442263;0.0;0.0;0.0;0.0;0.0;36.65477344816178;328.48442484420434;66.72987818298225;344.6926239834251;-0.1480978240729386
2128.0;0.0;-1.5417115680420702e-6;0.0;0.007095500467072899;0.0;0.0;0.0;0.0;0.0;0.0;0.29703314341453046;7.657897191787096e-5;2.9372604655218124;-3.234371160442263;0.0;0.0;0.0;0.0;0.0;36.65477344816178;328.48442484420434;66.72987818298225;344.6926239834251;-0.1480978240729386
2129.0;0.0;-1.5417115680420702e-6;0.0;0.007095500467072899;0.0;0.0;0.0;0.0;0.0;0.0;0.29703314341453046;7.657897191787096e-5;2.9372604655218124;-3.234371160442263;0.0;0.0;0.0;0.0;0.0;36.65477344816178;328.48442484420434;66.72987818298225;344.6926239834251;-0.1480978240729386
2130.0;0.0;-1.5417115680420702e-6;0.0;0.007095500467072899;0.0;0.0;0.0;0.0;0.0;0.0;0.29703314341453046;7.657897191787096e-5;2.9372604655218124;-3.234371160442263;0.0;0.0;0.0;0.0;0.0;36.65477344816178;328.48442484420434;66.72987818298225;344.6926239834251;-0.1480978240729386
2131.0;0.0;-1.5417115680420702e-6;0.0;0.007095500467072899;0.0;0.0;0.0;0.0;0.0;0.0;0.29703314341453046;7.657897191787096e-5;2.9372604655218124;-3.234371160442263;0.0;0.0;0.0;0.0;0.0;36.65477344816178;328.48442484420434;66.72987818298225;344.6926239834251;-0.1480978240729386
2132.0;0.0;-1.5417115680420702e-6;0.0;0.007095500467072899;0.0;0.0;0.0;0.0;0.0;0.0;0.29703314341453046;7.657897191787096e-5;2.9372604655218124;-3.234371160442263;0.0;0.0;0.0;0.0;0.0;36.65477344816178;328.48442484420434;66.72987818298225;344.6926239834251;-0.1480978240729386
2133.0;0.0;-1.5417115680420702e-6;0.0;0.007095500467072899;0.0;0.0;0.0;0.0;0.0;0.0;0.29703314341453046;7.657897191787096e-5;2.9372604655218124;-3.234371160442263;0.0;0.0;0.0;0.0;0.0;36.65477344816178;328.48442484420434;66.72987818298225;344.6926239834251;-0.1480978240729386
2134.0;0.0;-1.5417115680420702e-6;0.0;0.007095500467072899;0.0;0.0;0.0;0.0;0.0;0.0;0.29703314341453046;7.657897191787096e-5;2.9372604655218124;-3.234371160442263;0.0;0.0;0.0;0.0;0.0;36.65477344816178;328.48442484420434;66.72987818298225;344.6926239834251;-0.1480978240729386
2135.0;0.0;-1.5417115680420702e-6;0.0;0.007095500467072899;0.0;0.0;0.0;0.0;0.0;0.0;0.29703314341453046;7.657897191787096e-5;2.9372604655218124;-3.234371160442263;0.0;0.0;0.0;0.0;0.0;36.65477344816178;328.48442484420434;66.72987818298225;344.6926239834251;-0.1480978240729386
2136.0;0.0;-1.5417115680420702e-6;0.0;0.007095500467072899;0.0;0.0;0.0;0.0;0.0;0.0;0.29703314341453046;7.657897191787096e-5;2.9372604655218124;-3.234371160442263;0.0;0.0;0.0;0.0;0.0;36.65477344816178;328.48442484420434;66.72987818298225;344.6926239834251;-0.1480978240729386
2137.0;0.0;-0.0006355692982354674;0.0;0.007095500467072899;0.0;0.0;0.0;0.0;0.0;0.0;0.4802635973490257;0.0;0.9407128139148566;-1.4193378936809133;0.0;0.0;0.0;0.0;0.0;36.65477344816178;328.48442484420434;66.72987818298225;344.6926239834251;-0.1480978240729386
2138.0;0.0;-0.0006355692982354674;0.0;0.007095500467072899;0.0;0.0;0.0;0.0;0.0;0.0;0.4802635973490257;0.0;0.9407128139148566;-1.4193378936809133;0.0;0.0;0.0;0.0;0.0;36.65477344816178;328.48442484420434;66.72987818298225;344.6926239834251;-0.1480978240729386
2139.0;0.0;-0.0006355692982354674;0.0;0.007095500467072899;0.0;0.0;0.0;0.0;0.0;0.0;0.4802635973490257;0.0;0.9407128139148566;-1.4193378936809133;0.0;0.0;0.0;0.0;0.0;36.65477344816178;328.48442484420434;66.72987818298225;344.6926239834251;-0.1480978240729386
2140.0;0.0;-0.0006355692982354674;0.0;0.007095500467072899;0.0;0.0;0.0;0.0;0.0;0.0;0.4802635973490257;0.0;0.9407128139148566;-1.4193378936809133;0.0;0.0;0.0;0.0;0.0;36.65477344816178;328.48442484420434;66.72987818298225;344.6926239834251;-0.1480978240729386
2141.0;0.0;-0.0006355692982354674;0.0;0.007095500467072899;0.0;0.0;0.0;0.0;0.0;0.0;0.4802635973490257;0.0;0.9407128139148566;-1.4193378936809133;0.0;0.0;0.0;0.0;0.0;36.65477344816178;328.48442484420434;66.72987818298225;344.6926239834251;-0.1480978240729386
2142.0;0.0;-0.0006355692982354674;0.0;0.007095500467072899;0.0;0.0;0.0;0.0;0.0;0.0;0.4802635973490257;0.0;0.9407128139148566;-1.4193378936809133;0.0;0.0;0.0;0.0;0.0;36.65477344816178;328.48442484420434;66.72987818298225;344.6926239834251;-0.1480978240729386
2143.0;0.0;-0.0006355692982354674;0.0;0.007095500467072899;0.0;0.0;0.0;0.0;0.0;0.0;0.4802635973490257;0.0;0.9407128139148566;-1.4193378936809133;0.0;0.0;0.0;0.0;0.0;36.65477344816178;328.48442484420434;66.72987818298225;344.6926239834251;-0.1480978240729386
2144.0;0.0;-0.0006355692982354674;0.0;0.007095500467072899;0.0;0.0;0.0;0.0;0.0;0.0;0.4802635973490257;0.0;0.9407128139148566;-1.4193378936809133;0.0;0.0;0.0;0.0;0.0;36.65477344816178;328.48442484420434;66.72987818298225;344.6926239834251;-0.1480978240729386
2145.0;0.0;-0.0006355692982354674;0.0;0.007095500467072899;0.0;0.0;0.0;0.0;0.0;0.0;0.4802635973490257;0.0;0.9407128139148566;-1.4193378936809133;0.0;0.0;0.0;0.0;0.0;36.65477344816178;328.48442484420434;66.72987818298225;344.6926239834251;-0.1480978240729386
2146.0;0.0;-0.0006355692982354674;0.0;0.007095500467072899;0.0;0.0;0.0;0.0;0.0;0.0;0.4802635973490257;0.0;0.9407128139148566;-1.4193378936809133;0.0;0.0;0.0;0.0;0.0;36.65477344816178;328.48442484420434;66.72987818298225;344.6926239834251;-0.1480978240729386
2147.0;0.0;-0.0006355692982354674;0.0;0.007095500467072899;0.0;0.0;0.0;0.0;0.0;0.0;0.4802635973490257;0.0;0.9407128139148566;-1.4193378936809133;0.0;0.0;0.0;0.0;0.0;36.65477344816178;328.48442484420434;66.72987818298225;344.6926239834251;-0.1480978240729386
2148.0;0.0;-0.0006355692982354674;0.0;0.007095500467072899;0.0;0.0;0.0;0.0;0.0;0.0;0.4802635973490257;0.0;0.9407128139148566;-1.4193378936809133;0.0;0.0;0.0;0.0;0.0;36.65477344816178;328.48442484420434;66.72987818298225;344.6926239834251;-0.1480978240729386
2149.0;0.0;-0.0006355692982354674;0.0;0.007095500467072899;0.0;0.0;0.0;0.0;0.0;0.0;0.4802635973490257;0.0;0.9407128139148566;-1.4193378936809133;0.0;0.0;0.0;0.0;0.0;36.65477344816178;328.48442484420434;66.72987818298225;344.6926239834251;-0.1480978240729386
2150.0;0.0;-0.0006355692982354674;0.0;0.007095500467072899;0.0;0.0;0.0;0.0;0.0;0.0;0.4802635973490257;0.0;0.9407128139148566;-1.4193378936809133;0.0;0.0;0.0;0.0;0.0;36.65477344816178;328.48442484420434;66.72987818298225;344.6926239834251;-0.1480978240729386
2151.0;0.0;-0.0006355692982354674;0.0;0.007095500467072899;0.0;0.0;0.0;0.0;0.0;0.0;0.4802635973490257;0.0;0.9407128139148566;-1.4193378936809133;0.0;0.0;0.0;0.0;0.0;36.65477344816178;328.48442484420434;66.72987818298225;344.6926239834251;-0.1480978240729386
2152.0;0.0;-0.0006355692982354674;0.0;0.007095500467072899;0.0;0.0;0.0;0.0;0.0;0.0;0.4802635973490257;0.0;0.9407128139148566;-1.4193378936809133;0.0;0.0;0.0;0.0;0.0;36.65477344816178;328.48442484420434;66.72987818298225;344.6926239834251;-0.1480978240729386
2153.0;0.0;-0.0006355692982354674;0.0;0.007095500467072899;0.0;0.0;0.0;0.0;0.0;0.0;0.4802635973490257;0.0;0.9407128139148566;-1.4193378936809133;0.0;0.0;0.0;0.0;0.0;36.65477344816178;328.48442484420434;66.72987818298225;344.6926239834251;-0.1480978240729386
2154.0;0.0;-0.0006355692982354674;0.0;0.007095500467072899;0.0;0.0;0.0;0.0;0.0;0.0;0.4802635973490257;0.0;0.9407128139148566;-1.4193378936809133;0.0;0.0;0.0;0.0;0.0;36.65477344816178;328.48442484420434;66.72987818298225;344.6926239834251;-0.1480978240729386
2155.0;0.0;-0.0006355692982354674;0.0;0.007095500467072899;0.0;0.0;0.0;0.0;0.0;0.0;0.4802635973490257;0.0;0.9407128139148566;-1.4193378936809133;0.0;0.0;0.0;0.0;0.0;36.65477344816178;328.48442484420434;66.72987818298225;344.6926239834251;-0.1480978240729386
2156.0;0.0;-0.0006355692982354674;0.0;0.007095500467072899;0.0;0.0;0.0;0.0;0.0;0.0;0.4802635973490257;0.0;0.9407128139148566;-1.4193378936809133;0.0;0.0;0.0;0.0;0.0;36.65477344816178;328.48442484420434;66.72987818298225;344.6926239834251;-0.1480978240729386
2157.0;0.0;-0.0006355692982354674;0.0;0.007095500467072899;0.0;0.0;0.0;0.0;0.0;0.0;0.4802635973490257;0.0;0.9407128139148566;-1.4193378936809133;0.0;0.0;0.0;0.0;0.0;36.65477344816178;328.48442484420434;66.72987818298225;344.6926239834251;-0.1480978240729386
2158.0;0.0;-0.0006355692982354674;0.0;0.007095500467072899;0.0;0.0;0.0;0.0;0.0;0.0;0.4802635973490257;0.0;0.9407128139148566;-1.4193378936809133;0.0;0.0;0.0;0.0;0.0;36.65477344816178;328.48442484420434;66.72987818298225;344.6926239834251;-0.1480978240729386
2159.0;0.0;-0.0006355692982354674;0.0;0.007095500467072899;0.0;0.0;0.0;0.0;0.0;0.0;0.4802635973490257;0.0;0.9407128139148566;-1.4193378936809133;0.0;0.0;0.0;0.0;0.0;36.65477344816178;328.48442484420434;66.72987818298225;344.6926239834251;-0.1480978240729386
2160.0;0.0;-0.0006355692982354674;0.0;0.007095500467072899;0.0;0.0;0.0;0.0;0.0;0.0;0.4802635973490257;0.0;0.9407128139148566;-1.4193378936809133;0.0;0.0;0.0;0.0;0.0;36.65477344816178;328.48442484420434;66.72987818298225;344.6926239834251;-0.1480978240729386
2161.0;0.0;-0.00017768206192379175;0.0;0.007095500467072899;0.0;0.0;0.0;0.0;0.0;0.0;0.12022831328299749;0.0;0.8556819752616471;-0.9756901729204658;0.0;0.0;0.0;0.0;0.0;36.65477344816178;328.48442484420434;66.72987818298225;344.6926239834251;-0.1480978240729386
2162.0;0.0;-0.00017768206192379175;0.0;0.007095500467072899;0.0;0.0;0.0;0.0;0.0;0.0;0.12022831328299749;0.0;0.8556819752616471;-0.9756901729204658;0.0;0.0;0.0;0.0;0.0;36.65477344816178;328.48442484420434;66.72987818298225;344.6926239834251;-0.1480978240729386
2163.0;0.0;-0.00017768206192379175;0.0;0.007095500467072899;0.0;0.0;0.0;0.0;0.0;0.0;0.12022831328299749;0.0;0.8556819752616471;-0.9756901729204658;0.0;0.0;0.0;0.0;0.0;36.65477344816178;328.48442484420434;66.72987818298225;344.6926239834251;-0.1480978240729386
2164.0;0.0;-0.00017768206192379175;0.0;0.007095500467072899;0.0;0.0;0.0;0.0;0.0;0.0;0.12022831328299749;0.0;0.8556819752616471;-0.9756901729204658;0.0;0.0;0.0;0.0;0.0;36.65477344816178;328.48442484420434;66.72987818298225;344.6926239834251;-0.1480978240729386
2165.0;0.0;-0.00017768206192379175;0.0;0.007095500467072899;0.0;0.0;0.0;0.0;0.0;0.0;0.12022831328299749;0.0;0.8556819752616471;-0.9756901729204658;0.0;0.0;0.0;0.0;0.0;36.65477344816178;328.48442484420434;66.72987818298225;344.6926239834251;-0.1480978240729386
2166.0;0.0;-0.00017768206192379175;0.0;0.007095500467072899;0.0;0.0;0.0;0.0;0.0;0.0;0.12022831328299749;0.0;0.8556819752616471;-0.9756901729204658;0.0;0.0;0.0;0.0;0.0;36.65477344816178;328.48442484420434;66.72987818298225;344.6926239834251;-0.1480978240729386
2167.0;0.0;-0.00017768206192379175;0.0;0.007095500467072899;0.0;0.0;0.0;0.0;0.0;0.0;0.12022831328299749;0.0;0.8556819752616471;-0.9756901729204658;0.0;0.0;0.0;0.0;0.0;36.65477344816178;328.48442484420434;66.72987818298225;344.6926239834251;-0.1480978240729386
2168.0;0.0;-0.00017768206192379175;0.0;0.007095500467072899;0.0;0.0;0.0;0.0;0.0;0.0;0.12022831328299749;0.0;0.8556819752616471;-0.9756901729204658;0.0;0.0;0.0;0.0;0.0;36.65477344816178;328.48442484420434;66.72987818298225;344.6926239834251;-0.1480978240729386
2169.0;0.0;-0.00017768206192379175;0.0;0.007095500467072899;0.0;0.0;0.0;0.0;0.0;0.0;0.12022831328299749;0.0;0.8556819752616471;-0.9756901729204658;0.0;0.0;0.0;0.0;0.0;36.65477344816178;328.48442484420434;66.72987818298225;344.6926239834251;-0.1480978240729386
2170.0;0.0;-0.00017768206192379175;0.0;0.007095500467072899;0.0;0.0;0.0;0.0;0.0;0.0;0.12022831328299749;0.0;0.8556819752616471;-0.9756901729204658;0.0;0.0;0.0;0.0;0.0;36.65477344816178;328.48442484420434;66.72987818298225;344.6926239834251;-0.1480978240729386
2171.0;0.0;-0.00017768206192379175;0.0;0.007095500467072899;0.0;0.0;0.0;0.0;0.0;0.0;0.12022831328299749;0.0;0.8556819752616471;-0.9756901729204658;0.0;0.0;0.0;0.0;0.0;36.65477344816178;328.48442484420434;66.72987818298225;344.6926239834251;-0.1480978240729386
2172.0;0.0;-0.00017768206192379175;0.0;0.007095500467072899;0.0;0.0;0.0;0.0;0.0;0.0;0.12022831328299749;0.0;0.8556819752616471;-0.9756901729204658;0.0;0.0;0.0;0.0;0.0;36.65477344816178;328.48442484420434;66.72987818298225;344.6926239834251;-0.1480978240729386
2173.0;0.0;-0.00017768206192379175;0.0;0.007095500467072899;0.0;0.0;0.0;0.0;0.0;0.0;0.12022831328299749;0.0;0.8556819752616471;-0.9756901729204658;0.0;0.0;0.0;0.0;0.0;36.65477344816178;328.48442484420434;66.72987818298225;344.6926239834251;-0.1480978240729386
2174.0;0.0;-0.00017768206192379175;0.0;0.007095500467072899;0.0;0.0;0.0;0.0;0.0;0.0;0.12022831328299749;0.0;0.8556819752616471;-0.9756901729204658;0.0;0.0;0.0;0.0;0.0;36.65477344816178;328.48442484420434;66.72987818298225;344.6926239834251;-0.1480978240729386
2175.0;0.0;-0.00017768206192379175;0.0;0.007095500467072899;0.0;0.0;0.0;0.0;0.0;0.0;0.12022831328299749;0.0;0.8556819752616471;-0.9756901729204658;0.0;0.0;0.0;0.0;0.0;36.65477344816178;328.48442484420434;66.72987818298225;344.6926239834251;-0.1480978240729386
2176.0;0.0;-0.00017768206192379175;0.0;0.007095500467072899;0.0;0.0;0.0;0.0;0.0;0.0;0.12022831328299749;0.0;0.8556819752616471;-0.9756901729204658;0.0;0.0;0.0;0.0;0.0;36.65477344816178;328.48442484420434;66.72987818298225;344.6926239834251;-0.1480978240729386
2177.0;0.0;-0.00017768206192379175;0.0;0.007095500467072899;0.0;0.0;0.0;0.0;0.0;0.0;0.12022831328299749;0.0;0.8556819752616471;-0.9756901729204658;0.0;0.0;0.0;0.0;0.0;36.65477344816178;328.48442484420434;66.72987818298225;344.6926239834251;-0.1480978240729386
2178.0;0.0;-0.00017768206192379175;0.0;0.007095500467072899;0.0;0.0;0.0;0.0;0.0;0.0;0.12022831328299749;0.0;0.8556819752616471;-0.9756901729204658;0.0;0.0;0.0;0.0;0.0;36.65477344816178;328.48442484420434;66.72987818298225;344.6926239834251;-0.1480978240729386
2179.0;0.0;-0.00017768206192379175;0.0;0.007095500467072899;0.0;0.0;0.0;0.0;0.0;0.0;0.12022831328299749;0.0;0.8556819752616471;-0.9756901729204658;0.0;0.0;0.0;0.0;0.0;36.65477344816178;328.48442484420434;66.72987818298225;344.6926239834251;-0.1480978240729386
2180.0;0.0;-0.00017768206192379175;0.0;0.007095500467072899;0.0;0.0;0.0;0.0;0.0;0.0;0.12022831328299749;0.0;0.8556819752616471;-0.9756901729204658;0.0;0.0;0.0;0.0;0.0;36.65477344816178;328.48442484420434;66.72987818298225;344.6926239834251;-0.1480978240729386
2181.0;0.0;-0.00017768206192379175;0.0;0.007095500467072899;0.0;0.0;0.0;0.0;0.0;0.0;0.12022831328299749;0.0;0.8556819752616471;-0.9756901729204658;0.0;0.0;0.0;0.0;0.0;36.65477344816178;328.48442484420434;66.72987818298225;344.6926239834251;-0.1480978240729386
2182.0;0.0;-0.00017768206192379175;0.0;0.007095500467072899;0.0;0.0;0.0;0.0;0.0;0.0;0.12022831328299749;0.0;0.8556819752616471;-0.9756901729204658;0.0;0.0;0.0;0.0;0.0;36.65477344816178;328.48442484420434;66.72987818298225;344.6926239834251;-0.1480978240729386
2183.0;0.0;-0.00017768206192379175;0.0;0.007095500467072899;0.0;0.0;0.0;0.0;0.0;0.0;0.12022831328299749;0.0;0.8556819752616471;-0.9756901729204658;0.0;0.0;0.0;0.0;0.0;36.65477344816178;328.48442484420434;66.72987818298225;344.6926239834251;-0.1480978240729386
2184.0;0.0;-0.00017768206192379175;0.0;0.007095500467072899;0.0;0.0;0.0;0.0;0.0;0.0;0.12022831328299749;0.0;0.8556819752616471;-0.9756901729204658;0.0;0.0;0.0;0.0;0.0;36.65477344816178;328.48442484420434;66.72987818298225;344.6926239834251;-0.1480978240729386
2185.0;0.0;-0.0003778224081692565;0.0;0.007095500467072899;0.0;0.0;0.0;0.0;0.0;0.0;0.17855381200133744;0.0;1.2988339969450735;-1.4766058322683582;0.0;0.0;0.0;0.0;0.0;36.65477344816178;328.48442484420434;66.72987818298225;344.6926239834251;-0.1480978240729386
2186.0;0.0;-0.0003778224081692565;0.0;0.007095500467072899;0.0;0.0;0.0;0.0;0.0;0.0;0.17855381200133744;0.0;1.2988339969450735;-1.4766058322683582;0.0;0.0;0.0;0.0;0.0;36.65477344816178;328.48442484420434;66.72987818298225;344.6926239834251;-0.1480978240729386
2187.0;0.0;-0.0003778224081692565;0.0;0.007095500467072899;0.0;0.0;0.0;0.0;0.0;0.0;0.17855381200133744;0.0;1.2988339969450735;-1.4766058322683582;0.0;0.0;0.0;0.0;0.0;36.65477344816178;328.48442484420434;66.72987818298225;344.6926239834251;-0.1480978240729386
2188.0;0.0;-0.0003778224081692565;0.0;0.007095500467072899;0.0;0.0;0.0;0.0;0.0;0.0;0.17855381200133744;0.0;1.2988339969450735;-1.4766058322683582;0.0;0.0;0.0;0.0;0.0;36.65477344816178;328.48442484420434;66.72987818298225;344.6926239834251;-0.1480978240729386
2189.0;0.0;-0.0003778224081692565;0.0;0.007095500467072899;0.0;0.0;0.0;0.0;0.0;0.0;0.17855381200133744;0.0;1.2988339969450735;-1.4766058322683582;0.0;0.0;0.0;0.0;0.0;36.65477344816178;328.48442484420434;66.72987818298225;344.6926239834251;-0.1480978240729386
2190.0;0.0;-0.0003778224081692565;0.0;0.007095500467072899;0.0;0.0;0.0;0.0;0.0;0.0;0.17855381200133744;0.0;1.2988339969450735;-1.4766058322683582;0.0;0.0;0.0;0.0;0.0;36.65477344816178;328.48442484420434;66.72987818298225;344.6926239834251;-0.1480978240729386
2191.0;0.0;-0.0003778224081692565;0.0;0.007095500467072899;0.0;0.0;0.0;0.0;0.0;0.0;0.17855381200133744;0.0;1.2988339969450735;-1.4766058322683582;0.0;0.0;0.0;0.0;0.0;36.65477344816178;328.48442484420434;66.72987818298225;344.6926239834251;-0.1480978240729386
2192.0;0.0;-0.0003778224081692565;0.0;0.007095500467072899;0.0;0.0;0.0;0.0;0.0;0.0;0.17855381200133744;0.0;1.2988339969450735;-1.4766058322683582;0.0;0.0;0.0;0.0;0.0;36.65477344816178;328.48442484420434;66.72987818298225;344.6926239834251;-0.1480978240729386
2193.0;0.0;-0.0003778224081692565;0.0;0.007095500467072899;0.0;0.0;0.0;0.0;0.0;0.0;0.17855381200133744;0.0;1.2988339969450735;-1.4766058322683582;0.0;0.0;0.0;0.0;0.0;36.65477344816178;328.48442484420434;66.72987818298225;344.6926239834251;-0.1480978240729386
2194.0;0.0;-0.0003778224081692565;0.0;0.007095500467072899;0.0;0.0;0.0;0.0;0.0;0.0;0.17855381200133744;0.0;1.2988339969450735;-1.4766058322683582;0.0;0.0;0.0;0.0;0.0;36.65477344816178;328.48442484420434;66.72987818298225;344.6926239834251;-0.1480978240729386
2195.0;0.0;-0.0003778224081692565;0.0;0.007095500467072899;0.0;0.0;0.0;0.0;0.0;0.0;0.17855381200133744;0.0;1.2988339969450735;-1.4766058322683582;0.0;0.0;0.0;0.0;0.0;36.65477344816178;328.48442484420434;66.72987818298225;344.6926239834251;-0.1480978240729386
2196.0;0.0;-0.0003778224081692565;0.0;0.007095500467072899;0.0;0.0;0.0;0.0;0.0;0.0;0.17855381200133744;0.0;1.2988339969450735;-1.4766058322683582;0.0;0.0;0.0;0.0;0.0;36.65477344816178;328.48442484420434;66.72987818298225;344.6926239834251;-0.1480978240729386
2197.0;0.0;-0.0003778224081692565;0.0;0.007095500467072899;0.0;0.0;0.0;0.0;0.0;0.0;0.17855381200133744;0.0;1.2988339969450735;-1.4766058322683582;0.0;0.0;0.0;0.0;0.0;36.65477344816178;328.48442484420434;66.72987818298225;344.6926239834251;-0.1480978240729386
2198.0;0.0;-0.0003778224081692565;0.0;0.007095500467072899;0.0;0.0;0.0;0.0;0.0;0.0;0.17855381200133744;0.0;1.2988339969450735;-1.4766058322683582;0.0;0.0;0.0;0.0;0.0;36.65477344816178;328.48442484420434;66.72987818298225;344.6926239834251;-0.1480978240729386
2199.0;0.0;-0.0003778224081692565;0.0;0.007095500467072899;0.0;0.0;0.0;0.0;0.0;0.0;0.17855381200133744;0.0;1.2988339969450735;-1.4766058322683582;0.0;0.0;0.0;0.0;0.0;36.65477344816178;328.48442484420434;66.72987818298225;344.6926239834251;-0.1480978240729386
2200.0;0.0;-0.0003778224081692565;0.0;0.007095500467072899;0.0;0.0;0.0;0.0;0.0;0.0;0.17855381200133744;0.0;1.2988339969450735;-1.4766058322683582;0.0;0.0;0.0;0.0;0.0;36.65477344816178;328.48442484420434;66.72987818298225;344.6926239834251;-0.1480978240729386
2201.0;0.0;-0.0003778224081692565;0.0;0.007095500467072899;0.0;0.0;0.0;0.0;0.0;0.0;0.17855381200133744;0.0;1.2988339969450735;-1.4766058322683582;0.0;0.0;0.0;0.0;0.0;36.65477344816178;328.48442484420434;66.72987818298225;344.6926239834251;-0.1480978240729386
2202.0;0.0;-0.0003778224081692565;0.0;0.007095500467072899;0.0;0.0;0.0;0.0;0.0;0.0;0.17855381200133744;0.0;1.2988339969450735;-1.4766058322683582;0.0;0.0;0.0;0.0;0.0;36.65477344816178;328.48442484420434;66.72987818298225;344.6926239834251;-0.1480978240729386
2203.0;0.0;-0.0003778224081692565;0.0;0.007095500467072899;0.0;0.0;0.0;0.0;0.0;0.0;0.17855381200133744;0.0;1.2988339969450735;-1.4766058322683582;0.0;0.0;0.0;0.0;0.0;36.65477344816178;328.48442484420434;66.72987818298225;344.6926239834251;-0.1480978240729386
2204.0;0.0;-0.0003778224081692565;0.0;0.007095500467072899;0.0;0.0;0.0;0.0;0.0;0.0;0.17855381200133744;0.0;1.2988339969450735;-1.4766058322683582;0.0;0.0;0.0;0.0;0.0;36.65477344816178;328.48442484420434;66.72987818298225;344.6926239834251;-0.1480978240729386
2205.0;0.0;-0.0003778224081692565;0.0;0.007095500467072899;0.0;0.0;0.0;0.0;0.0;0.0;0.17855381200133744;0.0;1.2988339969450735;-1.4766058322683582;0.0;0.0;0.0;0.0;0.0;36.65477344816178;328.48442484420434;66.72987818298225;344.6926239834251;-0.1480978240729386
2206.0;0.0;-0.0003778224081692565;0.0;0.007095500467072899;0.0;0.0;0.0;0.0;0.0;0.0;0.17855381200133744;0.0;1.2988339969450735;-1.4766058322683582;0.0;0.0;0.0;0.0;0.0;36.65477344816178;328.48442484420434;66.72987818298225;344.6926239834251;-0.1480978240729386
2207.0;0.0;-0.0003778224081692565;0.0;0.007095500467072899;0.0;0.0;0.0;0.0;0.0;0.0;0.17855381200133744;0.0;1.2988339969450735;-1.4766058322683582;0.0;0.0;0.0;0.0;0.0;36.65477344816178;328.48442484420434;66.72987818298225;344.6926239834251;-0.1480978240729386
2208.0;0.0;-0.0003778224081692565;0.0;0.007095500467072899;0.0;0.0;0.0;0.0;0.0;0.0;0.17855381200133744;0.0;1.2988339969450735;-1.4766058322683582;0.0;0.0;0.0;0.0;0.0;36.65477344816178;328.48442484420434;66.72987818298225;344.6926239834251;-0.1480978240729386
2209.0;0.0;-0.00020686690607613537;0.0;0.007095500467072899;0.0;0.0;0.0;0.0;0.0;0.0;0.12974314411725515;0.0;1.2635184442561418;-1.392911439806579;0.0;0.0;0.0;0.0;0.0;36.65477344816178;328.48442484420434;66.72987818298225;344.6926239834251;-0.1480978240729386
2210.0;0.0;-0.00020686690607613537;0.0;0.007095500467072899;0.0;0.0;0.0;0.0;0.0;0.0;0.12974314411725515;0.0;1.2635184442561418;-1.392911439806579;0.0;0.0;0.0;0.0;0.0;36.65477344816178;328.48442484420434;66.72987818298225;344.6926239834251;-0.1480978240729386
2211.0;0.0;-0.00020686690607613537;0.0;0.007095500467072899;0.0;0.0;0.0;0.0;0.0;0.0;0.12974314411725515;0.0;1.2635184442561418;-1.392911439806579;0.0;0.0;0.0;0.0;0.0;36.65477344816178;328.48442484420434;66.72987818298225;344.6926239834251;-0.1480978240729386
2212.0;0.0;-0.00020686690607613537;0.0;0.007095500467072899;0.0;0.0;0.0;0.0;0.0;0.0;0.12974314411725515;0.0;1.2635184442561418;-1.392911439806579;0.0;0.0;0.0;0.0;0.0;36.65477344816178;328.48442484420434;66.72987818298225;344.6926239834251;-0.1480978240729386
2213.0;0.0;-0.00020686690607613537;0.0;0.007095500467072899;0.0;0.0;0.0;0.0;0.0;0.0;0.12974314411725515;0.0;1.2635184442561418;-1.392911439806579;0.0;0.0;0.0;0.0;0.0;36.65477344816178;328.48442484420434;66.72987818298225;344.6926239834251;-0.1480978240729386
2214.0;0.0;-0.00020686690607613537;0.0;0.007095500467072899;0.0;0.0;0.0;0.0;0.0;0.0;0.12974314411725515;0.0;1.2635184442561418;-1.392911439806579;0.0;0.0;0.0;0.0;0.0;36.65477344816178;328.48442484420434;66.72987818298225;344.6926239834251;-0.1480978240729386
2215.0;0.0;-0.00020686690607613537;0.0;0.007095500467072899;0.0;0.0;0.0;0.0;0.0;0.0;0.12974314411725515;0.0;1.2635184442561418;-1.392911439806579;0.0;0.0;0.0;0.0;0.0;36.65477344816178;328.48442484420434;66.72987818298225;344.6926239834251;-0.1480978240729386
2216.0;0.0;-0.00020686690607613537;0.0;0.007095500467072899;0.0;0.0;0.0;0.0;0.0;0.0;0.12974314411725515;0.0;1.2635184442561418;-1.392911439806579;0.0;0.0;0.0;0.0;0.0;36.65477344816178;328.48442484420434;66.72987818298225;344.6926239834251;-0.1480978240729386
2217.0;0.0;-0.00020686690607613537;0.0;0.007095500467072899;0.0;0.0;0.0;0.0;0.0;0.0;0.12974314411725515;0.0;1.2635184442561418;-1.392911439806579;0.0;0.0;0.0;0.0;0.0;36.65477344816178;328.48442484420434;66.72987818298225;344.6926239834251;-0.1480978240729386
2218.0;0.0;-0.00020686690607613537;0.0;0.007095500467072899;0.0;0.0;0.0;0.0;0.0;0.0;0.12974314411725515;0.0;1.2635184442561418;-1.392911439806579;0.0;0.0;0.0;0.0;0.0;36.65477344816178;328.48442484420434;66.72987818298225;344.6926239834251;-0.1480978240729386
2219.0;0.0;-0.00020686690607613537;0.0;0.007095500467072899;0.0;0.0;0.0;0.0;0.0;0.0;0.12974314411725515;0.0;1.2635184442561418;-1.392911439806579;0.0;0.0;0.0;0.0;0.0;36.65477344816178;328.48442484420434;66.72987818298225;344.6926239834251;-0.1480978240729386
2220.0;0.0;-0.00020686690607613537;0.0;0.007095500467072899;0.0;0.0;0.0;0.0;0.0;0.0;0.12974314411725515;0.0;1.2635184442561418;-1.392911439806579;0.0;0.0;0.0;0.0;0.0;36.65477344816178;328.48442484420434;66.72987818298225;344.6926239834251;-0.1480978240729386
2221.0;0.0;-0.00020686690607613537;0.0;0.007095500467072899;0.0;0.0;0.0;0.0;0.0;0.0;0.12974314411725515;0.0;1.2635184442561418;-1.392911439806579;0.0;0.0;0.0;0.0;0.0;36.65477344816178;328.48442484420434;66.72987818298225;344.6926239834251;-0.1480978240729386
2222.0;0.0;-0.00020686690607613537;0.0;0.007095500467072899;0.0;0.0;0.0;0.0;0.0;0.0;0.12974314411725515;0.0;1.2635184442561418;-1.392911439806579;0.0;0.0;0.0;0.0;0.0;36.65477344816178;328.48442484420434;66.72987818298225;344.6926239834251;-0.1480978240729386
2223.0;0.0;-0.00020686690607613537;0.0;0.007095500467072899;0.0;0.0;0.0;0.0;0.0;0.0;0.12974314411725515;0.0;1.2635184442561418;-1.392911439806579;0.0;0.0;0.0;0.0;0.0;36.65477344816178;328.48442484420434;66.72987818298225;344.6926239834251;-0.1480978240729386
2224.0;0.0;-0.00020686690607613537;0.0;0.007095500467072899;0.0;0.0;0.0;0.0;0.0;0.0;0.12974314411725515;0.0;1.2635184442561418;-1.392911439806579;0.0;0.0;0.0;0.0;0.0;36.65477344816178;328.48442484420434;66.72987818298225;344.6926239834251;-0.1480978240729386
2225.0;0.0;-0.00020686690607613537;0.0;0.007095500467072899;0.0;0.0;0.0;0.0;0.0;0.0;0.12974314411725515;0.0;1.2635184442561418;-1.392911439806579;0.0;0.0;0.0;0.0;0.0;36.65477344816178;328.48442484420434;66.72987818298225;344.6926239834251;-0.1480978240729386
2226.0;0.0;-0.00020686690607613537;0.0;0.007095500467072899;0.0;0.0;0.0;0.0;0.0;0.0;0.12974314411725515;0.0;1.2635184442561418;-1.392911439806579;0.0;0.0;0.0;0.0;0.0;36.65477344816178;328.48442484420434;66.72987818298225;344.6926239834251;-0.1480978240729386
2227.0;0.0;-0.00020686690607613537;0.0;0.007095500467072899;0.0;0.0;0.0;0.0;0.0;0.0;0.12974314411725515;0.0;1.2635184442561418;-1.392911439806579;0.0;0.0;0.0;0.0;0.0;36.65477344816178;328.48442484420434;66.72987818298225;344.6926239834251;-0.1480978240729386
2228.0;0.0;-0.00020686690607613537;0.0;0.007095500467072899;0.0;0.0;0.0;0.0;0.0;0.0;0.12974314411725515;0.0;1.2635184442561418;-1.392911439806579;0.0;0.0;0.0;0.0;0.0;36.65477344816178;328.48442484420434;66.72987818298225;344.6926239834251;-0.1480978240729386
2229.0;0.0;-0.00020686690607613537;0.0;0.007095500467072899;0.0;0.0;0.0;0.0;0.0;0.0;0.12974314411725515;0.0;1.2635184442561418;-1.392911439806579;0.0;0.0;0.0;0.0;0.0;36.65477344816178;328.48442484420434;66.72987818298225;344.6926239834251;-0.1480978240729386
2230.0;0.0;-0.00020686690607613537;0.0;0.007095500467072899;0.0;0.0;0.0;0.0;0.0;0.0;0.12974314411725515;0.0;1.2635184442561418;-1.392911439806579;0.0;0.0;0.0;0.0;0.0;36.65477344816178;328.48442484420434;66.72987818298225;344.6926239834251;-0.1480978240729386
2231.0;0.0;-0.00020686690607613537;0.0;0.007095500467072899;0.0;0.0;0.0;0.0;0.0;0.0;0.12974314411725515;0.0;1.2635184442561418;-1.392911439806579;0.0;0.0;0.0;0.0;0.0;36.65477344816178;328.48442484420434;66.72987818298225;344.6926239834251;-0.1480978240729386
2232.0;0.0;-0.00020686690607613537;0.0;0.007095500467072899;0.0;0.0;0.0;0.0;0.0;0.0;0.12974314411725515;0.0;1.2635184442561418;-1.392911439806579;0.0;0.0;0.0;0.0;0.0;36.65477344816178;328.48442484420434;66.72987818298225;344.6926239834251;-0.1480978240729386
2233.0;0.0;-0.0002218276132491985;0.0;0.007095500467072899;0.0;0.0;0.0;0.0;0.0;0.0;0.18118945058289712;0.0;0.37550367682873376;-0.5566311668491057;0.0;0.0;0.0;0.0;0.0;36.65477344816178;328.48442484420434;66.72987818298225;344.6926239834251;-0.1480978240729386
2234.0;0.0;-0.0002218276132491985;0.0;0.007095500467072899;0.0;0.0;0.0;0.0;0.0;0.0;0.18118945058289712;0.0;0.37550367682873376;-0.5566311668491057;0.0;0.0;0.0;0.0;0.0;36.65477344816178;328.48442484420434;66.72987818298225;344.6926239834251;-0.1480978240729386
2235.0;0.0;-0.0002218276132491985;0.0;0.007095500467072899;0.0;0.0;0.0;0.0;0.0;0.0;0.18118945058289712;0.0;0.37550367682873376;-0.5566311668491057;0.0;0.0;0.0;0.0;0.0;36.65477344816178;328.48442484420434;66.72987818298225;344.6926239834251;-0.1480978240729386
2236.0;0.0;-0.0002218276132491985;0.0;0.007095500467072899;0.0;0.0;0.0;0.0;0.0;0.0;0.18118945058289712;0.0;0.37550367682873376;-0.5566311668491057;0.0;0.0;0.0;0.0;0.0;36.65477344816178;328.48442484420434;66.72987818298225;344.6926239834251;-0.1480978240729386
2237.0;0.0;-0.0002218276132491985;0.0;0.007095500467072899;0.0;0.0;0.0;0.0;0.0;0.0;0.18118945058289712;0.0;0.37550367682873376;-0.5566311668491057;0.0;0.0;0.0;0.0;0.0;36.65477344816178;328.48442484420434;66.72987818298225;344.6926239834251;-0.1480978240729386
2238.0;0.0;-0.0002218276132491985;0.0;0.007095500467072899;0.0;0.0;0.0;0.0;0.0;0.0;0.18118945058289712;0.0;0.37550367682873376;-0.5566311668491057;0.0;0.0;0.0;0.0;0.0;36.65477344816178;328.48442484420434;66.72987818298225;344.6926239834251;-0.1480978240729386
2239.0;0.0;-0.0002218276132491985;0.0;0.007095500467072899;0.0;0.0;0.0;0.0;0.0;0.0;0.18118945058289712;0.0;0.37550367682873376;-0.5566311668491057;0.0;0.0;0.0;0.0;0.0;36.65477344816178;328.48442484420434;66.72987818298225;344.6926239834251;-0.1480978240729386
2240.0;0.0;-0.0002218276132491985;0.0;0.007095500467072899;0.0;0.0;0.0;0.0;0.0;0.0;0.18118945058289712;0.0;0.37550367682873376;-0.5566311668491057;0.0;0.0;0.0;0.0;0.0;36.65477344816178;328.48442484420434;66.72987818298225;344.6926239834251;-0.1480978240729386
2241.0;0.0;-0.0002218276132491985;0.0;0.007095500467072899;0.0;0.0;0.0;0.0;0.0;0.0;0.18118945058289712;0.0;0.37550367682873376;-0.5566311668491057;0.0;0.0;0.0;0.0;0.0;36.65477344816178;328.48442484420434;66.72987818298225;344.6926239834251;-0.1480978240729386
2242.0;0.0;-0.0002218276132491985;0.0;0.007095500467072899;0.0;0.0;0.0;0.0;0.0;0.0;0.18118945058289712;0.0;0.37550367682873376;-0.5566311668491057;0.0;0.0;0.0;0.0;0.0;36.65477344816178;328.48442484420434;66.72987818298225;344.6926239834251;-0.1480978240729386
2243.0;0.0;-0.0002218276132491985;0.0;0.007095500467072899;0.0;0.0;0.0;0.0;0.0;0.0;0.18118945058289712;0.0;0.37550367682873376;-0.5566311668491057;0.0;0.0;0.0;0.0;0.0;36.65477344816178;328.48442484420434;66.72987818298225;344.6926239834251;-0.1480978240729386
2244.0;0.0;-0.0002218276132491985;0.0;0.007095500467072899;0.0;0.0;0.0;0.0;0.0;0.0;0.18118945058289712;0.0;0.37550367682873376;-0.5566311668491057;0.0;0.0;0.0;0.0;0.0;36.65477344816178;328.48442484420434;66.72987818298225;344.6926239834251;-0.1480978240729386
2245.0;0.0;-0.0002218276132491985;0.0;0.007095500467072899;0.0;0.0;0.0;0.0;0.0;0.0;0.18118945058289712;0.0;0.37550367682873376;-0.5566311668491057;0.0;0.0;0.0;0.0;0.0;36.65477344816178;328.48442484420434;66.72987818298225;344.6926239834251;-0.1480978240729386
2246.0;0.0;-0.0002218276132491985;0.0;0.007095500467072899;0.0;0.0;0.0;0.0;0.0;0.0;0.18118945058289712;0.0;0.37550367682873376;-0.5566311668491057;0.0;0.0;0.0;0.0;0.0;36.65477344816178;328.48442484420434;66.72987818298225;344.6926239834251;-0.1480978240729386
2247.0;0.0;-0.0002218276132491985;0.0;0.007095500467072899;0.0;0.0;0.0;0.0;0.0;0.0;0.18118945058289712;0.0;0.37550367682873376;-0.5566311668491057;0.0;0.0;0.0;0.0;0.0;36.65477344816178;328.48442484420434;66.72987818298225;344.6926239834251;-0.1480978240729386
2248.0;0.0;-0.0002218276132491985;0.0;0.007095500467072899;0.0;0.0;0.0;0.0;0.0;0.0;0.18118945058289712;0.0;0.37550367682873376;-0.5566311668491057;0.0;0.0;0.0;0.0;0.0;36.65477344816178;328.48442484420434;66.72987818298225;344.6926239834251;-0.1480978240729386
2249.0;0.0;-0.0002218276132491985;0.0;0.007095500467072899;0.0;0.0;0.0;0.0;0.0;0.0;0.18118945058289712;0.0;0.37550367682873376;-0.5566311668491057;0.0;0.0;0.0;0.0;0.0;36.65477344816178;328.48442484420434;66.72987818298225;344.6926239834251;-0.1480978240729386
2250.0;0.0;-0.0002218276132491985;0.0;0.007095500467072899;0.0;0.0;0.0;0.0;0.0;0.0;0.18118945058289712;0.0;0.37550367682873376;-0.5566311668491057;0.0;0.0;0.0;0.0;0.0;36.65477344816178;328.48442484420434;66.72987818298225;344.6926239834251;-0.1480978240729386
2251.0;0.0;-0.0002218276132491985;0.0;0.007095500467072899;0.0;0.0;0.0;0.0;0.0;0.0;0.18118945058289712;0.0;0.37550367682873376;-0.5566311668491057;0.0;0.0;0.0;0.0;0.0;36.65477344816178;328.48442484420434;66.72987818298225;344.6926239834251;-0.1480978240729386
2252.0;0.0;-0.0002218276132491985;0.0;0.007095500467072899;0.0;0.0;0.0;0.0;0.0;0.0;0.18118945058289712;0.0;0.37550367682873376;-0.5566311668491057;0.0;0.0;0.0;0.0;0.0;36.65477344816178;328.48442484420434;66.72987818298225;344.6926239834251;-0.1480978240729386
2253.0;0.0;-0.0002218276132491985;0.0;0.007095500467072899;0.0;0.0;0.0;0.0;0.0;0.0;0.18118945058289712;0.0;0.37550367682873376;-0.5566311668491057;0.0;0.0;0.0;0.0;0.0;36.65477344816178;328.48442484420434;66.72987818298225;344.6926239834251;-0.1480978240729386
2254.0;0.0;-0.0002218276132491985;0.0;0.007095500467072899;0.0;0.0;0.0;0.0;0.0;0.0;0.18118945058289712;0.0;0.37550367682873376;-0.5566311668491057;0.0;0.0;0.0;0.0;0.0;36.65477344816178;328.48442484420434;66.72987818298225;344.6926239834251;-0.1480978240729386
2255.0;0.0;-0.0002218276132491985;0.0;0.007095500467072899;0.0;0.0;0.0;0.0;0.0;0.0;0.18118945058289712;0.0;0.37550367682873376;-0.5566311668491057;0.0;0.0;0.0;0.0;0.0;36.65477344816178;328.48442484420434;66.72987818298225;344.6926239834251;-0.1480978240729386
2256.0;0.0;-0.0002218276132491985;0.0;0.007095500467072899;0.0;0.0;0.0;0.0;0.0;0.0;0.18118945058289712;0.0;0.37550367682873376;-0.5566311668491057;0.0;0.0;0.0;0.0;0.0;36.65477344816178;328.48442484420434;66.72987818298225;344.6926239834251;-0.1480978240729386
2257.0;0.0;-0.0005877645586551;0.0;0.007095500467072899;0.0;0.0;0.0;0.0;0.0;0.0;0.3170343900389151;0.0;1.4638707561429203;-1.7797322227740957;0.0;0.0;0.0;0.0;0.0;36.65477344816178;328.48442484420434;66.72987818298225;344.6926239834251;-0.1480978240729386
2258.0;0.0;-0.0005877645586551;0.0;0.007095500467072899;0.0;0.0;0.0;0.0;0.0;0.0;0.3170343900389151;0.0;1.4638707561429203;-1.7797322227740957;0.0;0.0;0.0;0.0;0.0;36.65477344816178;328.48442484420434;66.72987818298225;344.6926239834251;-0.1480978240729386
2259.0;0.0;-0.0005877645586551;0.0;0.007095500467072899;0.0;0.0;0.0;0.0;0.0;0.0;0.3170343900389151;0.0;1.4638707561429203;-1.7797322227740957;0.0;0.0;0.0;0.0;0.0;36.65477344816178;328.48442484420434;66.72987818298225;344.6926239834251;-0.1480978240729386
2260.0;0.0;-0.0005877645586551;0.0;0.007095500467072899;0.0;0.0;0.0;0.0;0.0;0.0;0.3170343900389151;0.0;1.4638707561429203;-1.7797322227740957;0.0;0.0;0.0;0.0;0.0;36.65477344816178;328.48442484420434;66.72987818298225;344.6926239834251;-0.1480978240729386
2261.0;0.0;-0.0005877645586551;0.0;0.007095500467072899;0.0;0.0;0.0;0.0;0.0;0.0;0.3170343900389151;0.0;1.4638707561429203;-1.7797322227740957;0.0;0.0;0.0;0.0;0.0;36.65477344816178;328.48442484420434;66.72987818298225;344.6926239834251;-0.1480978240729386
2262.0;0.0;-0.0005877645586551;0.0;0.007095500467072899;0.0;0.0;0.0;0.0;0.0;0.0;0.3170343900389151;0.0;1.4638707561429203;-1.7797322227740957;0.0;0.0;0.0;0.0;0.0;36.65477344816178;328.48442484420434;66.72987818298225;344.6926239834251;-0.1480978240729386
2263.0;0.0;-0.0005877645586551;0.0;0.007095500467072899;0.0;0.0;0.0;0.0;0.0;0.0;0.3170343900389151;0.0;1.4638707561429203;-1.7797322227740957;0.0;0.0;0.0;0.0;0.0;36.65477344816178;328.48442484420434;66.72987818298225;344.6926239834251;-0.1480978240729386
2264.0;0.0;-0.0005877645586551;0.0;0.007095500467072899;0.0;0.0;0.0;0.0;0.0;0.0;0.3170343900389151;0.0;1.4638707561429203;-1.7797322227740957;0.0;0.0;0.0;0.0;0.0;36.65477344816178;328.48442484420434;66.72987818298225;344.6926239834251;-0.1480978240729386
2265.0;0.0;-0.0005877645586551;0.0;0.007095500467072899;0.0;0.0;0.0;0.0;0.0;0.0;0.3170343900389151;0.0;1.4638707561429203;-1.7797322227740957;0.0;0.0;0.0;0.0;0.0;36.65477344816178;328.48442484420434;66.72987818298225;344.6926239834251;-0.1480978240729386
2266.0;0.0;-0.0005877645586551;0.0;0.007095500467072899;0.0;0.0;0.0;0.0;0.0;0.0;0.3170343900389151;0.0;1.4638707561429203;-1.7797322227740957;0.0;0.0;0.0;0.0;0.0;36.65477344816178;328.48442484420434;66.72987818298225;344.6926239834251;-0.1480978240729386
2267.0;0.0;-0.0005877645586551;0.0;0.007095500467072899;0.0;0.0;0.0;0.0;0.0;0.0;0.3170343900389151;0.0;1.4638707561429203;-1.7797322227740957;0.0;0.0;0.0;0.0;0.0;36.65477344816178;328.48442484420434;66.72987818298225;344.6926239834251;-0.1480978240729386
2268.0;0.0;-0.0005877645586551;0.0;0.007095500467072899;0.0;0.0;0.0;0.0;0.0;0.0;0.3170343900389151;0.0;1.4638707561429203;-1.7797322227740957;0.0;0.0;0.0;0.0;0.0;36.65477344816178;328.48442484420434;66.72987818298225;344.6926239834251;-0.1480978240729386
2269.0;0.0;-0.0005877645586551;0.0;0.007095500467072899;0.0;0.0;0.0;0.0;0.0;0.0;0.3170343900389151;0.0;1.4638707561429203;-1.7797322227740957;0.0;0.0;0.0;0.0;0.0;36.65477344816178;328.48442484420434;66.72987818298225;344.6926239834251;-0.1480978240729386
2270.0;0.0;-0.0005877645586551;0.0;0.007095500467072899;0.0;0.0;0.0;0.0;0.0;0.0;0.3170343900389151;0.0;1.4638707561429203;-1.7797322227740957;0.0;0.0;0.0;0.0;0.0;36.65477344816178;328.48442484420434;66.72987818298225;344.6926239834251;-0.1480978240729386
2271.0;0.0;-0.0005877645586551;0.0;0.007095500467072899;0.0;0.0;0.0;0.0;0.0;0.0;0.3170343900389151;0.0;1.4638707561429203;-1.7797322227740957;0.0;0.0;0.0;0.0;0.0;36.65477344816178;328.48442484420434;66.72987818298225;344.6926239834251;-0.1480978240729386
2272.0;0.0;-0.0005877645586551;0.0;0.007095500467072899;0.0;0.0;0.0;0.0;0.0;0.0;0.3170343900389151;0.0;1.4638707561429203;-1.7797322227740957;0.0;0.0;0.0;0.0;0.0;36.65477344816178;328.48442484420434;66.72987818298225;344.6926239834251;-0.1480978240729386
2273.0;0.0;-0.0005877645586551;0.0;0.007095500467072899;0.0;0.0;0.0;0.0;0.0;0.0;0.3170343900389151;0.0;1.4638707561429203;-1.7797322227740957;0.0;0.0;0.0;0.0;0.0;36.65477344816178;328.48442484420434;66.72987818298225;344.6926239834251;-0.1480978240729386
2274.0;0.0;-0.0005877645586551;0.0;0.007095500467072899;0.0;0.0;0.0;0.0;0.0;0.0;0.3170343900389151;0.0;1.4638707561429203;-1.7797322227740957;0.0;0.0;0.0;0.0;0.0;36.65477344816178;328.48442484420434;66.72987818298225;344.6926239834251;-0.1480978240729386
2275.0;0.0;-0.0005877645586551;0.0;0.007095500467072899;0.0;0.0;0.0;0.0;0.0;0.0;0.3170343900389151;0.0;1.4638707561429203;-1.7797322227740957;0.0;0.0;0.0;0.0;0.0;36.65477344816178;328.48442484420434;66.72987818298225;344.6926239834251;-0.1480978240729386
2276.0;0.0;-0.0005877645586551;0.0;0.007095500467072899;0.0;0.0;0.0;0.0;0.0;0.0;0.3170343900389151;0.0;1.4638707561429203;-1.7797322227740957;0.0;0.0;0.0;0.0;0.0;36.65477344816178;328.48442484420434;66.72987818298225;344.6926239834251;-0.1480978240729386
2277.0;0.0;-0.0005877645586551;0.0;0.007095500467072899;0.0;0.0;0.0;0.0;0.0;0.0;0.3170343900389151;0.0;1.4638707561429203;-1.7797322227740957;0.0;0.0;0.0;0.0;0.0;36.65477344816178;328.48442484420434;66.72987818298225;344.6926239834251;-0.1480978240729386
2278.0;0.0;-0.0005877645586551;0.0;0.007095500467072899;0.0;0.0;0.0;0.0;0.0;0.0;0.3170343900389151;0.0;1.4638707561429203;-1.7797322227740957;0.0;0.0;0.0;0.0;0.0;36.65477344816178;328.48442484420434;66.72987818298225;344.6926239834251;-0.1480978240729386
2279.0;0.0;-0.0005877645586551;0.0;0.007095500467072899;0.0;0.0;0.0;0.0;0.0;0.0;0.3170343900389151;0.0;1.4638707561429203;-1.7797322227740957;0.0;0.0;0.0;0.0;0.0;36.65477344816178;328.48442484420434;66.72987818298225;344.6926239834251;-0.1480978240729386
2280.0;0.0;-0.0005877645586551;0.0;0.007095500467072899;0.0;0.0;0.0;0.0;0.0;0.0;0.3170343900389151;0.0;1.4638707561429203;-1.7797322227740957;0.0;0.0;0.0;0.0;0.0;36.65477344816178;328.48442484420434;66.72987818298225;344.6926239834251;-0.1480978240729386
2281.0;0.0;-0.0005321521280801031;0.0;0.007095500467072899;0.0;0.0;0.0;0.0;0.0;0.0;0.6015669168334918;0.0;2.5903848604596007;-3.19080539976701;0.0;0.0;0.0;0.0;0.0;36.65477344816178;328.48442484420434;66.72987818298225;344.6926239834251;-0.1480978240729386
2282.0;0.0;-0.0005321521280801031;0.0;0.007095500467072899;0.0;0.0;0.0;0.0;0.0;0.0;0.6015669168334918;0.0;2.5903848604596007;-3.19080539976701;0.0;0.0;0.0;0.0;0.0;36.65477344816178;328.48442484420434;66.72987818298225;344.6926239834251;-0.1480978240729386
2283.0;0.0;-0.0005321521280801031;0.0;0.007095500467072899;0.0;0.0;0.0;0.0;0.0;0.0;0.6015669168334918;0.0;2.5903848604596007;-3.19080539976701;0.0;0.0;0.0;0.0;0.0;36.65477344816178;328.48442484420434;66.72987818298225;344.6926239834251;-0.1480978240729386
2284.0;0.0;-0.0005321521280801031;0.0;0.007095500467072899;0.0;0.0;0.0;0.0;0.0;0.0;0.6015669168334918;0.0;2.5903848604596007;-3.19080539976701;0.0;0.0;0.0;0.0;0.0;36.65477344816178;328.48442484420434;66.72987818298225;344.6926239834251;-0.1480978240729386
2285.0;0.0;-0.0005321521280801031;0.0;0.007095500467072899;0.0;0.0;0.0;0.0;0.0;0.0;0.6015669168334918;0.0;2.5903848604596007;-3.19080539976701;0.0;0.0;0.0;0.0;0.0;36.65477344816178;328.48442484420434;66.72987818298225;344.6926239834251;-0.1480978240729386
2286.0;0.0;-0.0005321521280801031;0.0;0.007095500467072899;0.0;0.0;0.0;0.0;0.0;0.0;0.6015669168334918;0.0;2.5903848604596007;-3.19080539976701;0.0;0.0;0.0;0.0;0.0;36.65477344816178;328.48442484420434;66.72987818298225;344.6926239834251;-0.1480978240729386
2287.0;0.0;-0.0005321521280801031;0.0;0.007095500467072899;0.0;0.0;0.0;0.0;0.0;0.0;0.6015669168334918;0.0;2.5903848604596007;-3.19080539976701;0.0;0.0;0.0;0.0;0.0;36.65477344816178;328.48442484420434;66.72987818298225;344.6926239834251;-0.1480978240729386
2288.0;0.0;-0.0005321521280801031;0.0;0.007095500467072899;0.0;0.0;0.0;0.0;0.0;0.0;0.6015669168334918;0.0;2.5903848604596007;-3.19080539976701;0.0;0.0;0.0;0.0;0.0;36.65477344816178;328.48442484420434;66.72987818298225;344.6926239834251;-0.1480978240729386
2289.0;0.0;-0.0005321521280801031;0.0;0.007095500467072899;0.0;0.0;0.0;0.0;0.0;0.0;0.6015669168334918;0.0;2.5903848604596007;-3.19080539976701;0.0;0.0;0.0;0.0;0.0;36.65477344816178;328.48442484420434;66.72987818298225;344.6926239834251;-0.1480978240729386
2290.0;0.0;-0.0005321521280801031;0.0;0.007095500467072899;0.0;0.0;0.0;0.0;0.0;0.0;0.6015669168334918;0.0;2.5903848604596007;-3.19080539976701;0.0;0.0;0.0;0.0;0.0;36.65477344816178;328.48442484420434;66.72987818298225;344.6926239834251;-0.1480978240729386
2291.0;0.0;-0.0005321521280801031;0.0;0.007095500467072899;0.0;0.0;0.0;0.0;0.0;0.0;0.6015669168334918;0.0;2.5903848604596007;-3.19080539976701;0.0;0.0;0.0;0.0;0.0;36.65477344816178;328.48442484420434;66.72987818298225;344.6926239834251;-0.1480978240729386
2292.0;0.0;-0.0005321521280801031;0.0;0.007095500467072899;0.0;0.0;0.0;0.0;0.0;0.0;0.6015669168334918;0.0;2.5903848604596007;-3.19080539976701;0.0;0.0;0.0;0.0;0.0;36.65477344816178;328.48442484420434;66.72987818298225;344.6926239834251;-0.1480978240729386
2293.0;0.0;-0.0005321521280801031;0.0;0.007095500467072899;0.0;0.0;0.0;0.0;0.0;0.0;0.6015669168334918;0.0;2.5903848604596007;-3.19080539976701;0.0;0.0;0.0;0.0;0.0;36.65477344816178;328.48442484420434;66.72987818298225;344.6926239834251;-0.1480978240729386
2294.0;0.0;-0.0005321521280801031;0.0;0.007095500467072899;0.0;0.0;0.0;0.0;0.0;0.0;0.6015669168334918;0.0;2.5903848604596007;-3.19080539976701;0.0;0.0;0.0;0.0;0.0;36.65477344816178;328.48442484420434;66.72987818298225;344.6926239834251;-0.1480978240729386
2295.0;0.0;-0.0005321521280801031;0.0;0.007095500467072899;0.0;0.0;0.0;0.0;0.0;0.0;0.6015669168334918;0.0;2.5903848604596007;-3.19080539976701;0.0;0.0;0.0;0.0;0.0;36.65477344816178;328.48442484420434;66.72987818298225;344.6926239834251;-0.1480978240729386
2296.0;0.0;-0.0005321521280801031;0.0;0.007095500467072899;0.0;0.0;0.0;0.0;0.0;0.0;0.6015669168334918;0.0;2.5903848604596007;-3.19080539976701;0.0;0.0;0.0;0.0;0.0;36.65477344816178;328.48442484420434;66.72987818298225;344.6926239834251;-0.1480978240729386
2297.0;0.0;-0.0005321521280801031;0.0;0.007095500467072899;0.0;0.0;0.0;0.0;0.0;0.0;0.6015669168334918;0.0;2.5903848604596007;-3.19080539976701;0.0;0.0;0.0;0.0;0.0;36.65477344816178;328.48442484420434;66.72987818298225;344.6926239834251;-0.1480978240729386
2298.0;0.0;-0.0005321521280801031;0.0;0.007095500467072899;0.0;0.0;0.0;0.0;0.0;0.0;0.6015669168334918;0.0;2.5903848604596007;-3.19080539976701;0.0;0.0;0.0;0.0;0.0;36.65477344816178;328.48442484420434;66.72987818298225;344.6926239834251;-0.1480978240729386
2299.0;0.0;-0.0005321521280801031;0.0;0.007095500467072899;0.0;0.0;0.0;0.0;0.0;0.0;0.6015669168334918;0.0;2.5903848604596007;-3.19080539976701;0.0;0.0;0.0;0.0;0.0;36.65477344816178;328.48442484420434;66.72987818298225;344.6926239834251;-0.1480978240729386
2300.0;0.0;-0.0005321521280801031;0.0;0.007095500467072899;0.0;0.0;0.0;0.0;0.0;0.0;0.6015669168334918;0.0;2.5903848604596007;-3.19080539976701;0.0;0.0;0.0;0.0;0.0;36.65477344816178;328.48442484420434;66.72987818298225;344.6926239834251;-0.1480978240729386
2301.0;0.0;-0.0005321521280801031;0.0;0.007095500467072899;0.0;0.0;0.0;0.0;0.0;0.0;0.6015669168334918;0.0;2.5903848604596007;-3.19080539976701;0.0;0.0;0.0;0.0;0.0;36.65477344816178;328.48442484420434;66.72987818298225;344.6926239834251;-0.1480978240729386
2302.0;0.0;-0.0005321521280801031;0.0;0.007095500467072899;0.0;0.0;0.0;0.0;0.0;0.0;0.6015669168334918;0.0;2.5903848604596007;-3.19080539976701;0.0;0.0;0.0;0.0;0.0;36.65477344816178;328.48442484420434;66.72987818298225;344.6926239834251;-0.1480978240729386
2303.0;0.0;-0.0005321521280801031;0.0;0.007095500467072899;0.0;0.0;0.0;0.0;0.0;0.0;0.6015669168334918;0.0;2.5903848604596007;-3.19080539976701;0.0;0.0;0.0;0.0;0.0;36.65477344816178;328.48442484420434;66.72987818298225;344.6926239834251;-0.1480978240729386
2304.0;0.0;-0.0005321521280801031;0.0;0.007095500467072899;0.0;0.0;0.0;0.0;0.0;0.0;0.6015669168334918;0.0;2.5903848604596007;-3.19080539976701;0.0;0.0;0.0;0.0;0.0;36.65477344816178;328.48442484420434;66.72987818298225;344.6926239834251;-0.1480978240729386
2305.0;0.0;-1.544632929101505e-6;0.0;0.011226211948285022;0.0;0.0;0.0;0.0;0.0;0.0;0.4003516171522501;8.099785412533832e-5;3.165439625153341;-3.565873417012103;0.0;0.0;0.0;0.0;0.0;29.29703150560969;344.8945090366215;64.15772772654545;346.9537538963181;-0.1560858012055409
2306.0;0.0;-1.544632929101505e-6;0.0;0.011226211948285022;0.0;0.0;0.0;0.0;0.0;0.0;0.4003516171522501;8.099785412533832e-5;3.165439625153341;-3.565873417012103;0.0;0.0;0.0;0.0;0.0;29.29703150560969;344.8945090366215;64.15772772654545;346.9537538963181;-0.1560858012055409
2307.0;0.0;-1.544632929101505e-6;0.0;0.011226211948285022;0.0;0.0;0.0;0.0;0.0;0.0;0.4003516171522501;8.099785412533832e-5;3.165439625153341;-3.565873417012103;0.0;0.0;0.0;0.0;0.0;29.29703150560969;344.8945090366215;64.15772772654545;346.9537538963181;-0.1560858012055409
2308.0;0.0;-1.544632929101505e-6;0.0;0.011226211948285022;0.0;0.0;0.0;0.0;0.0;0.0;0.4003516171522501;8.099785412533832e-5;3.165439625153341;-3.565873417012103;0.0;0.0;0.0;0.0;0.0;29.29703150560969;344.8945090366215;64.15772772654545;346.9537538963181;-0.1560858012055409
2309.0;0.0;-1.544632929101505e-6;0.0;0.011226211948285022;0.0;0.0;0.0;0.0;0.0;0.0;0.4003516171522501;8.099785412533832e-5;3.165439625153341;-3.565873417012103;0.0;0.0;0.0;0.0;0.0;29.29703150560969;344.8945090366215;64.15772772654545;346.9537538963181;-0.1560858012055409
2310.0;0.0;-1.544632929101505e-6;0.0;0.011226211948285022;0.0;0.0;0.0;0.0;0.0;0.0;0.4003516171522501;8.099785412533832e-5;3.165439625153341;-3.565873417012103;0.0;0.0;0.0;0.0;0.0;29.29703150560969;344.8945090366215;64.15772772654545;346.9537538963181;-0.1560858012055409
2311.0;0.0;-1.544632929101505e-6;0.0;0.011226211948285022;0.0;0.0;0.0;0.0;0.0;0.0;0.4003516171522501;8.099785412533832e-5;3.165439625153341;-3.565873417012103;0.0;0.0;0.0;0.0;0.0;29.29703150560969;344.8945090366215;64.15772772654545;346.9537538963181;-0.1560858012055409
2312.0;0.0;-1.544632929101505e-6;0.0;0.011226211948285022;0.0;0.0;0.0;0.0;0.0;0.0;0.4003516171522501;8.099785412533832e-5;3.165439625153341;-3.565873417012103;0.0;0.0;0.0;0.0;0.0;29.29703150560969;344.8945090366215;64.15772772654545;346.9537538963181;-0.1560858012055409
2313.0;0.0;-1.544632929101505e-6;0.0;0.011226211948285022;0.0;0.0;0.0;0.0;0.0;0.0;0.4003516171522501;8.099785412533832e-5;3.165439625153341;-3.565873417012103;0.0;0.0;0.0;0.0;0.0;29.29703150560969;344.8945090366215;64.15772772654545;346.9537538963181;-0.1560858012055409
2314.0;0.0;-1.544632929101505e-6;0.0;0.011226211948285022;0.0;0.0;0.0;0.0;0.0;0.0;0.4003516171522501;8.099785412533832e-5;3.165439625153341;-3.565873417012103;0.0;0.0;0.0;0.0;0.0;29.29703150560969;344.8945090366215;64.15772772654545;346.9537538963181;-0.1560858012055409
2315.0;0.0;-1.544632929101505e-6;0.0;0.011226211948285022;0.0;0.0;0.0;0.0;0.0;0.0;0.4003516171522501;8.099785412533832e-5;3.165439625153341;-3.565873417012103;0.0;0.0;0.0;0.0;0.0;29.29703150560969;344.8945090366215;64.15772772654545;346.9537538963181;-0.1560858012055409
2316.0;0.0;-1.544632929101505e-6;0.0;0.011226211948285022;0.0;0.0;0.0;0.0;0.0;0.0;0.4003516171522501;8.099785412533832e-5;3.165439625153341;-3.565873417012103;0.0;0.0;0.0;0.0;0.0;29.29703150560969;344.8945090366215;64.15772772654545;346.9537538963181;-0.1560858012055409
2317.0;0.0;-1.544632929101505e-6;0.0;0.011226211948285022;0.0;0.0;0.0;0.0;0.0;0.0;0.4003516171522501;8.099785412533832e-5;3.165439625153341;-3.565873417012103;0.0;0.0;0.0;0.0;0.0;29.29703150560969;344.8945090366215;64.15772772654545;346.9537538963181;-0.1560858012055409
2318.0;0.0;-1.544632929101505e-6;0.0;0.011226211948285022;0.0;0.0;0.0;0.0;0.0;0.0;0.4003516171522501;8.099785412533832e-5;3.165439625153341;-3.565873417012103;0.0;0.0;0.0;0.0;0.0;29.29703150560969;344.8945090366215;64.15772772654545;346.9537538963181;-0.1560858012055409
2319.0;0.0;-1.544632929101505e-6;0.0;0.011226211948285022;0.0;0.0;0.0;0.0;0.0;0.0;0.4003516171522501;8.099785412533832e-5;3.165439625153341;-3.565873417012103;0.0;0.0;0.0;0.0;0.0;29.29703150560969;344.8945090366215;64.15772772654545;346.9537538963181;-0.1560858012055409
2320.0;0.0;-1.544632929101505e-6;0.0;0.011226211948285022;0.0;0.0;0.0;0.0;0.0;0.0;0.4003516171522501;8.099785412533832e-5;3.165439625153341;-3.565873417012103;0.0;0.0;0.0;0.0;0.0;29.29703150560969;344.8945090366215;64.15772772654545;346.9537538963181;-0.1560858012055409
2321.0;0.0;-1.544632929101505e-6;0.0;0.011226211948285022;0.0;0.0;0.0;0.0;0.0;0.0;0.4003516171522501;8.099785412533832e-5;3.165439625153341;-3.565873417012103;0.0;0.0;0.0;0.0;0.0;29.29703150560969;344.8945090366215;64.15772772654545;346.9537538963181;-0.1560858012055409
2322.0;0.0;-1.544632929101505e-6;0.0;0.011226211948285022;0.0;0.0;0.0;0.0;0.0;0.0;0.4003516171522501;8.099785412533832e-5;3.165439625153341;-3.565873417012103;0.0;0.0;0.0;0.0;0.0;29.29703150560969;344.8945090366215;64.15772772654545;346.9537538963181;-0.1560858012055409
2323.0;0.0;-1.544632929101505e-6;0.0;0.011226211948285022;0.0;0.0;0.0;0.0;0.0;0.0;0.4003516171522501;8.099785412533832e-5;3.165439625153341;-3.565873417012103;0.0;0.0;0.0;0.0;0.0;29.29703150560969;344.8945090366215;64.15772772654545;346.9537538963181;-0.1560858012055409
2324.0;0.0;-1.544632929101505e-6;0.0;0.011226211948285022;0.0;0.0;0.0;0.0;0.0;0.0;0.4003516171522501;8.099785412533832e-5;3.165439625153341;-3.565873417012103;0.0;0.0;0.0;0.0;0.0;29.29703150560969;344.8945090366215;64.15772772654545;346.9537538963181;-0.1560858012055409
2325.0;0.0;-1.544632929101505e-6;0.0;0.011226211948285022;0.0;0.0;0.0;0.0;0.0;0.0;0.4003516171522501;8.099785412533832e-5;3.165439625153341;-3.565873417012103;0.0;0.0;0.0;0.0;0.0;29.29703150560969;344.8945090366215;64.15772772654545;346.9537538963181;-0.1560858012055409
2326.0;0.0;-1.544632929101505e-6;0.0;0.011226211948285022;0.0;0.0;0.0;0.0;0.0;0.0;0.4003516171522501;8.099785412533832e-5;3.165439625153341;-3.565873417012103;0.0;0.0;0.0;0.0;0.0;29.29703150560969;344.8945090366215;64.15772772654545;346.9537538963181;-0.1560858012055409
2327.0;0.0;-1.544632929101505e-6;0.0;0.011226211948285022;0.0;0.0;0.0;0.0;0.0;0.0;0.4003516171522501;8.099785412533832e-5;3.165439625153341;-3.565873417012103;0.0;0.0;0.0;0.0;0.0;29.29703150560969;344.8945090366215;64.15772772654545;346.9537538963181;-0.1560858012055409
2328.0;0.0;-1.544632929101505e-6;0.0;0.011226211948285022;0.0;0.0;0.0;0.0;0.0;0.0;0.4003516171522501;8.099785412533832e-5;3.165439625153341;-3.565873417012103;0.0;0.0;0.0;0.0;0.0;29.29703150560969;344.8945090366215;64.15772772654545;346.9537538963181;-0.1560858012055409
2329.0;0.0;-0.0003130127803837502;0.0;0.011226211948285022;0.0;0.0;0.0;0.0;0.0;0.0;0.5098965263925495;0.0;1.1247347144758018;-1.6346500663625447;0.0;0.0;0.0;0.0;0.0;29.29703150560969;344.8945090366215;64.15772772654545;346.9537538963181;-0.1560858012055409
2330.0;0.0;-0.0003130127803837502;0.0;0.011226211948285022;0.0;0.0;0.0;0.0;0.0;0.0;0.5098965263925495;0.0;1.1247347144758018;-1.6346500663625447;0.0;0.0;0.0;0.0;0.0;29.29703150560969;344.8945090366215;64.15772772654545;346.9537538963181;-0.1560858012055409
2331.0;0.0;-0.0003130127803837502;0.0;0.011226211948285022;0.0;0.0;0.0;0.0;0.0;0.0;0.5098965263925495;0.0;1.1247347144758018;-1.6346500663625447;0.0;0.0;0.0;0.0;0.0;29.29703150560969;344.8945090366215;64.15772772654545;346.9537538963181;-0.1560858012055409
2332.0;0.0;-0.0003130127803837502;0.0;0.011226211948285022;0.0;0.0;0.0;0.0;0.0;0.0;0.5098965263925495;0.0;1.1247347144758018;-1.6346500663625447;0.0;0.0;0.0;0.0;0.0;29.29703150560969;344.8945090366215;64.15772772654545;346.9537538963181;-0.1560858012055409
2333.0;0.0;-0.0003130127803837502;0.0;0.011226211948285022;0.0;0.0;0.0;0.0;0.0;0.0;0.5098965263925495;0.0;1.1247347144758018;-1.6346500663625447;0.0;0.0;0.0;0.0;0.0;29.29703150560969;344.8945090366215;64.15772772654545;346.9537538963181;-0.1560858012055409
2334.0;0.0;-0.0003130127803837502;0.0;0.011226211948285022;0.0;0.0;0.0;0.0;0.0;0.0;0.5098965263925495;0.0;1.1247347144758018;-1.6346500663625447;0.0;0.0;0.0;0.0;0.0;29.29703150560969;344.8945090366215;64.15772772654545;346.9537538963181;-0.1560858012055409
2335.0;0.0;-0.0003130127803837502;0.0;0.011226211948285022;0.0;0.0;0.0;0.0;0.0;0.0;0.5098965263925495;0.0;1.1247347144758018;-1.6346500663625447;0.0;0.0;0.0;0.0;0.0;29.29703150560969;344.8945090366215;64.15772772654545;346.9537538963181;-0.1560858012055409
2336.0;0.0;-0.0003130127803837502;0.0;0.011226211948285022;0.0;0.0;0.0;0.0;0.0;0.0;0.5098965263925495;0.0;1.1247347144758018;-1.6346500663625447;0.0;0.0;0.0;0.0;0.0;29.29703150560969;344.8945090366215;64.15772772654545;346.9537538963181;-0.1560858012055409
2337.0;0.0;-0.0003130127803837502;0.0;0.011226211948285022;0.0;0.0;0.0;0.0;0.0;0.0;0.5098965263925495;0.0;1.1247347144758018;-1.6346500663625447;0.0;0.0;0.0;0.0;0.0;29.29703150560969;344.8945090366215;64.15772772654545;346.9537538963181;-0.1560858012055409
2338.0;0.0;-0.0003130127803837502;0.0;0.011226211948285022;0.0;0.0;0.0;0.0;0.0;0.0;0.5098965263925495;0.0;1.1247347144758018;-1.6346500663625447;0.0;0.0;0.0;0.0;0.0;29.29703150560969;344.8945090366215;64.15772772654545;346.9537538963181;-0.1560858012055409
2339.0;0.0;-0.0003130127803837502;0.0;0.011226211948285022;0.0;0.0;0.0;0.0;0.0;0.0;0.5098965263925495;0.0;1.1247347144758018;-1.6346500663625447;0.0;0.0;0.0;0.0;0.0;29.29703150560969;344.8945090366215;64.15772772654545;346.9537538963181;-0.1560858012055409
2340.0;0.0;-0.0003130127803837502;0.0;0.011226211948285022;0.0;0.0;0.0;0.0;0.0;0.0;0.5098965263925495;0.0;1.1247347144758018;-1.6346500663625447;0.0;0.0;0.0;0.0;0.0;29.29703150560969;344.8945090366215;64.15772772654545;346.9537538963181;-0.1560858012055409
2341.0;0.0;-0.0003130127803837502;0.0;0.011226211948285022;0.0;0.0;0.0;0.0;0.0;0.0;0.5098965263925495;0.0;1.1247347144758018;-1.6346500663625447;0.0;0.0;0.0;0.0;0.0;29.29703150560969;344.8945090366215;64.15772772654545;346.9537538963181;-0.1560858012055409
2342.0;0.0;-0.0003130127803837502;0.0;0.011226211948285022;0.0;0.0;0.0;0.0;0.0;0.0;0.5098965263925495;0.0;1.1247347144758018;-1.6346500663625447;0.0;0.0;0.0;0.0;0.0;29.29703150560969;344.8945090366215;64.15772772654545;346.9537538963181;-0.1560858012055409
2343.0;0.0;-0.0003130127803837502;0.0;0.011226211948285022;0.0;0.0;0.0;0.0;0.0;0.0;0.5098965263925495;0.0;1.1247347144758018;-1.6346500663625447;0.0;0.0;0.0;0.0;0.0;29.29703150560969;344.8945090366215;64.15772772654545;346.9537538963181;-0.1560858012055409
2344.0;0.0;-0.0003130127803837502;0.0;0.011226211948285022;0.0;0.0;0.0;0.0;0.0;0.0;0.5098965263925495;0.0;1.1247347144758018;-1.6346500663625447;0.0;0.0;0.0;0.0;0.0;29.29703150560969;344.8945090366215;64.15772772654545;346.9537538963181;-0.1560858012055409
2345.0;0.0;-0.0003130127803837502;0.0;0.011226211948285022;0.0;0.0;0.0;0.0;0.0;0.0;0.5098965263925495;0.0;1.1247347144758018;-1.6346500663625447;0.0;0.0;0.0;0.0;0.0;29.29703150560969;344.8945090366215;64.15772772654545;346.9537538963181;-0.1560858012055409
2346.0;0.0;-0.0003130127803837502;0.0;0.011226211948285022;0.0;0.0;0.0;0.0;0.0;0.0;0.5098965263925495;0.0;1.1247347144758018;-1.6346500663625447;0.0;0.0;0.0;0.0;0.0;29.29703150560969;344.8945090366215;64.15772772654545;346.9537538963181;-0.1560858012055409
2347.0;0.0;-0.0003130127803837502;0.0;0.011226211948285022;0.0;0.0;0.0;0.0;0.0;0.0;0.5098965263925495;0.0;1.1247347144758018;-1.6346500663625447;0.0;0.0;0.0;0.0;0.0;29.29703150560969;344.8945090366215;64.15772772654545;346.9537538963181;-0.1560858012055409
2348.0;0.0;-0.0003130127803837502;0.0;0.011226211948285022;0.0;0.0;0.0;0.0;0.0;0.0;0.5098965263925495;0.0;1.1247347144758018;-1.6346500663625447;0.0;0.0;0.0;0.0;0.0;29.29703150560969;344.8945090366215;64.15772772654545;346.9537538963181;-0.1560858012055409
2349.0;0.0;-0.0003130127803837502;0.0;0.011226211948285022;0.0;0.0;0.0;0.0;0.0;0.0;0.5098965263925495;0.0;1.1247347144758018;-1.6346500663625447;0.0;0.0;0.0;0.0;0.0;29.29703150560969;344.8945090366215;64.15772772654545;346.9537538963181;-0.1560858012055409
2350.0;0.0;-0.0003130127803837502;0.0;0.011226211948285022;0.0;0.0;0.0;0.0;0.0;0.0;0.5098965263925495;0.0;1.1247347144758018;-1.6346500663625447;0.0;0.0;0.0;0.0;0.0;29.29703150560969;344.8945090366215;64.15772772654545;346.9537538963181;-0.1560858012055409
2351.0;0.0;-0.0003130127803837502;0.0;0.011226211948285022;0.0;0.0;0.0;0.0;0.0;0.0;0.5098965263925495;0.0;1.1247347144758018;-1.6346500663625447;0.0;0.0;0.0;0.0;0.0;29.29703150560969;344.8945090366215;64.15772772654545;346.9537538963181;-0.1560858012055409
2352.0;0.0;-0.0003130127803837502;0.0;0.011226211948285022;0.0;0.0;0.0;0.0;0.0;0.0;0.5098965263925495;0.0;1.1247347144758018;-1.6346500663625447;0.0;0.0;0.0;0.0;0.0;29.29703150560969;344.8945090366215;64.15772772654545;346.9537538963181;-0.1560858012055409
2353.0;0.0;-0.00044050583266815296;0.0;0.011226211948285022;0.0;0.0;0.0;0.0;0.0;0.0;0.2189027728272293;0.0;0.948523543498628;-1.1675536073214463;0.0;0.0;0.0;0.0;0.0;29.29703150560969;344.8945090366215;64.15772772654545;346.9537538963181;-0.1560858012055409
2354.0;0.0;-0.00044050583266815296;0.0;0.011226211948285022;0.0;0.0;0.0;0.0;0.0;0.0;0.2189027728272293;0.0;0.948523543498628;-1.1675536073214463;0.0;0.0;0.0;0.0;0.0;29.29703150560969;344.8945090366215;64.15772772654545;346.9537538963181;-0.1560858012055409
2355.0;0.0;-0.00044050583266815296;0.0;0.011226211948285022;0.0;0.0;0.0;0.0;0.0;0.0;0.2189027728272293;0.0;0.948523543498628;-1.1675536073214463;0.0;0.0;0.0;0.0;0.0;29.29703150560969;344.8945090366215;64.15772772654545;346.9537538963181;-0.1560858012055409
2356.0;0.0;-0.00044050583266815296;0.0;0.011226211948285022;0.0;0.0;0.0;0.0;0.0;0.0;0.2189027728272293;0.0;0.948523543498628;-1.1675536073214463;0.0;0.0;0.0;0.0;0.0;29.29703150560969;344.8945090366215;64.15772772654545;346.9537538963181;-0.1560858012055409
2357.0;0.0;-0.00044050583266815296;0.0;0.011226211948285022;0.0;0.0;0.0;0.0;0.0;0.0;0.2189027728272293;0.0;0.948523543498628;-1.1675536073214463;0.0;0.0;0.0;0.0;0.0;29.29703150560969;344.8945090366215;64.15772772654545;346.9537538963181;-0.1560858012055409
2358.0;0.0;-0.00044050583266815296;0.0;0.011226211948285022;0.0;0.0;0.0;0.0;0.0;0.0;0.2189027728272293;0.0;0.948523543498628;-1.1675536073214463;0.0;0.0;0.0;0.0;0.0;29.29703150560969;344.8945090366215;64.15772772654545;346.9537538963181;-0.1560858012055409
2359.0;0.0;-0.00044050583266815296;0.0;0.011226211948285022;0.0;0.0;0.0;0.0;0.0;0.0;0.2189027728272293;0.0;0.948523543498628;-1.1675536073214463;0.0;0.0;0.0;0.0;0.0;29.29703150560969;344.8945090366215;64.15772772654545;346.9537538963181;-0.1560858012055409
2360.0;0.0;-0.00044050583266815296;0.0;0.011226211948285022;0.0;0.0;0.0;0.0;0.0;0.0;0.2189027728272293;0.0;0.948523543498628;-1.1675536073214463;0.0;0.0;0.0;0.0;0.0;29.29703150560969;344.8945090366215;64.15772772654545;346.9537538963181;-0.1560858012055409
2361.0;0.0;-0.00044050583266815296;0.0;0.011226211948285022;0.0;0.0;0.0;0.0;0.0;0.0;0.2189027728272293;0.0;0.948523543498628;-1.1675536073214463;0.0;0.0;0.0;0.0;0.0;29.29703150560969;344.8945090366215;64.15772772654545;346.9537538963181;-0.1560858012055409
2362.0;0.0;-0.00044050583266815296;0.0;0.011226211948285022;0.0;0.0;0.0;0.0;0.0;0.0;0.2189027728272293;0.0;0.948523543498628;-1.1675536073214463;0.0;0.0;0.0;0.0;0.0;29.29703150560969;344.8945090366215;64.15772772654545;346.9537538963181;-0.1560858012055409
2363.0;0.0;-0.00044050583266815296;0.0;0.011226211948285022;0.0;0.0;0.0;0.0;0.0;0.0;0.2189027728272293;0.0;0.948523543498628;-1.1675536073214463;0.0;0.0;0.0;0.0;0.0;29.29703150560969;344.8945090366215;64.15772772654545;346.9537538963181;-0.1560858012055409
2364.0;0.0;-0.00044050583266815296;0.0;0.011226211948285022;0.0;0.0;0.0;0.0;0.0;0.0;0.2189027728272293;0.0;0.948523543498628;-1.1675536073214463;0.0;0.0;0.0;0.0;0.0;29.29703150560969;344.8945090366215;64.15772772654545;346.9537538963181;-0.1560858012055409
2365.0;0.0;-0.00044050583266815296;0.0;0.011226211948285022;0.0;0.0;0.0;0.0;0.0;0.0;0.2189027728272293;0.0;0.948523543498628;-1.1675536073214463;0.0;0.0;0.0;0.0;0.0;29.29703150560969;344.8945090366215;64.15772772654545;346.9537538963181;-0.1560858012055409
2366.0;0.0;-0.00044050583266815296;0.0;0.011226211948285022;0.0;0.0;0.0;0.0;0.0;0.0;0.2189027728272293;0.0;0.948523543498628;-1.1675536073214463;0.0;0.0;0.0;0.0;0.0;29.29703150560969;344.8945090366215;64.15772772654545;346.9537538963181;-0.1560858012055409
2367.0;0.0;-0.00044050583266815296;0.0;0.011226211948285022;0.0;0.0;0.0;0.0;0.0;0.0;0.2189027728272293;0.0;0.948523543498628;-1.1675536073214463;0.0;0.0;0.0;0.0;0.0;29.29703150560969;344.8945090366215;64.15772772654545;346.9537538963181;-0.1560858012055409
2368.0;0.0;-0.00044050583266815296;0.0;0.011226211948285022;0.0;0.0;0.0;0.0;0.0;0.0;0.2189027728272293;0.0;0.948523543498628;-1.1675536073214463;0.0;0.0;0.0;0.0;0.0;29.29703150560969;344.8945090366215;64.15772772654545;346.9537538963181;-0.1560858012055409
2369.0;0.0;-0.00044050583266815296;0.0;0.011226211948285022;0.0;0.0;0.0;0.0;0.0;0.0;0.2189027728272293;0.0;0.948523543498628;-1.1675536073214463;0.0;0.0;0.0;0.0;0.0;29.29703150560969;344.8945090366215;64.15772772654545;346.9537538963181;-0.1560858012055409
2370.0;0.0;-0.00044050583266815296;0.0;0.011226211948285022;0.0;0.0;0.0;0.0;0.0;0.0;0.2189027728272293;0.0;0.948523543498628;-1.1675536073214463;0.0;0.0;0.0;0.0;0.0;29.29703150560969;344.8945090366215;64.15772772654545;346.9537538963181;-0.1560858012055409
2371.0;0.0;-0.00044050583266815296;0.0;0.011226211948285022;0.0;0.0;0.0;0.0;0.0;0.0;0.2189027728272293;0.0;0.948523543498628;-1.1675536073214463;0.0;0.0;0.0;0.0;0.0;29.29703150560969;344.8945090366215;64.15772772654545;346.9537538963181;-0.1560858012055409
2372.0;0.0;-0.00044050583266815296;0.0;0.011226211948285022;0.0;0.0;0.0;0.0;0.0;0.0;0.2189027728272293;0.0;0.948523543498628;-1.1675536073214463;0.0;0.0;0.0;0.0;0.0;29.29703150560969;344.8945090366215;64.15772772654545;346.9537538963181;-0.1560858012055409
2373.0;0.0;-0.00044050583266815296;0.0;0.011226211948285022;0.0;0.0;0.0;0.0;0.0;0.0;0.2189027728272293;0.0;0.948523543498628;-1.1675536073214463;0.0;0.0;0.0;0.0;0.0;29.29703150560969;344.8945090366215;64.15772772654545;346.9537538963181;-0.1560858012055409
2374.0;0.0;-0.00044050583266815296;0.0;0.011226211948285022;0.0;0.0;0.0;0.0;0.0;0.0;0.2189027728272293;0.0;0.948523543498628;-1.1675536073214463;0.0;0.0;0.0;0.0;0.0;29.29703150560969;344.8945090366215;64.15772772654545;346.9537538963181;-0.1560858012055409
2375.0;0.0;-0.00044050583266815296;0.0;0.011226211948285022;0.0;0.0;0.0;0.0;0.0;0.0;0.2189027728272293;0.0;0.948523543498628;-1.1675536073214463;0.0;0.0;0.0;0.0;0.0;29.29703150560969;344.8945090366215;64.15772772654545;346.9537538963181;-0.1560858012055409
2376.0;0.0;-0.00044050583266815296;0.0;0.011226211948285022;0.0;0.0;0.0;0.0;0.0;0.0;0.2189027728272293;0.0;0.948523543498628;-1.1675536073214463;0.0;0.0;0.0;0.0;0.0;29.29703150560969;344.8945090366215;64.15772772654545;346.9537538963181;-0.1560858012055409
2377.0;0.0;-0.00046989302283003467;0.0;0.011226211948285022;0.0;0.0;0.0;0.0;0.0;0.0;0.20936068334526617;0.0;1.4834485973257123;-1.6929196844875094;0.0;0.0;0.0;0.0;0.0;29.29703150560969;344.8945090366215;64.15772772654545;346.9537538963181;-0.1560858012055409
2378.0;0.0;-0.00046989302283003467;0.0;0.011226211948285022;0.0;0.0;0.0;0.0;0.0;0.0;0.20936068334526617;0.0;1.4834485973257123;-1.6929196844875094;0.0;0.0;0.0;0.0;0.0;29.29703150560969;344.8945090366215;64.15772772654545;346.9537538963181;-0.1560858012055409
2379.0;0.0;-0.00046989302283003467;0.0;0.011226211948285022;0.0;0.0;0.0;0.0;0.0;0.0;0.20936068334526617;0.0;1.4834485973257123;-1.6929196844875094;0.0;0.0;0.0;0.0;0.0;29.29703150560969;344.8945090366215;64.15772772654545;346.9537538963181;-0.1560858012055409
2380.0;0.0;-0.00046989302283003467;0.0;0.011226211948285022;0.0;0.0;0.0;0.0;0.0;0.0;0.20936068334526617;0.0;1.4834485973257123;-1.6929196844875094;0.0;0.0;0.0;0.0;0.0;29.29703150560969;344.8945090366215;64.15772772654545;346.9537538963181;-0.1560858012055409
2381.0;0.0;-0.00046989302283003467;0.0;0.011226211948285022;0.0;0.0;0.0;0.0;0.0;0.0;0.20936068334526617;0.0;1.4834485973257123;-1.6929196844875094;0.0;0.0;0.0;0.0;0.0;29.29703150560969;344.8945090366215;64.15772772654545;346.9537538963181;-0.1560858012055409
2382.0;0.0;-0.00046989302283003467;0.0;0.011226211948285022;0.0;0.0;0.0;0.0;0.0;0.0;0.20936068334526617;0.0;1.4834485973257123;-1.6929196844875094;0.0;0.0;0.0;0.0;0.0;29.29703150560969;344.8945090366215;64.15772772654545;346.9537538963181;-0.1560858012055409
2383.0;0.0;-0.00046989302283003467;0.0;0.011226211948285022;0.0;0.0;0.0;0.0;0.0;0.0;0.20936068334526617;0.0;1.4834485973257123;-1.6929196844875094;0.0;0.0;0.0;0.0;0.0;29.29703150560969;344.8945090366215;64.15772772654545;346.9537538963181;-0.1560858012055409
2384.0;0.0;-0.00046989302283003467;0.0;0.011226211948285022;0.0;0.0;0.0;0.0;0.0;0.0;0.20936068334526617;0.0;1.4834485973257123;-1.6929196844875094;0.0;0.0;0.0;0.0;0.0;29.29703150560969;344.8945090366215;64.15772772654545;346.9537538963181;-0.1560858012055409
2385.0;0.0;-0.00046989302283003467;0.0;0.011226211948285022;0.0;0.0;0.0;0.0;0.0;0.0;0.20936068334526617;0.0;1.4834485973257123;-1.6929196844875094;0.0;0.0;0.0;0.0;0.0;29.29703150560969;344.8945090366215;64.15772772654545;346.9537538963181;-0.1560858012055409
2386.0;0.0;-0.00046989302283003467;0.0;0.011226211948285022;0.0;0.0;0.0;0.0;0.0;0.0;0.20936068334526617;0.0;1.4834485973257123;-1.6929196844875094;0.0;0.0;0.0;0.0;0.0;29.29703150560969;344.8945090366215;64.15772772654545;346.9537538963181;-0.1560858012055409
2387.0;0.0;-0.00046989302283003467;0.0;0.011226211948285022;0.0;0.0;0.0;0.0;0.0;0.0;0.20936068334526617;0.0;1.4834485973257123;-1.6929196844875094;0.0;0.0;0.0;0.0;0.0;29.29703150560969;344.8945090366215;64.15772772654545;346.9537538963181;-0.1560858012055409
2388.0;0.0;-0.00046989302283003467;0.0;0.011226211948285022;0.0;0.0;0.0;0.0;0.0;0.0;0.20936068334526617;0.0;1.4834485973257123;-1.6929196844875094;0.0;0.0;0.0;0.0;0.0;29.29703150560969;344.8945090366215;64.15772772654545;346.9537538963181;-0.1560858012055409
2389.0;0.0;-0.00046989302283003467;0.0;0.011226211948285022;0.0;0.0;0.0;0.0;0.0;0.0;0.20936068334526617;0.0;1.4834485973257123;-1.6929196844875094;0.0;0.0;0.0;0.0;0.0;29.29703150560969;344.8945090366215;64.15772772654545;346.9537538963181;-0.1560858012055409
2390.0;0.0;-0.00046989302283003467;0.0;0.011226211948285022;0.0;0.0;0.0;0.0;0.0;0.0;0.20936068334526617;0.0;1.4834485973257123;-1.6929196844875094;0.0;0.0;0.0;0.0;0.0;29.29703150560969;344.8945090366215;64.15772772654545;346.9537538963181;-0.1560858012055409
2391.0;0.0;-0.00046989302283003467;0.0;0.011226211948285022;0.0;0.0;0.0;0.0;0.0;0.0;0.20936068334526617;0.0;1.4834485973257123;-1.6929196844875094;0.0;0.0;0.0;0.0;0.0;29.29703150560969;344.8945090366215;64.15772772654545;346.9537538963181;-0.1560858012055409
2392.0;0.0;-0.00046989302283003467;0.0;0.011226211948285022;0.0;0.0;0.0;0.0;0.0;0.0;0.20936068334526617;0.0;1.4834485973257123;-1.6929196844875094;0.0;0.0;0.0;0.0;0.0;29.29703150560969;344.8945090366215;64.15772772654545;346.9537538963181;-0.1560858012055409
2393.0;0.0;-0.00046989302283003467;0.0;0.011226211948285022;0.0;0.0;0.0;0.0;0.0;0.0;0.20936068334526617;0.0;1.4834485973257123;-1.6929196844875094;0.0;0.0;0.0;0.0;0.0;29.29703150560969;344.8945090366215;64.15772772654545;346.9537538963181;-0.1560858012055409
2394.0;0.0;-0.00046989302283003467;0.0;0.011226211948285022;0.0;0.0;0.0;0.0;0.0;0.0;0.20936068334526617;0.0;1.4834485973257123;-1.6929196844875094;0.0;0.0;0.0;0.0;0.0;29.29703150560969;344.8945090366215;64.15772772654545;346.9537538963181;-0.1560858012055409
2395.0;0.0;-0.00046989302283003467;0.0;0.011226211948285022;0.0;0.0;0.0;0.0;0.0;0.0;0.20936068334526617;0.0;1.4834485973257123;-1.6929196844875094;0.0;0.0;0.0;0.0;0.0;29.29703150560969;344.8945090366215;64.15772772654545;346.9537538963181;-0.1560858012055409
2396.0;0.0;-0.00046989302283003467;0.0;0.011226211948285022;0.0;0.0;0.0;0.0;0.0;0.0;0.20936068334526617;0.0;1.4834485973257123;-1.6929196844875094;0.0;0.0;0.0;0.0;0.0;29.29703150560969;344.8945090366215;64.15772772654545;346.9537538963181;-0.1560858012055409
2397.0;0.0;-0.00046989302283003467;0.0;0.011226211948285022;0.0;0.0;0.0;0.0;0.0;0.0;0.20936068334526617;0.0;1.4834485973257123;-1.6929196844875094;0.0;0.0;0.0;0.0;0.0;29.29703150560969;344.8945090366215;64.15772772654545;346.9537538963181;-0.1560858012055409
2398.0;0.0;-0.00046989302283003467;0.0;0.011226211948285022;0.0;0.0;0.0;0.0;0.0;0.0;0.20936068334526617;0.0;1.4834485973257123;-1.6929196844875094;0.0;0.0;0.0;0.0;0.0;29.29703150560969;344.8945090366215;64.15772772654545;346.9537538963181;-0.1560858012055409
2399.0;0.0;-0.00046989302283003467;0.0;0.011226211948285022;0.0;0.0;0.0;0.0;0.0;0.0;0.20936068334526617;0.0;1.4834485973257123;-1.6929196844875094;0.0;0.0;0.0;0.0;0.0;29.29703150560969;344.8945090366215;64.15772772654545;346.9537538963181;-0.1560858012055409
2400.0;0.0;-0.00046989302283003467;0.0;0.011226211948285022;0.0;0.0;0.0;0.0;0.0;0.0;0.20936068334526617;0.0;1.4834485973257123;-1.6929196844875094;0.0;0.0;0.0;0.0;0.0;29.29703150560969;344.8945090366215;64.15772772654545;346.9537538963181;-0.1560858012055409
2401.0;0.0;-0.0004663396747250025;0.0;0.011226211948285022;0.0;0.0;0.0;0.0;0.0;0.0;0.19233166708325658;0.0;1.4351908800382307;-1.6274968264897003;0.0;0.0;0.0;0.0;0.0;29.29703150560969;344.8945090366215;64.15772772654545;346.9537538963181;-0.1560858012055409
2402.0;0.0;-0.0004663396747250025;0.0;0.011226211948285022;0.0;0.0;0.0;0.0;0.0;0.0;0.19233166708325658;0.0;1.4351908800382307;-1.6274968264897003;0.0;0.0;0.0;0.0;0.0;29.29703150560969;344.8945090366215;64.15772772654545;346.9537538963181;-0.1560858012055409
2403.0;0.0;-0.0004663396747250025;0.0;0.011226211948285022;0.0;0.0;0.0;0.0;0.0;0.0;0.19233166708325658;0.0;1.4351908800382307;-1.6274968264897003;0.0;0.0;0.0;0.0;0.0;29.29703150560969;344.8945090366215;64.15772772654545;346.9537538963181;-0.1560858012055409
2404.0;0.0;-0.0004663396747250025;0.0;0.011226211948285022;0.0;0.0;0.0;0.0;0.0;0.0;0.19233166708325658;0.0;1.4351908800382307;-1.6274968264897003;0.0;0.0;0.0;0.0;0.0;29.29703150560969;344.8945090366215;64.15772772654545;346.9537538963181;-0.1560858012055409
2405.0;0.0;-0.0004663396747250025;0.0;0.011226211948285022;0.0;0.0;0.0;0.0;0.0;0.0;0.19233166708325658;0.0;1.4351908800382307;-1.6274968264897003;0.0;0.0;0.0;0.0;0.0;29.29703150560969;344.8945090366215;64.15772772654545;346.9537538963181;-0.1560858012055409
2406.0;0.0;-0.0004663396747250025;0.0;0.011226211948285022;0.0;0.0;0.0;0.0;0.0;0.0;0.19233166708325658;0.0;1.4351908800382307;-1.6274968264897003;0.0;0.0;0.0;0.0;0.0;29.29703150560969;344.8945090366215;64.15772772654545;346.9537538963181;-0.1560858012055409
2407.0;0.0;-0.0004663396747250025;0.0;0.011226211948285022;0.0;0.0;0.0;0.0;0.0;0.0;0.19233166708325658;0.0;1.4351908800382307;-1.6274968264897003;0.0;0.0;0.0;0.0;0.0;29.29703150560969;344.8945090366215;64.15772772654545;346.9537538963181;-0.1560858012055409
2408.0;0.0;-0.0004663396747250025;0.0;0.011226211948285022;0.0;0.0;0.0;0.0;0.0;0.0;0.19233166708325658;0.0;1.4351908800382307;-1.6274968264897003;0.0;0.0;0.0;0.0;0.0;29.29703150560969;344.8945090366215;64.15772772654545;346.9537538963181;-0.1560858012055409
2409.0;0.0;-0.0004663396747250025;0.0;0.011226211948285022;0.0;0.0;0.0;0.0;0.0;0.0;0.19233166708325658;0.0;1.4351908800382307;-1.6274968264897003;0.0;0.0;0.0;0.0;0.0;29.29703150560969;344.8945090366215;64.15772772654545;346.9537538963181;-0.1560858012055409
2410.0;0.0;-0.0004663396747250025;0.0;0.011226211948285022;0.0;0.0;0.0;0.0;0.0;0.0;0.19233166708325658;0.0;1.4351908800382307;-1.6274968264897003;0.0;0.0;0.0;0.0;0.0;29.29703150560969;344.8945090366215;64.15772772654545;346.9537538963181;-0.1560858012055409
2411.0;0.0;-0.0004663396747250025;0.0;0.011226211948285022;0.0;0.0;0.0;0.0;0.0;0.0;0.19233166708325658;0.0;1.4351908800382307;-1.6274968264897003;0.0;0.0;0.0;0.0;0.0;29.29703150560969;344.8945090366215;64.15772772654545;346.9537538963181;-0.1560858012055409
2412.0;0.0;-0.0004663396747250025;0.0;0.011226211948285022;0.0;0.0;0.0;0.0;0.0;0.0;0.19233166708325658;0.0;1.4351908800382307;-1.6274968264897003;0.0;0.0;0.0;0.0;0.0;29.29703150560969;344.8945090366215;64.15772772654545;346.9537538963181;-0.1560858012055409
2413.0;0.0;-0.0004663396747250025;0.0;0.011226211948285022;0.0;0.0;0.0;0.0;0.0;0.0;0.19233166708325658;0.0;1.4351908800382307;-1.6274968264897003;0.0;0.0;0.0;0.0;0.0;29.29703150560969;344.8945090366215;64.15772772654545;346.9537538963181;-0.1560858012055409
2414.0;0.0;-0.0004663396747250025;0.0;0.011226211948285022;0.0;0.0;0.0;0.0;0.0;0.0;0.19233166708325658;0.0;1.4351908800382307;-1.6274968264897003;0.0;0.0;0.0;0.0;0.0;29.29703150560969;344.8945090366215;64.15772772654545;346.9537538963181;-0.1560858012055409
2415.0;0.0;-0.0004663396747250025;0.0;0.011226211948285022;0.0;0.0;0.0;0.0;0.0;0.0;0.19233166708325658;0.0;1.4351908800382307;-1.6274968264897003;0.0;0.0;0.0;0.0;0.0;29.29703150560969;344.8945090366215;64.15772772654545;346.9537538963181;-0.1560858012055409
2416.0;0.0;-0.0004663396747250025;0.0;0.011226211948285022;0.0;0.0;0.0;0.0;0.0;0.0;0.19233166708325658;0.0;1.4351908800382307;-1.6274968264897003;0.0;0.0;0.0;0.0;0.0;29.29703150560969;344.8945090366215;64.15772772654545;346.9537538963181;-0.1560858012055409
2417.0;0.0;-0.0004663396747250025;0.0;0.011226211948285022;0.0;0.0;0.0;0.0;0.0;0.0;0.19233166708325658;0.0;1.4351908800382307;-1.6274968264897003;0.0;0.0;0.0;0.0;0.0;29.29703150560969;344.8945090366215;64.15772772654545;346.9537538963181;-0.1560858012055409
2418.0;0.0;-0.0004663396747250025;0.0;0.011226211948285022;0.0;0.0;0.0;0.0;0.0;0.0;0.19233166708325658;0.0;1.4351908800382307;-1.6274968264897003;0.0;0.0;0.0;0.0;0.0;29.29703150560969;344.8945090366215;64.15772772654545;346.9537538963181;-0.1560858012055409
2419.0;0.0;-0.0004663396747250025;0.0;0.011226211948285022;0.0;0.0;0.0;0.0;0.0;0.0;0.19233166708325658;0.0;1.4351908800382307;-1.6274968264897003;0.0;0.0;0.0;0.0;0.0;29.29703150560969;344.8945090366215;64.15772772654545;346.9537538963181;-0.1560858012055409
2420.0;0.0;-0.0004663396747250025;0.0;0.011226211948285022;0.0;0.0;0.0;0.0;0.0;0.0;0.19233166708325658;0.0;1.4351908800382307;-1.6274968264897003;0.0;0.0;0.0;0.0;0.0;29.29703150560969;344.8945090366215;64.15772772654545;346.9537538963181;-0.1560858012055409
2421.0;0.0;-0.0004663396747250025;0.0;0.011226211948285022;0.0;0.0;0.0;0.0;0.0;0.0;0.19233166708325658;0.0;1.4351908800382307;-1.6274968264897003;0.0;0.0;0.0;0.0;0.0;29.29703150560969;344.8945090366215;64.15772772654545;346.9537538963181;-0.1560858012055409
2422.0;0.0;-0.0004663396747250025;0.0;0.011226211948285022;0.0;0.0;0.0;0.0;0.0;0.0;0.19233166708325658;0.0;1.4351908800382307;-1.6274968264897003;0.0;0.0;0.0;0.0;0.0;29.29703150560969;344.8945090366215;64.15772772654545;346.9537538963181;-0.1560858012055409
2423.0;0.0;-0.0004663396747250025;0.0;0.011226211948285022;0.0;0.0;0.0;0.0;0.0;0.0;0.19233166708325658;0.0;1.4351908800382307;-1.6274968264897003;0.0;0.0;0.0;0.0;0.0;29.29703150560969;344.8945090366215;64.15772772654545;346.9537538963181;-0.1560858012055409
2424.0;0.0;-0.0004663396747250025;0.0;0.011226211948285022;0.0;0.0;0.0;0.0;0.0;0.0;0.19233166708325658;0.0;1.4351908800382307;-1.6274968264897003;0.0;0.0;0.0;0.0;0.0;29.29703150560969;344.8945090366215;64.15772772654545;346.9537538963181;-0.1560858012055409
2425.0;0.0;-0.0002563506543733074;0.0;0.011226211948285022;0.0;0.0;0.0;0.0;0.0;0.0;0.25214684117618447;0.0;0.7051901766141276;-0.9573443368478853;0.0;0.0;0.0;0.0;0.0;29.29703150560969;344.8945090366215;64.15772772654545;346.9537538963181;-0.1560858012055409
2426.0;0.0;-0.0002563506543733074;0.0;0.011226211948285022;0.0;0.0;0.0;0.0;0.0;0.0;0.25214684117618447;0.0;0.7051901766141276;-0.9573443368478853;0.0;0.0;0.0;0.0;0.0;29.29703150560969;344.8945090366215;64.15772772654545;346.9537538963181;-0.1560858012055409
2427.0;0.0;-0.0002563506543733074;0.0;0.011226211948285022;0.0;0.0;0.0;0.0;0.0;0.0;0.25214684117618447;0.0;0.7051901766141276;-0.9573443368478853;0.0;0.0;0.0;0.0;0.0;29.29703150560969;344.8945090366215;64.15772772654545;346.9537538963181;-0.1560858012055409
2428.0;0.0;-0.0002563506543733074;0.0;0.011226211948285022;0.0;0.0;0.0;0.0;0.0;0.0;0.25214684117618447;0.0;0.7051901766141276;-0.9573443368478853;0.0;0.0;0.0;0.0;0.0;29.29703150560969;344.8945090366215;64.15772772654545;346.9537538963181;-0.1560858012055409
2429.0;0.0;-0.0002563506543733074;0.0;0.011226211948285022;0.0;0.0;0.0;0.0;0.0;0.0;0.25214684117618447;0.0;0.7051901766141276;-0.9573443368478853;0.0;0.0;0.0;0.0;0.0;29.29703150560969;344.8945090366215;64.15772772654545;346.9537538963181;-0.1560858012055409
2430.0;0.0;-0.0002563506543733074;0.0;0.011226211948285022;0.0;0.0;0.0;0.0;0.0;0.0;0.25214684117618447;0.0;0.7051901766141276;-0.9573443368478853;0.0;0.0;0.0;0.0;0.0;29.29703150560969;344.8945090366215;64.15772772654545;346.9537538963181;-0.1560858012055409
2431.0;0.0;-0.0002563506543733074;0.0;0.011226211948285022;0.0;0.0;0.0;0.0;0.0;0.0;0.25214684117618447;0.0;0.7051901766141276;-0.9573443368478853;0.0;0.0;0.0;0.0;0.0;29.29703150560969;344.8945090366215;64.15772772654545;346.9537538963181;-0.1560858012055409
2432.0;0.0;-0.0002563506543733074;0.0;0.011226211948285022;0.0;0.0;0.0;0.0;0.0;0.0;0.25214684117618447;0.0;0.7051901766141276;-0.9573443368478853;0.0;0.0;0.0;0.0;0.0;29.29703150560969;344.8945090366215;64.15772772654545;346.9537538963181;-0.1560858012055409
2433.0;0.0;-0.0002563506543733074;0.0;0.011226211948285022;0.0;0.0;0.0;0.0;0.0;0.0;0.25214684117618447;0.0;0.7051901766141276;-0.9573443368478853;0.0;0.0;0.0;0.0;0.0;29.29703150560969;344.8945090366215;64.15772772654545;346.9537538963181;-0.1560858012055409
2434.0;0.0;-0.0002563506543733074;0.0;0.011226211948285022;0.0;0.0;0.0;0.0;0.0;0.0;0.25214684117618447;0.0;0.7051901766141276;-0.9573443368478853;0.0;0.0;0.0;0.0;0.0;29.29703150560969;344.8945090366215;64.15772772654545;346.9537538963181;-0.1560858012055409
2435.0;0.0;-0.0002563506543733074;0.0;0.011226211948285022;0.0;0.0;0.0;0.0;0.0;0.0;0.25214684117618447;0.0;0.7051901766141276;-0.9573443368478853;0.0;0.0;0.0;0.0;0.0;29.29703150560969;344.8945090366215;64.15772772654545;346.9537538963181;-0.1560858012055409
2436.0;0.0;-0.0002563506543733074;0.0;0.011226211948285022;0.0;0.0;0.0;0.0;0.0;0.0;0.25214684117618447;0.0;0.7051901766141276;-0.9573443368478853;0.0;0.0;0.0;0.0;0.0;29.29703150560969;344.8945090366215;64.15772772654545;346.9537538963181;-0.1560858012055409
2437.0;0.0;-0.0002563506543733074;0.0;0.011226211948285022;0.0;0.0;0.0;0.0;0.0;0.0;0.25214684117618447;0.0;0.7051901766141276;-0.9573443368478853;0.0;0.0;0.0;0.0;0.0;29.29703150560969;344.8945090366215;64.15772772654545;346.9537538963181;-0.1560858012055409
2438.0;0.0;-0.0002563506543733074;0.0;0.011226211948285022;0.0;0.0;0.0;0.0;0.0;0.0;0.25214684117618447;0.0;0.7051901766141276;-0.9573443368478853;0.0;0.0;0.0;0.0;0.0;29.29703150560969;344.8945090366215;64.15772772654545;346.9537538963181;-0.1560858012055409
2439.0;0.0;-0.0002563506543733074;0.0;0.011226211948285022;0.0;0.0;0.0;0.0;0.0;0.0;0.25214684117618447;0.0;0.7051901766141276;-0.9573443368478853;0.0;0.0;0.0;0.0;0.0;29.29703150560969;344.8945090366215;64.15772772654545;346.9537538963181;-0.1560858012055409
2440.0;0.0;-0.0002563506543733074;0.0;0.011226211948285022;0.0;0.0;0.0;0.0;0.0;0.0;0.25214684117618447;0.0;0.7051901766141276;-0.9573443368478853;0.0;0.0;0.0;0.0;0.0;29.29703150560969;344.8945090366215;64.15772772654545;346.9537538963181;-0.1560858012055409
2441.0;0.0;-0.0002563506543733074;0.0;0.011226211948285022;0.0;0.0;0.0;0.0;0.0;0.0;0.25214684117618447;0.0;0.7051901766141276;-0.9573443368478853;0.0;0.0;0.0;0.0;0.0;29.29703150560969;344.8945090366215;64.15772772654545;346.9537538963181;-0.1560858012055409
2442.0;0.0;-0.0002563506543733074;0.0;0.011226211948285022;0.0;0.0;0.0;0.0;0.0;0.0;0.25214684117618447;0.0;0.7051901766141276;-0.9573443368478853;0.0;0.0;0.0;0.0;0.0;29.29703150560969;344.8945090366215;64.15772772654545;346.9537538963181;-0.1560858012055409
2443.0;0.0;-0.0002563506543733074;0.0;0.011226211948285022;0.0;0.0;0.0;0.0;0.0;0.0;0.25214684117618447;0.0;0.7051901766141276;-0.9573443368478853;0.0;0.0;0.0;0.0;0.0;29.29703150560969;344.8945090366215;64.15772772654545;346.9537538963181;-0.1560858012055409
2444.0;0.0;-0.0002563506543733074;0.0;0.011226211948285022;0.0;0.0;0.0;0.0;0.0;0.0;0.25214684117618447;0.0;0.7051901766141276;-0.9573443368478853;0.0;0.0;0.0;0.0;0.0;29.29703150560969;344.8945090366215;64.15772772654545;346.9537538963181;-0.1560858012055409
2445.0;0.0;-0.0002563506543733074;0.0;0.011226211948285022;0.0;0.0;0.0;0.0;0.0;0.0;0.25214684117618447;0.0;0.7051901766141276;-0.9573443368478853;0.0;0.0;0.0;0.0;0.0;29.29703150560969;344.8945090366215;64.15772772654545;346.9537538963181;-0.1560858012055409
2446.0;0.0;-0.0002563506543733074;0.0;0.011226211948285022;0.0;0.0;0.0;0.0;0.0;0.0;0.25214684117618447;0.0;0.7051901766141276;-0.9573443368478853;0.0;0.0;0.0;0.0;0.0;29.29703150560969;344.8945090366215;64.15772772654545;346.9537538963181;-0.1560858012055409
2447.0;0.0;-0.0002563506543733074;0.0;0.011226211948285022;0.0;0.0;0.0;0.0;0.0;0.0;0.25214684117618447;0.0;0.7051901766141276;-0.9573443368478853;0.0;0.0;0.0;0.0;0.0;29.29703150560969;344.8945090366215;64.15772772654545;346.9537538963181;-0.1560858012055409
2448.0;0.0;-0.0002563506543733074;0.0;0.011226211948285022;0.0;0.0;0.0;0.0;0.0;0.0;0.25214684117618447;0.0;0.7051901766141276;-0.9573443368478853;0.0;0.0;0.0;0.0;0.0;29.29703150560969;344.8945090366215;64.15772772654545;346.9537538963181;-0.1560858012055409
2449.0;0.0;-0.0005783232407504275;0.0;0.011226211948285022;0.0;0.0;0.0;0.0;0.0;0.0;0.28110859125818927;0.0;1.6968863505477116;-1.9780588773275094;0.0;0.0;0.0;0.0;0.0;29.29703150560969;344.8945090366215;64.15772772654545;346.9537538963181;-0.1560858012055409
2450.0;0.0;-0.0005783232407504275;0.0;0.011226211948285022;0.0;0.0;0.0;0.0;0.0;0.0;0.28110859125818927;0.0;1.6968863505477116;-1.9780588773275094;0.0;0.0;0.0;0.0;0.0;29.29703150560969;344.8945090366215;64.15772772654545;346.9537538963181;-0.1560858012055409
2451.0;0.0;-0.0005783232407504275;0.0;0.011226211948285022;0.0;0.0;0.0;0.0;0.0;0.0;0.28110859125818927;0.0;1.6968863505477116;-1.9780588773275094;0.0;0.0;0.0;0.0;0.0;29.29703150560969;344.8945090366215;64.15772772654545;346.9537538963181;-0.1560858012055409
2452.0;0.0;-0.0005783232407504275;0.0;0.011226211948285022;0.0;0.0;0.0;0.0;0.0;0.0;0.28110859125818927;0.0;1.6968863505477116;-1.9780588773275094;0.0;0.0;0.0;0.0;0.0;29.29703150560969;344.8945090366215;64.15772772654545;346.9537538963181;-0.1560858012055409
2453.0;0.0;-0.0005783232407504275;0.0;0.011226211948285022;0.0;0.0;0.0;0.0;0.0;0.0;0.28110859125818927;0.0;1.6968863505477116;-1.9780588773275094;0.0;0.0;0.0;0.0;0.0;29.29703150560969;344.8945090366215;64.15772772654545;346.9537538963181;-0.1560858012055409
2454.0;0.0;-0.0005783232407504275;0.0;0.011226211948285022;0.0;0.0;0.0;0.0;0.0;0.0;0.28110859125818927;0.0;1.6968863505477116;-1.9780588773275094;0.0;0.0;0.0;0.0;0.0;29.29703150560969;344.8945090366215;64.15772772654545;346.9537538963181;-0.1560858012055409
2455.0;0.0;-0.0005783232407504275;0.0;0.011226211948285022;0.0;0.0;0.0;0.0;0.0;0.0;0.28110859125818927;0.0;1.6968863505477116;-1.9780588773275094;0.0;0.0;0.0;0.0;0.0;29.29703150560969;344.8945090366215;64.15772772654545;346.9537538963181;-0.1560858012055409
2456.0;0.0;-0.0005783232407504275;0.0;0.011226211948285022;0.0;0.0;0.0;0.0;0.0;0.0;0.28110859125818927;0.0;1.6968863505477116;-1.9780588773275094;0.0;0.0;0.0;0.0;0.0;29.29703150560969;344.8945090366215;64.15772772654545;346.9537538963181;-0.1560858012055409
2457.0;0.0;-0.0005783232407504275;0.0;0.011226211948285022;0.0;0.0;0.0;0.0;0.0;0.0;0.28110859125818927;0.0;1.6968863505477116;-1.9780588773275094;0.0;0.0;0.0;0.0;0.0;29.29703150560969;344.8945090366215;64.15772772654545;346.9537538963181;-0.1560858012055409
2458.0;0.0;-0.0005783232407504275;0.0;0.011226211948285022;0.0;0.0;0.0;0.0;0.0;0.0;0.28110859125818927;0.0;1.6968863505477116;-1.9780588773275094;0.0;0.0;0.0;0.0;0.0;29.29703150560969;344.8945090366215;64.15772772654545;346.9537538963181;-0.1560858012055409
2459.0;0.0;-0.0005783232407504275;0.0;0.011226211948285022;0.0;0.0;0.0;0.0;0.0;0.0;0.28110859125818927;0.0;1.6968863505477116;-1.9780588773275094;0.0;0.0;0.0;0.0;0.0;29.29703150560969;344.8945090366215;64.15772772654545;346.9537538963181;-0.1560858012055409
2460.0;0.0;-0.0005783232407504275;0.0;0.011226211948285022;0.0;0.0;0.0;0.0;0.0;0.0;0.28110859125818927;0.0;1.6968863505477116;-1.9780588773275094;0.0;0.0;0.0;0.0;0.0;29.29703150560969;344.8945090366215;64.15772772654545;346.9537538963181;-0.1560858012055409
2461.0;0.0;-0.0005783232407504275;0.0;0.011226211948285022;0.0;0.0;0.0;0.0;0.0;0.0;0.28110859125818927;0.0;1.6968863505477116;-1.9780588773275094;0.0;0.0;0.0;0.0;0.0;29.29703150560969;344.8945090366215;64.15772772654545;346.9537538963181;-0.1560858012055409
2462.0;0.0;-0.0005783232407504275;0.0;0.011226211948285022;0.0;0.0;0.0;0.0;0.0;0.0;0.28110859125818927;0.0;1.6968863505477116;-1.9780588773275094;0.0;0.0;0.0;0.0;0.0;29.29703150560969;344.8945090366215;64.15772772654545;346.9537538963181;-0.1560858012055409
2463.0;0.0;-0.0005783232407504275;0.0;0.011226211948285022;0.0;0.0;0.0;0.0;0.0;0.0;0.28110859125818927;0.0;1.6968863505477116;-1.9780588773275094;0.0;0.0;0.0;0.0;0.0;29.29703150560969;344.8945090366215;64.15772772654545;346.9537538963181;-0.1560858012055409
2464.0;0.0;-0.0005783232407504275;0.0;0.011226211948285022;0.0;0.0;0.0;0.0;0.0;0.0;0.28110859125818927;0.0;1.6968863505477116;-1.9780588773275094;0.0;0.0;0.0;0.0;0.0;29.29703150560969;344.8945090366215;64.15772772654545;346.9537538963181;-0.1560858012055409
2465.0;0.0;-0.0005783232407504275;0.0;0.011226211948285022;0.0;0.0;0.0;0.0;0.0;0.0;0.28110859125818927;0.0;1.6968863505477116;-1.9780588773275094;0.0;0.0;0.0;0.0;0.0;29.29703150560969;344.8945090366215;64.15772772654545;346.9537538963181;-0.1560858012055409
2466.0;0.0;-0.0005783232407504275;0.0;0.011226211948285022;0.0;0.0;0.0;0.0;0.0;0.0;0.28110859125818927;0.0;1.6968863505477116;-1.9780588773275094;0.0;0.0;0.0;0.0;0.0;29.29703150560969;344.8945090366215;64.15772772654545;346.9537538963181;-0.1560858012055409
2467.0;0.0;-0.0005783232407504275;0.0;0.011226211948285022;0.0;0.0;0.0;0.0;0.0;0.0;0.28110859125818927;0.0;1.6968863505477116;-1.9780588773275094;0.0;0.0;0.0;0.0;0.0;29.29703150560969;344.8945090366215;64.15772772654545;346.9537538963181;-0.1560858012055409
2468.0;0.0;-0.0005783232407504275;0.0;0.011226211948285022;0.0;0.0;0.0;0.0;0.0;0.0;0.28110859125818927;0.0;1.6968863505477116;-1.9780588773275094;0.0;0.0;0.0;0.0;0.0;29.29703150560969;344.8945090366215;64.15772772654545;346.9537538963181;-0.1560858012055409
2469.0;0.0;-0.0005783232407504275;0.0;0.011226211948285022;0.0;0.0;0.0;0.0;0.0;0.0;0.28110859125818927;0.0;1.6968863505477116;-1.9780588773275094;0.0;0.0;0.0;0.0;0.0;29.29703150560969;344.8945090366215;64.15772772654545;346.9537538963181;-0.1560858012055409
2470.0;0.0;-0.0005783232407504275;0.0;0.011226211948285022;0.0;0.0;0.0;0.0;0.0;0.0;0.28110859125818927;0.0;1.6968863505477116;-1.9780588773275094;0.0;0.0;0.0;0.0;0.0;29.29703150560969;344.8945090366215;64.15772772654545;346.9537538963181;-0.1560858012055409
2471.0;0.0;-0.0005783232407504275;0.0;0.011226211948285022;0.0;0.0;0.0;0.0;0.0;0.0;0.28110859125818927;0.0;1.6968863505477116;-1.9780588773275094;0.0;0.0;0.0;0.0;0.0;29.29703150560969;344.8945090366215;64.15772772654545;346.9537538963181;-0.1560858012055409
2472.0;0.0;-0.0005783232407504275;0.0;0.011226211948285022;0.0;0.0;0.0;0.0;0.0;0.0;0.28110859125818927;0.0;1.6968863505477116;-1.9780588773275094;0.0;0.0;0.0;0.0;0.0;29.29703150560969;344.8945090366215;64.15772772654545;346.9537538963181;-0.1560858012055409
2473.0;0.0;-0.00023279332186960938;0.0;0.011226211948285022;0.0;0.0;0.0;0.0;0.0;0.0;0.7257394466244751;0.0;2.670503782193254;-3.396272506131447;0.0;0.0;0.0;0.0;0.0;29.29703150560969;344.8945090366215;64.15772772654545;346.9537538963181;-0.1560858012055409
2474.0;0.0;-0.00023279332186960938;0.0;0.011226211948285022;0.0;0.0;0.0;0.0;0.0;0.0;0.7257394466244751;0.0;2.670503782193254;-3.396272506131447;0.0;0.0;0.0;0.0;0.0;29.29703150560969;344.8945090366215;64.15772772654545;346.9537538963181;-0.1560858012055409
2475.0;0.0;-0.00023279332186960938;0.0;0.011226211948285022;0.0;0.0;0.0;0.0;0.0;0.0;0.7257394466244751;0.0;2.670503782193254;-3.396272506131447;0.0;0.0;0.0;0.0;0.0;29.29703150560969;344.8945090366215;64.15772772654545;346.9537538963181;-0.1560858012055409
2476.0;0.0;-0.00023279332186960938;0.0;0.011226211948285022;0.0;0.0;0.0;0.0;0.0;0.0;0.7257394466244751;0.0;2.670503782193254;-3.396272506131447;0.0;0.0;0.0;0.0;0.0;29.29703150560969;344.8945090366215;64.15772772654545;346.9537538963181;-0.1560858012055409
2477.0;0.0;-0.00023279332186960938;0.0;0.011226211948285022;0.0;0.0;0.0;0.0;0.0;0.0;0.7257394466244751;0.0;2.670503782193254;-3.396272506131447;0.0;0.0;0.0;0.0;0.0;29.29703150560969;344.8945090366215;64.15772772654545;346.9537538963181;-0.1560858012055409
2478.0;0.0;-0.00023279332186960938;0.0;0.011226211948285022;0.0;0.0;0.0;0.0;0.0;0.0;0.7257394466244751;0.0;2.670503782193254;-3.396272506131447;0.0;0.0;0.0;0.0;0.0;29.29703150560969;344.8945090366215;64.15772772654545;346.9537538963181;-0.1560858012055409
2479.0;0.0;-0.00023279332186960938;0.0;0.011226211948285022;0.0;0.0;0.0;0.0;0.0;0.0;0.7257394466244751;0.0;2.670503782193254;-3.396272506131447;0.0;0.0;0.0;0.0;0.0;29.29703150560969;344.8945090366215;64.15772772654545;346.9537538963181;-0.1560858012055409
2480.0;0.0;-0.00023279332186960938;0.0;0.011226211948285022;0.0;0.0;0.0;0.0;0.0;0.0;0.7257394466244751;0.0;2.670503782193254;-3.396272506131447;0.0;0.0;0.0;0.0;0.0;29.29703150560969;344.8945090366215;64.15772772654545;346.9537538963181;-0.1560858012055409
2481.0;0.0;-0.00023279332186960938;0.0;0.011226211948285022;0.0;0.0;0.0;0.0;0.0;0.0;0.7257394466244751;0.0;2.670503782193254;-3.396272506131447;0.0;0.0;0.0;0.0;0.0;29.29703150560969;344.8945090366215;64.15772772654545;346.9537538963181;-0.1560858012055409
2482.0;0.0;-0.00023279332186960938;0.0;0.011226211948285022;0.0;0.0;0.0;0.0;0.0;0.0;0.7257394466244751;0.0;2.670503782193254;-3.396272506131447;0.0;0.0;0.0;0.0;0.0;29.29703150560969;344.8945090366215;64.15772772654545;346.9537538963181;-0.1560858012055409
2483.0;0.0;-0.00023279332186960938;0.0;0.011226211948285022;0.0;0.0;0.0;0.0;0.0;0.0;0.7257394466244751;0.0;2.670503782193254;-3.396272506131447;0.0;0.0;0.0;0.0;0.0;29.29703150560969;344.8945090366215;64.15772772654545;346.9537538963181;-0.1560858012055409
2484.0;0.0;-0.00023279332186960938;0.0;0.011226211948285022;0.0;0.0;0.0;0.0;0.0;0.0;0.7257394466244751;0.0;2.670503782193254;-3.396272506131447;0.0;0.0;0.0;0.0;0.0;29.29703150560969;344.8945090366215;64.15772772654545;346.9537538963181;-0.1560858012055409
2485.0;0.0;-0.00023279332186960938;0.0;0.011226211948285022;0.0;0.0;0.0;0.0;0.0;0.0;0.7257394466244751;0.0;2.670503782193254;-3.396272506131447;0.0;0.0;0.0;0.0;0.0;29.29703150560969;344.8945090366215;64.15772772654545;346.9537538963181;-0.1560858012055409
2486.0;0.0;-0.00023279332186960938;0.0;0.011226211948285022;0.0;0.0;0.0;0.0;0.0;0.0;0.7257394466244751;0.0;2.670503782193254;-3.396272506131447;0.0;0.0;0.0;0.0;0.0;29.29703150560969;344.8945090366215;64.15772772654545;346.9537538963181;-0.1560858012055409
2487.0;0.0;-0.00023279332186960938;0.0;0.011226211948285022;0.0;0.0;0.0;0.0;0.0;0.0;0.7257394466244751;0.0;2.670503782193254;-3.396272506131447;0.0;0.0;0.0;0.0;0.0;29.29703150560969;344.8945090366215;64.15772772654545;346.9537538963181;-0.1560858012055409
2488.0;0.0;-0.00023279332186960938;0.0;0.011226211948285022;0.0;0.0;0.0;0.0;0.0;0.0;0.7257394466244751;0.0;2.670503782193254;-3.396272506131447;0.0;0.0;0.0;0.0;0.0;29.29703150560969;344.8945090366215;64.15772772654545;346.9537538963181;-0.1560858012055409
2489.0;0.0;-0.00023279332186960938;0.0;0.011226211948285022;0.0;0.0;0.0;0.0;0.0;0.0;0.7257394466244751;0.0;2.670503782193254;-3.396272506131447;0.0;0.0;0.0;0.0;0.0;29.29703150560969;344.8945090366215;64.15772772654545;346.9537538963181;-0.1560858012055409
2490.0;0.0;-0.00023279332186960938;0.0;0.011226211948285022;0.0;0.0;0.0;0.0;0.0;0.0;0.7257394466244751;0.0;2.670503782193254;-3.396272506131447;0.0;0.0;0.0;0.0;0.0;29.29703150560969;344.8945090366215;64.15772772654545;346.9537538963181;-0.1560858012055409
2491.0;0.0;-0.00023279332186960938;0.0;0.011226211948285022;0.0;0.0;0.0;0.0;0.0;0.0;0.7257394466244751;0.0;2.670503782193254;-3.396272506131447;0.0;0.0;0.0;0.0;0.0;29.29703150560969;344.8945090366215;64.15772772654545;346.9537538963181;-0.1560858012055409
2492.0;0.0;-0.00023279332186960938;0.0;0.011226211948285022;0.0;0.0;0.0;0.0;0.0;0.0;0.7257394466244751;0.0;2.670503782193254;-3.396272506131447;0.0;0.0;0.0;0.0;0.0;29.29703150560969;344.8945090366215;64.15772772654545;346.9537538963181;-0.1560858012055409
2493.0;0.0;-0.00023279332186960938;0.0;0.011226211948285022;0.0;0.0;0.0;0.0;0.0;0.0;0.7257394466244751;0.0;2.670503782193254;-3.396272506131447;0.0;0.0;0.0;0.0;0.0;29.29703150560969;344.8945090366215;64.15772772654545;346.9537538963181;-0.1560858012055409
2494.0;0.0;-0.00023279332186960938;0.0;0.011226211948285022;0.0;0.0;0.0;0.0;0.0;0.0;0.7257394466244751;0.0;2.670503782193254;-3.396272506131447;0.0;0.0;0.0;0.0;0.0;29.29703150560969;344.8945090366215;64.15772772654545;346.9537538963181;-0.1560858012055409
2495.0;0.0;-0.00023279332186960938;0.0;0.011226211948285022;0.0;0.0;0.0;0.0;0.0;0.0;0.7257394466244751;0.0;2.670503782193254;-3.396272506131447;0.0;0.0;0.0;0.0;0.0;29.29703150560969;344.8945090366215;64.15772772654545;346.9537538963181;-0.1560858012055409
2496.0;0.0;-0.00023279332186960938;0.0;0.011226211948285022;0.0;0.0;0.0;0.0;0.0;0.0;0.7257394466244751;0.0;2.670503782193254;-3.396272506131447;0.0;0.0;0.0;0.0;0.0;29.29703150560969;344.8945090366215;64.15772772654545;346.9537538963181;-0.1560858012055409
2497.0;0.0;1.6706984632353674e-5;0.0;0.01716889062927931;0.0;0.0;0.0;0.0;0.0;8.286358354063089e-13;0.5535730481481815;9.514802662842483e-5;3.2247392988398778;-3.7785636157415046;0.0;0.0;0.0;0.0;0.0;21.941346290795906;357.5239018402376;61.5855990509905;353.0003201142903;-0.1688035179045864
2498.0;0.0;1.6706984632353674e-5;0.0;0.01716889062927931;0.0;0.0;0.0;0.0;0.0;8.286358354063089e-13;0.5535730481481815;9.514802662842483e-5;3.2247392988398778;-3.7785636157415046;0.0;0.0;0.0;0.0;0.0;21.941346290795906;357.5239018402376;61.5855990509905;353.0003201142903;-0.1688035179045864
2499.0;0.0;1.6706984632353674e-5;0.0;0.01716889062927931;0.0;0.0;0.0;0.0;0.0;8.286358354063089e-13;0.5535730481481815;9.514802662842483e-5;3.2247392988398778;-3.7785636157415046;0.0;0.0;0.0;0.0;0.0;21.941346290795906;357.5239018402376;61.5855990509905;353.0003201142903;-0.1688035179045864
2500.0;0.0;1.6706984632353674e-5;0.0;0.01716889062927931;0.0;0.0;0.0;0.0;0.0;8.286358354063089e-13;0.5535730481481815;9.514802662842483e-5;3.2247392988398778;-3.7785636157415046;0.0;0.0;0.0;0.0;0.0;21.941346290795906;357.5239018402376;61.5855990509905;353.0003201142903;-0.1688035179045864
2501.0;0.0;1.6706984632353674e-5;0.0;0.01716889062927931;0.0;0.0;0.0;0.0;0.0;8.286358354063089e-13;0.5535730481481815;9.514802662842483e-5;3.2247392988398778;-3.7785636157415046;0.0;0.0;0.0;0.0;0.0;21.941346290795906;357.5239018402376;61.5855990509905;353.0003201142903;-0.1688035179045864
2502.0;0.0;1.6706984632353674e-5;0.0;0.01716889062927931;0.0;0.0;0.0;0.0;0.0;8.286358354063089e-13;0.5535730481481815;9.514802662842483e-5;3.2247392988398778;-3.7785636157415046;0.0;0.0;0.0;0.0;0.0;21.941346290795906;357.5239018402376;61.5855990509905;353.0003201142903;-0.1688035179045864
2503.0;0.0;1.6706984632353674e-5;0.0;0.01716889062927931;0.0;0.0;0.0;0.0;0.0;8.286358354063089e-13;0.5535730481481815;9.514802662842483e-5;3.2247392988398778;-3.7785636157415046;0.0;0.0;0.0;0.0;0.0;21.941346290795906;357.5239018402376;61.5855990509905;353.0003201142903;-0.1688035179045864
2504.0;0.0;1.6706984632353674e-5;0.0;0.01716889062927931;0.0;0.0;0.0;0.0;0.0;8.286358354063089e-13;0.5535730481481815;9.514802662842483e-5;3.2247392988398778;-3.7785636157415046;0.0;0.0;0.0;0.0;0.0;21.941346290795906;357.5239018402376;61.5855990509905;353.0003201142903;-0.1688035179045864
2505.0;0.0;1.6706984632353674e-5;0.0;0.01716889062927931;0.0;0.0;0.0;0.0;0.0;8.286358354063089e-13;0.5535730481481815;9.514802662842483e-5;3.2247392988398778;-3.7785636157415046;0.0;0.0;0.0;0.0;0.0;21.941346290795906;357.5239018402376;61.5855990509905;353.0003201142903;-0.1688035179045864
2506.0;0.0;1.6706984632353674e-5;0.0;0.01716889062927931;0.0;0.0;0.0;0.0;0.0;8.286358354063089e-13;0.5535730481481815;9.514802662842483e-5;3.2247392988398778;-3.7785636157415046;0.0;0.0;0.0;0.0;0.0;21.941346290795906;357.5239018402376;61.5855990509905;353.0003201142903;-0.1688035179045864
2507.0;0.0;1.6706984632353674e-5;0.0;0.01716889062927931;0.0;0.0;0.0;0.0;0.0;8.286358354063089e-13;0.5535730481481815;9.514802662842483e-5;3.2247392988398778;-3.7785636157415046;0.0;0.0;0.0;0.0;0.0;21.941346290795906;357.5239018402376;61.5855990509905;353.0003201142903;-0.1688035179045864
2508.0;0.0;1.6706984632353674e-5;0.0;0.01716889062927931;0.0;0.0;0.0;0.0;0.0;8.286358354063089e-13;0.5535730481481815;9.514802662842483e-5;3.2247392988398778;-3.7785636157415046;0.0;0.0;0.0;0.0;0.0;21.941346290795906;357.5239018402376;61.5855990509905;353.0003201142903;-0.1688035179045864
2509.0;0.0;1.6706984632353674e-5;0.0;0.01716889062927931;0.0;0.0;0.0;0.0;0.0;8.286358354063089e-13;0.5535730481481815;9.514802662842483e-5;3.2247392988398778;-3.7785636157415046;0.0;0.0;0.0;0.0;0.0;21.941346290795906;357.5239018402376;61.5855990509905;353.0003201142903;-0.1688035179045864
2510.0;0.0;1.6706984632353674e-5;0.0;0.01716889062927931;0.0;0.0;0.0;0.0;0.0;8.286358354063089e-13;0.5535730481481815;9.514802662842483e-5;3.2247392988398778;-3.7785636157415046;0.0;0.0;0.0;0.0;0.0;21.941346290795906;357.5239018402376;61.5855990509905;353.0003201142903;-0.1688035179045864
2511.0;0.0;1.6706984632353674e-5;0.0;0.01716889062927931;0.0;0.0;0.0;0.0;0.0;8.286358354063089e-13;0.5535730481481815;9.514802662842483e-5;3.2247392988398778;-3.7785636157415046;0.0;0.0;0.0;0.0;0.0;21.941346290795906;357.5239018402376;61.5855990509905;353.0003201142903;-0.1688035179045864
2512.0;0.0;1.6706984632353674e-5;0.0;0.01716889062927931;0.0;0.0;0.0;0.0;0.0;8.286358354063089e-13;0.5535730481481815;9.514802662842483e-5;3.2247392988398778;-3.7785636157415046;0.0;0.0;0.0;0.0;0.0;21.941346290795906;357.5239018402376;61.5855990509905;353.0003201142903;-0.1688035179045864
2513.0;0.0;1.6706984632353674e-5;0.0;0.01716889062927931;0.0;0.0;0.0;0.0;0.0;8.286358354063089e-13;0.5535730481481815;9.514802662842483e-5;3.2247392988398778;-3.7785636157415046;0.0;0.0;0.0;0.0;0.0;21.941346290795906;357.5239018402376;61.5855990509905;353.0003201142903;-0.1688035179045864
2514.0;0.0;1.6706984632353674e-5;0.0;0.01716889062927931;0.0;0.0;0.0;0.0;0.0;8.286358354063089e-13;0.5535730481481815;9.514802662842483e-5;3.2247392988398778;-3.7785636157415046;0.0;0.0;0.0;0.0;0.0;21.941346290795906;357.5239018402376;61.5855990509905;353.0003201142903;-0.1688035179045864
2515.0;0.0;1.6706984632353674e-5;0.0;0.01716889062927931;0.0;0.0;0.0;0.0;0.0;8.286358354063089e-13;0.5535730481481815;9.514802662842483e-5;3.2247392988398778;-3.7785636157415046;0.0;0.0;0.0;0.0;0.0;21.941346290795906;357.5239018402376;61.5855990509905;353.0003201142903;-0.1688035179045864
2516.0;0.0;1.6706984632353674e-5;0.0;0.01716889062927931;0.0;0.0;0.0;0.0;0.0;8.286358354063089e-13;0.5535730481481815;9.514802662842483e-5;3.2247392988398778;-3.7785636157415046;0.0;0.0;0.0;0.0;0.0;21.941346290795906;357.5239018402376;61.5855990509905;353.0003201142903;-0.1688035179045864
2517.0;0.0;1.6706984632353674e-5;0.0;0.01716889062927931;0.0;0.0;0.0;0.0;0.0;8.286358354063089e-13;0.5535730481481815;9.514802662842483e-5;3.2247392988398778;-3.7785636157415046;0.0;0.0;0.0;0.0;0.0;21.941346290795906;357.5239018402376;61.5855990509905;353.0003201142903;-0.1688035179045864
2518.0;0.0;1.6706984632353674e-5;0.0;0.01716889062927931;0.0;0.0;0.0;0.0;0.0;8.286358354063089e-13;0.5535730481481815;9.514802662842483e-5;3.2247392988398778;-3.7785636157415046;0.0;0.0;0.0;0.0;0.0;21.941346290795906;357.5239018402376;61.5855990509905;353.0003201142903;-0.1688035179045864
2519.0;0.0;1.6706984632353674e-5;0.0;0.01716889062927931;0.0;0.0;0.0;0.0;0.0;8.286358354063089e-13;0.5535730481481815;9.514802662842483e-5;3.2247392988398778;-3.7785636157415046;0.0;0.0;0.0;0.0;0.0;21.941346290795906;357.5239018402376;61.5855990509905;353.0003201142903;-0.1688035179045864
2520.0;0.0;1.6706984632353674e-5;0.0;0.01716889062927931;0.0;0.0;0.0;0.0;0.0;8.286358354063089e-13;0.5535730481481815;9.514802662842483e-5;3.2247392988398778;-3.7785636157415046;0.0;0.0;0.0;0.0;0.0;21.941346290795906;357.5239018402376;61.5855990509905;353.0003201142903;-0.1688035179045864
2521.0;0.0;-0.0004746119009930642;0.0;0.01716889062927931;0.0;0.0;0.0;0.0;0.0;0.0;0.40300604020478953;0.0;1.451073178721115;-1.8544585025571085;0.0;0.0;0.0;0.0;0.0;21.941346290795906;357.5239018402376;61.5855990509905;353.0003201142903;-0.1688035179045864
2522.0;0.0;-0.0004746119009930642;0.0;0.01716889062927931;0.0;0.0;0.0;0.0;0.0;0.0;0.40300604020478953;0.0;1.451073178721115;-1.8544585025571085;0.0;0.0;0.0;0.0;0.0;21.941346290795906;357.5239018402376;61.5855990509905;353.0003201142903;-0.1688035179045864
2523.0;0.0;-0.0004746119009930642;0.0;0.01716889062927931;0.0;0.0;0.0;0.0;0.0;0.0;0.40300604020478953;0.0;1.451073178721115;-1.8544585025571085;0.0;0.0;0.0;0.0;0.0;21.941346290795906;357.5239018402376;61.5855990509905;353.0003201142903;-0.1688035179045864
2524.0;0.0;-0.0004746119009930642;0.0;0.01716889062927931;0.0;0.0;0.0;0.0;0.0;0.0;0.40300604020478953;0.0;1.451073178721115;-1.8544585025571085;0.0;0.0;0.0;0.0;0.0;21.941346290795906;357.5239018402376;61.5855990509905;353.0003201142903;-0.1688035179045864
2525.0;0.0;-0.0004746119009930642;0.0;0.01716889062927931;0.0;0.0;0.0;0.0;0.0;0.0;0.40300604020478953;0.0;1.451073178721115;-1.8544585025571085;0.0;0.0;0.0;0.0;0.0;21.941346290795906;357.5239018402376;61.5855990509905;353.0003201142903;-0.1688035179045864
2526.0;0.0;-0.0004746119009930642;0.0;0.01716889062927931;0.0;0.0;0.0;0.0;0.0;0.0;0.40300604020478953;0.0;1.451073178721115;-1.8544585025571085;0.0;0.0;0.0;0.0;0.0;21.941346290795906;357.5239018402376;61.5855990509905;353.0003201142903;-0.1688035179045864
2527.0;0.0;-0.0004746119009930642;0.0;0.01716889062927931;0.0;0.0;0.0;0.0;0.0;0.0;0.40300604020478953;0.0;1.451073178721115;-1.8544585025571085;0.0;0.0;0.0;0.0;0.0;21.941346290795906;357.5239018402376;61.5855990509905;353.0003201142903;-0.1688035179045864
2528.0;0.0;-0.0004746119009930642;0.0;0.01716889062927931;0.0;0.0;0.0;0.0;0.0;0.0;0.40300604020478953;0.0;1.451073178721115;-1.8544585025571085;0.0;0.0;0.0;0.0;0.0;21.941346290795906;357.5239018402376;61.5855990509905;353.0003201142903;-0.1688035179045864
2529.0;0.0;-0.0004746119009930642;0.0;0.01716889062927931;0.0;0.0;0.0;0.0;0.0;0.0;0.40300604020478953;0.0;1.451073178721115;-1.8544585025571085;0.0;0.0;0.0;0.0;0.0;21.941346290795906;357.5239018402376;61.5855990509905;353.0003201142903;-0.1688035179045864
2530.0;0.0;-0.0004746119009930642;0.0;0.01716889062927931;0.0;0.0;0.0;0.0;0.0;0.0;0.40300604020478953;0.0;1.451073178721115;-1.8544585025571085;0.0;0.0;0.0;0.0;0.0;21.941346290795906;357.5239018402376;61.5855990509905;353.0003201142903;-0.1688035179045864
2531.0;0.0;-0.0004746119009930642;0.0;0.01716889062927931;0.0;0.0;0.0;0.0;0.0;0.0;0.40300604020478953;0.0;1.451073178721115;-1.8544585025571085;0.0;0.0;0.0;0.0;0.0;21.941346290795906;357.5239018402376;61.5855990509905;353.0003201142903;-0.1688035179045864
2532.0;0.0;-0.0004746119009930642;0.0;0.01716889062927931;0.0;0.0;0.0;0.0;0.0;0.0;0.40300604020478953;0.0;1.451073178721115;-1.8544585025571085;0.0;0.0;0.0;0.0;0.0;21.941346290795906;357.5239018402376;61.5855990509905;353.0003201142903;-0.1688035179045864
2533.0;0.0;-0.0004746119009930642;0.0;0.01716889062927931;0.0;0.0;0.0;0.0;0.0;0.0;0.40300604020478953;0.0;1.451073178721115;-1.8544585025571085;0.0;0.0;0.0;0.0;0.0;21.941346290795906;357.5239018402376;61.5855990509905;353.0003201142903;-0.1688035179045864
2534.0;0.0;-0.0004746119009930642;0.0;0.01716889062927931;0.0;0.0;0.0;0.0;0.0;0.0;0.40300604020478953;0.0;1.451073178721115;-1.8544585025571085;0.0;0.0;0.0;0.0;0.0;21.941346290795906;357.5239018402376;61.5855990509905;353.0003201142903;-0.1688035179045864
2535.0;0.0;-0.0004746119009930642;0.0;0.01716889062927931;0.0;0.0;0.0;0.0;0.0;0.0;0.40300604020478953;0.0;1.451073178721115;-1.8544585025571085;0.0;0.0;0.0;0.0;0.0;21.941346290795906;357.5239018402376;61.5855990509905;353.0003201142903;-0.1688035179045864
2536.0;0.0;-0.0004746119009930642;0.0;0.01716889062927931;0.0;0.0;0.0;0.0;0.0;0.0;0.40300604020478953;0.0;1.451073178721115;-1.8544585025571085;0.0;0.0;0.0;0.0;0.0;21.941346290795906;357.5239018402376;61.5855990509905;353.0003201142903;-0.1688035179045864
2537.0;0.0;-0.0004746119009930642;0.0;0.01716889062927931;0.0;0.0;0.0;0.0;0.0;0.0;0.40300604020478953;0.0;1.451073178721115;-1.8544585025571085;0.0;0.0;0.0;0.0;0.0;21.941346290795906;357.5239018402376;61.5855990509905;353.0003201142903;-0.1688035179045864
2538.0;0.0;-0.0004746119009930642;0.0;0.01716889062927931;0.0;0.0;0.0;0.0;0.0;0.0;0.40300604020478953;0.0;1.451073178721115;-1.8544585025571085;0.0;0.0;0.0;0.0;0.0;21.941346290795906;357.5239018402376;61.5855990509905;353.0003201142903;-0.1688035179045864
2539.0;0.0;-0.0004746119009930642;0.0;0.01716889062927931;0.0;0.0;0.0;0.0;0.0;0.0;0.40300604020478953;0.0;1.451073178721115;-1.8544585025571085;0.0;0.0;0.0;0.0;0.0;21.941346290795906;357.5239018402376;61.5855990509905;353.0003201142903;-0.1688035179045864
2540.0;0.0;-0.0004746119009930642;0.0;0.01716889062927931;0.0;0.0;0.0;0.0;0.0;0.0;0.40300604020478953;0.0;1.451073178721115;-1.8544585025571085;0.0;0.0;0.0;0.0;0.0;21.941346290795906;357.5239018402376;61.5855990509905;353.0003201142903;-0.1688035179045864
2541.0;0.0;-0.0004746119009930642;0.0;0.01716889062927931;0.0;0.0;0.0;0.0;0.0;0.0;0.40300604020478953;0.0;1.451073178721115;-1.8544585025571085;0.0;0.0;0.0;0.0;0.0;21.941346290795906;357.5239018402376;61.5855990509905;353.0003201142903;-0.1688035179045864
2542.0;0.0;-0.0004746119009930642;0.0;0.01716889062927931;0.0;0.0;0.0;0.0;0.0;0.0;0.40300604020478953;0.0;1.451073178721115;-1.8544585025571085;0.0;0.0;0.0;0.0;0.0;21.941346290795906;357.5239018402376;61.5855990509905;353.0003201142903;-0.1688035179045864
2543.0;0.0;-0.0004746119009930642;0.0;0.01716889062927931;0.0;0.0;0.0;0.0;0.0;0.0;0.40300604020478953;0.0;1.451073178721115;-1.8544585025571085;0.0;0.0;0.0;0.0;0.0;21.941346290795906;357.5239018402376;61.5855990509905;353.0003201142903;-0.1688035179045864
2544.0;0.0;-0.0004746119009930642;0.0;0.01716889062927931;0.0;0.0;0.0;0.0;0.0;0.0;0.40300604020478953;0.0;1.451073178721115;-1.8544585025571085;0.0;0.0;0.0;0.0;0.0;21.941346290795906;357.5239018402376;61.5855990509905;353.0003201142903;-0.1688035179045864
2545.0;0.0;1.4213913012391392e-5;0.0;0.01716889062927931;0.0;0.0;0.0;0.0;0.0;8.286374883311349e-13;0.38856741067170186;8.915177868093126e-5;1.3497685139234041;-1.7385919511451275;0.0;0.0;0.0;0.0;0.0;21.941346290795906;357.5239018402376;61.5855990509905;353.0003201142903;-0.1688035179045864
2546.0;0.0;1.4213913012391392e-5;0.0;0.01716889062927931;0.0;0.0;0.0;0.0;0.0;8.286374883311349e-13;0.38856741067170186;8.915177868093126e-5;1.3497685139234041;-1.7385919511451275;0.0;0.0;0.0;0.0;0.0;21.941346290795906;357.5239018402376;61.5855990509905;353.0003201142903;-0.1688035179045864
2547.0;0.0;1.4213913012391392e-5;0.0;0.01716889062927931;0.0;0.0;0.0;0.0;0.0;8.286374883311349e-13;0.38856741067170186;8.915177868093126e-5;1.3497685139234041;-1.7385919511451275;0.0;0.0;0.0;0.0;0.0;21.941346290795906;357.5239018402376;61.5855990509905;353.0003201142903;-0.1688035179045864
2548.0;0.0;1.4213913012391392e-5;0.0;0.01716889062927931;0.0;0.0;0.0;0.0;0.0;8.286374883311349e-13;0.38856741067170186;8.915177868093126e-5;1.3497685139234041;-1.7385919511451275;0.0;0.0;0.0;0.0;0.0;21.941346290795906;357.5239018402376;61.5855990509905;353.0003201142903;-0.1688035179045864
2549.0;0.0;1.4213913012391392e-5;0.0;0.01716889062927931;0.0;0.0;0.0;0.0;0.0;8.286374883311349e-13;0.38856741067170186;8.915177868093126e-5;1.3497685139234041;-1.7385919511451275;0.0;0.0;0.0;0.0;0.0;21.941346290795906;357.5239018402376;61.5855990509905;353.0003201142903;-0.1688035179045864
2550.0;0.0;1.4213913012391392e-5;0.0;0.01716889062927931;0.0;0.0;0.0;0.0;0.0;8.286374883311349e-13;0.38856741067170186;8.915177868093126e-5;1.3497685139234041;-1.7385919511451275;0.0;0.0;0.0;0.0;0.0;21.941346290795906;357.5239018402376;61.5855990509905;353.0003201142903;-0.1688035179045864
2551.0;0.0;1.4213913012391392e-5;0.0;0.01716889062927931;0.0;0.0;0.0;0.0;0.0;8.286374883311349e-13;0.38856741067170186;8.915177868093126e-5;1.3497685139234041;-1.7385919511451275;0.0;0.0;0.0;0.0;0.0;21.941346290795906;357.5239018402376;61.5855990509905;353.0003201142903;-0.1688035179045864
2552.0;0.0;1.4213913012391392e-5;0.0;0.01716889062927931;0.0;0.0;0.0;0.0;0.0;8.286374883311349e-13;0.38856741067170186;8.915177868093126e-5;1.3497685139234041;-1.7385919511451275;0.0;0.0;0.0;0.0;0.0;21.941346290795906;357.5239018402376;61.5855990509905;353.0003201142903;-0.1688035179045864
2553.0;0.0;1.4213913012391392e-5;0.0;0.01716889062927931;0.0;0.0;0.0;0.0;0.0;8.286374883311349e-13;0.38856741067170186;8.915177868093126e-5;1.3497685139234041;-1.7385919511451275;0.0;0.0;0.0;0.0;0.0;21.941346290795906;357.5239018402376;61.5855990509905;353.0003201142903;-0.1688035179045864
2554.0;0.0;1.4213913012391392e-5;0.0;0.01716889062927931;0.0;0.0;0.0;0.0;0.0;8.286374883311349e-13;0.38856741067170186;8.915177868093126e-5;1.3497685139234041;-1.7385919511451275;0.0;0.0;0.0;0.0;0.0;21.941346290795906;357.5239018402376;61.5855990509905;353.0003201142903;-0.1688035179045864
2555.0;0.0;1.4213913012391392e-5;0.0;0.01716889062927931;0.0;0.0;0.0;0.0;0.0;8.286374883311349e-13;0.38856741067170186;8.915177868093126e-5;1.3497685139234041;-1.7385919511451275;0.0;0.0;0.0;0.0;0.0;21.941346290795906;357.5239018402376;61.5855990509905;353.0003201142903;-0.1688035179045864
2556.0;0.0;1.4213913012391392e-5;0.0;0.01716889062927931;0.0;0.0;0.0;0.0;0.0;8.286374883311349e-13;0.38856741067170186;8.915177868093126e-5;1.3497685139234041;-1.7385919511451275;0.0;0.0;0.0;0.0;0.0;21.941346290795906;357.5239018402376;61.5855990509905;353.0003201142903;-0.1688035179045864
2557.0;0.0;1.4213913012391392e-5;0.0;0.01716889062927931;0.0;0.0;0.0;0.0;0.0;8.286374883311349e-13;0.38856741067170186;8.915177868093126e-5;1.3497685139234041;-1.7385919511451275;0.0;0.0;0.0;0.0;0.0;21.941346290795906;357.5239018402376;61.5855990509905;353.0003201142903;-0.1688035179045864
2558.0;0.0;1.4213913012391392e-5;0.0;0.01716889062927931;0.0;0.0;0.0;0.0;0.0;8.286374883311349e-13;0.38856741067170186;8.915177868093126e-5;1.3497685139234041;-1.7385919511451275;0.0;0.0;0.0;0.0;0.0;21.941346290795906;357.5239018402376;61.5855990509905;353.0003201142903;-0.1688035179045864
2559.0;0.0;1.4213913012391392e-5;0.0;0.01716889062927931;0.0;0.0;0.0;0.0;0.0;8.286374883311349e-13;0.38856741067170186;8.915177868093126e-5;1.3497685139234041;-1.7385919511451275;0.0;0.0;0.0;0.0;0.0;21.941346290795906;357.5239018402376;61.5855990509905;353.0003201142903;-0.1688035179045864
2560.0;0.0;1.4213913012391392e-5;0.0;0.01716889062927931;0.0;0.0;0.0;0.0;0.0;8.286374883311349e-13;0.38856741067170186;8.915177868093126e-5;1.3497685139234041;-1.7385919511451275;0.0;0.0;0.0;0.0;0.0;21.941346290795906;357.5239018402376;61.5855990509905;353.0003201142903;-0.1688035179045864
2561.0;0.0;1.4213913012391392e-5;0.0;0.01716889062927931;0.0;0.0;0.0;0.0;0.0;8.286374883311349e-13;0.38856741067170186;8.915177868093126e-5;1.3497685139234041;-1.7385919511451275;0.0;0.0;0.0;0.0;0.0;21.941346290795906;357.5239018402376;61.5855990509905;353.0003201142903;-0.1688035179045864
2562.0;0.0;1.4213913012391392e-5;0.0;0.01716889062927931;0.0;0.0;0.0;0.0;0.0;8.286374883311349e-13;0.38856741067170186;8.915177868093126e-5;1.3497685139234041;-1.7385919511451275;0.0;0.0;0.0;0.0;0.0;21.941346290795906;357.5239018402376;61.5855990509905;353.0003201142903;-0.1688035179045864
2563.0;0.0;1.4213913012391392e-5;0.0;0.01716889062927931;0.0;0.0;0.0;0.0;0.0;8.286374883311349e-13;0.38856741067170186;8.915177868093126e-5;1.3497685139234041;-1.7385919511451275;0.0;0.0;0.0;0.0;0.0;21.941346290795906;357.5239018402376;61.5855990509905;353.0003201142903;-0.1688035179045864
2564.0;0.0;1.4213913012391392e-5;0.0;0.01716889062927931;0.0;0.0;0.0;0.0;0.0;8.286374883311349e-13;0.38856741067170186;8.915177868093126e-5;1.3497685139234041;-1.7385919511451275;0.0;0.0;0.0;0.0;0.0;21.941346290795906;357.5239018402376;61.5855990509905;353.0003201142903;-0.1688035179045864
2565.0;0.0;1.4213913012391392e-5;0.0;0.01716889062927931;0.0;0.0;0.0;0.0;0.0;8.286374883311349e-13;0.38856741067170186;8.915177868093126e-5;1.3497685139234041;-1.7385919511451275;0.0;0.0;0.0;0.0;0.0;21.941346290795906;357.5239018402376;61.5855990509905;353.0003201142903;-0.1688035179045864
2566.0;0.0;1.4213913012391392e-5;0.0;0.01716889062927931;0.0;0.0;0.0;0.0;0.0;8.286374883311349e-13;0.38856741067170186;8.915177868093126e-5;1.3497685139234041;-1.7385919511451275;0.0;0.0;0.0;0.0;0.0;21.941346290795906;357.5239018402376;61.5855990509905;353.0003201142903;-0.1688035179045864
2567.0;0.0;1.4213913012391392e-5;0.0;0.01716889062927931;0.0;0.0;0.0;0.0;0.0;8.286374883311349e-13;0.38856741067170186;8.915177868093126e-5;1.3497685139234041;-1.7385919511451275;0.0;0.0;0.0;0.0;0.0;21.941346290795906;357.5239018402376;61.5855990509905;353.0003201142903;-0.1688035179045864
2568.0;0.0;1.4213913012391392e-5;0.0;0.01716889062927931;0.0;0.0;0.0;0.0;0.0;8.286374883311349e-13;0.38856741067170186;8.915177868093126e-5;1.3497685139234041;-1.7385919511451275;0.0;0.0;0.0;0.0;0.0;21.941346290795906;357.5239018402376;61.5855990509905;353.0003201142903;-0.1688035179045864
2569.0;0.0;-1.980456367699339e-5;0.0;0.01716889062927931;0.0;0.0;0.0;0.0;0.0;8.28635281525964e-13;0.4771302496693605;0.00010991973811463638;1.8433766982801807;-2.320985064090215;0.0;0.0;0.0;0.0;0.0;21.941346290795906;357.5239018402376;61.5855990509905;353.0003201142903;-0.1688035179045864
2570.0;0.0;-1.980456367699339e-5;0.0;0.01716889062927931;0.0;0.0;0.0;0.0;0.0;8.28635281525964e-13;0.4771302496693605;0.00010991973811463638;1.8433766982801807;-2.320985064090215;0.0;0.0;0.0;0.0;0.0;21.941346290795906;357.5239018402376;61.5855990509905;353.0003201142903;-0.1688035179045864
2571.0;0.0;-1.980456367699339e-5;0.0;0.01716889062927931;0.0;0.0;0.0;0.0;0.0;8.28635281525964e-13;0.4771302496693605;0.00010991973811463638;1.8433766982801807;-2.320985064090215;0.0;0.0;0.0;0.0;0.0;21.941346290795906;357.5239018402376;61.5855990509905;353.0003201142903;-0.1688035179045864
2572.0;0.0;-1.980456367699339e-5;0.0;0.01716889062927931;0.0;0.0;0.0;0.0;0.0;8.28635281525964e-13;0.4771302496693605;0.00010991973811463638;1.8433766982801807;-2.320985064090215;0.0;0.0;0.0;0.0;0.0;21.941346290795906;357.5239018402376;61.5855990509905;353.0003201142903;-0.1688035179045864
2573.0;0.0;-1.980456367699339e-5;0.0;0.01716889062927931;0.0;0.0;0.0;0.0;0.0;8.28635281525964e-13;0.4771302496693605;0.00010991973811463638;1.8433766982801807;-2.320985064090215;0.0;0.0;0.0;0.0;0.0;21.941346290795906;357.5239018402376;61.5855990509905;353.0003201142903;-0.1688035179045864
2574.0;0.0;-1.980456367699339e-5;0.0;0.01716889062927931;0.0;0.0;0.0;0.0;0.0;8.28635281525964e-13;0.4771302496693605;0.00010991973811463638;1.8433766982801807;-2.320985064090215;0.0;0.0;0.0;0.0;0.0;21.941346290795906;357.5239018402376;61.5855990509905;353.0003201142903;-0.1688035179045864
2575.0;0.0;-1.980456367699339e-5;0.0;0.01716889062927931;0.0;0.0;0.0;0.0;0.0;8.28635281525964e-13;0.4771302496693605;0.00010991973811463638;1.8433766982801807;-2.320985064090215;0.0;0.0;0.0;0.0;0.0;21.941346290795906;357.5239018402376;61.5855990509905;353.0003201142903;-0.1688035179045864
2576.0;0.0;-1.980456367699339e-5;0.0;0.01716889062927931;0.0;0.0;0.0;0.0;0.0;8.28635281525964e-13;0.4771302496693605;0.00010991973811463638;1.8433766982801807;-2.320985064090215;0.0;0.0;0.0;0.0;0.0;21.941346290795906;357.5239018402376;61.5855990509905;353.0003201142903;-0.1688035179045864
2577.0;0.0;-1.980456367699339e-5;0.0;0.01716889062927931;0.0;0.0;0.0;0.0;0.0;8.28635281525964e-13;0.4771302496693605;0.00010991973811463638;1.8433766982801807;-2.320985064090215;0.0;0.0;0.0;0.0;0.0;21.941346290795906;357.5239018402376;61.5855990509905;353.0003201142903;-0.1688035179045864
2578.0;0.0;-1.980456367699339e-5;0.0;0.01716889062927931;0.0;0.0;0.0;0.0;0.0;8.28635281525964e-13;0.4771302496693605;0.00010991973811463638;1.8433766982801807;-2.320985064090215;0.0;0.0;0.0;0.0;0.0;21.941346290795906;357.5239018402376;61.5855990509905;353.0003201142903;-0.1688035179045864
2579.0;0.0;-1.980456367699339e-5;0.0;0.01716889062927931;0.0;0.0;0.0;0.0;0.0;8.28635281525964e-13;0.4771302496693605;0.00010991973811463638;1.8433766982801807;-2.320985064090215;0.0;0.0;0.0;0.0;0.0;21.941346290795906;357.5239018402376;61.5855990509905;353.0003201142903;-0.1688035179045864
2580.0;0.0;-1.980456367699339e-5;0.0;0.01716889062927931;0.0;0.0;0.0;0.0;0.0;8.28635281525964e-13;0.4771302496693605;0.00010991973811463638;1.8433766982801807;-2.320985064090215;0.0;0.0;0.0;0.0;0.0;21.941346290795906;357.5239018402376;61.5855990509905;353.0003201142903;-0.1688035179045864
2581.0;0.0;-1.980456367699339e-5;0.0;0.01716889062927931;0.0;0.0;0.0;0.0;0.0;8.28635281525964e-13;0.4771302496693605;0.00010991973811463638;1.8433766982801807;-2.320985064090215;0.0;0.0;0.0;0.0;0.0;21.941346290795906;357.5239018402376;61.5855990509905;353.0003201142903;-0.1688035179045864
2582.0;0.0;-1.980456367699339e-5;0.0;0.01716889062927931;0.0;0.0;0.0;0.0;0.0;8.28635281525964e-13;0.4771302496693605;0.00010991973811463638;1.8433766982801807;-2.320985064090215;0.0;0.0;0.0;0.0;0.0;21.941346290795906;357.5239018402376;61.5855990509905;353.0003201142903;-0.1688035179045864
2583.0;0.0;-1.980456367699339e-5;0.0;0.01716889062927931;0.0;0.0;0.0;0.0;0.0;8.28635281525964e-13;0.4771302496693605;0.00010991973811463638;1.8433766982801807;-2.320985064090215;0.0;0.0;0.0;0.0;0.0;21.941346290795906;357.5239018402376;61.5855990509905;353.0003201142903;-0.1688035179045864
2584.0;0.0;-1.980456367699339e-5;0.0;0.01716889062927931;0.0;0.0;0.0;0.0;0.0;8.28635281525964e-13;0.4771302496693605;0.00010991973811463638;1.8433766982801807;-2.320985064090215;0.0;0.0;0.0;0.0;0.0;21.941346290795906;357.5239018402376;61.5855990509905;353.0003201142903;-0.1688035179045864
2585.0;0.0;-1.980456367699339e-5;0.0;0.01716889062927931;0.0;0.0;0.0;0.0;0.0;8.28635281525964e-13;0.4771302496693605;0.00010991973811463638;1.8433766982801807;-2.320985064090215;0.0;0.0;0.0;0.0;0.0;21.941346290795906;357.5239018402376;61.5855990509905;353.0003201142903;-0.1688035179045864
2586.0;0.0;-1.980456367699339e-5;0.0;0.01716889062927931;0.0;0.0;0.0;0.0;0.0;8.28635281525964e-13;0.4771302496693605;0.00010991973811463638;1.8433766982801807;-2.320985064090215;0.0;0.0;0.0;0.0;0.0;21.941346290795906;357.5239018402376;61.5855990509905;353.0003201142903;-0.1688035179045864
2587.0;0.0;-1.980456367699339e-5;0.0;0.01716889062927931;0.0;0.0;0.0;0.0;0.0;8.28635281525964e-13;0.4771302496693605;0.00010991973811463638;1.8433766982801807;-2.320985064090215;0.0;0.0;0.0;0.0;0.0;21.941346290795906;357.5239018402376;61.5855990509905;353.0003201142903;-0.1688035179045864
2588.0;0.0;-1.980456367699339e-5;0.0;0.01716889062927931;0.0;0.0;0.0;0.0;0.0;8.28635281525964e-13;0.4771302496693605;0.00010991973811463638;1.8433766982801807;-2.320985064090215;0.0;0.0;0.0;0.0;0.0;21.941346290795906;357.5239018402376;61.5855990509905;353.0003201142903;-0.1688035179045864
2589.0;0.0;-1.980456367699339e-5;0.0;0.01716889062927931;0.0;0.0;0.0;0.0;0.0;8.28635281525964e-13;0.4771302496693605;0.00010991973811463638;1.8433766982801807;-2.320985064090215;0.0;0.0;0.0;0.0;0.0;21.941346290795906;357.5239018402376;61.5855990509905;353.0003201142903;-0.1688035179045864
2590.0;0.0;-1.980456367699339e-5;0.0;0.01716889062927931;0.0;0.0;0.0;0.0;0.0;8.28635281525964e-13;0.4771302496693605;0.00010991973811463638;1.8433766982801807;-2.320985064090215;0.0;0.0;0.0;0.0;0.0;21.941346290795906;357.5239018402376;61.5855990509905;353.0003201142903;-0.1688035179045864
2591.0;0.0;-1.980456367699339e-5;0.0;0.01716889062927931;0.0;0.0;0.0;0.0;0.0;8.28635281525964e-13;0.4771302496693605;0.00010991973811463638;1.8433766982801807;-2.320985064090215;0.0;0.0;0.0;0.0;0.0;21.941346290795906;357.5239018402376;61.5855990509905;353.0003201142903;-0.1688035179045864
2592.0;0.0;-1.980456367699339e-5;0.0;0.01716889062927931;0.0;0.0;0.0;0.0;0.0;8.28635281525964e-13;0.4771302496693605;0.00010991973811463638;1.8433766982801807;-2.320985064090215;0.0;0.0;0.0;0.0;0.0;21.941346290795906;357.5239018402376;61.5855990509905;353.0003201142903;-0.1688035179045864
2593.0;0.0;1.7155848480874943e-5;0.0;0.01716889062927931;0.0;0.0;0.0;0.0;0.0;8.28633785268629e-13;0.5857519944908084;0.00014147188403013783;1.7431301941809378;-2.3291856181139052;0.0;0.0;0.0;0.0;0.0;21.941346290795906;357.5239018402376;61.5855990509905;353.0003201142903;-0.1688035179045864
2594.0;0.0;1.7155848480874943e-5;0.0;0.01716889062927931;0.0;0.0;0.0;0.0;0.0;8.28633785268629e-13;0.5857519944908084;0.00014147188403013783;1.7431301941809378;-2.3291856181139052;0.0;0.0;0.0;0.0;0.0;21.941346290795906;357.5239018402376;61.5855990509905;353.0003201142903;-0.1688035179045864
2595.0;0.0;1.7155848480874943e-5;0.0;0.01716889062927931;0.0;0.0;0.0;0.0;0.0;8.28633785268629e-13;0.5857519944908084;0.00014147188403013783;1.7431301941809378;-2.3291856181139052;0.0;0.0;0.0;0.0;0.0;21.941346290795906;357.5239018402376;61.5855990509905;353.0003201142903;-0.1688035179045864
2596.0;0.0;1.7155848480874943e-5;0.0;0.01716889062927931;0.0;0.0;0.0;0.0;0.0;8.28633785268629e-13;0.5857519944908084;0.00014147188403013783;1.7431301941809378;-2.3291856181139052;0.0;0.0;0.0;0.0;0.0;21.941346290795906;357.5239018402376;61.5855990509905;353.0003201142903;-0.1688035179045864
2597.0;0.0;1.7155848480874943e-5;0.0;0.01716889062927931;0.0;0.0;0.0;0.0;0.0;8.28633785268629e-13;0.5857519944908084;0.00014147188403013783;1.7431301941809378;-2.3291856181139052;0.0;0.0;0.0;0.0;0.0;21.941346290795906;357.5239018402376;61.5855990509905;353.0003201142903;-0.1688035179045864
2598.0;0.0;1.7155848480874943e-5;0.0;0.01716889062927931;0.0;0.0;0.0;0.0;0.0;8.28633785268629e-13;0.5857519944908084;0.00014147188403013783;1.7431301941809378;-2.3291856181139052;0.0;0.0;0.0;0.0;0.0;21.941346290795906;357.5239018402376;61.5855990509905;353.0003201142903;-0.1688035179045864
2599.0;0.0;1.7155848480874943e-5;0.0;0.01716889062927931;0.0;0.0;0.0;0.0;0.0;8.28633785268629e-13;0.5857519944908084;0.00014147188403013783;1.7431301941809378;-2.3291856181139052;0.0;0.0;0.0;0.0;0.0;21.941346290795906;357.5239018402376;61.5855990509905;353.0003201142903;-0.1688035179045864
2600.0;0.0;1.7155848480874943e-5;0.0;0.01716889062927931;0.0;0.0;0.0;0.0;0.0;8.28633785268629e-13;0.5857519944908084;0.00014147188403013783;1.7431301941809378;-2.3291856181139052;0.0;0.0;0.0;0.0;0.0;21.941346290795906;357.5239018402376;61.5855990509905;353.0003201142903;-0.1688035179045864
2601.0;0.0;1.7155848480874943e-5;0.0;0.01716889062927931;0.0;0.0;0.0;0.0;0.0;8.28633785268629e-13;0.5857519944908084;0.00014147188403013783;1.7431301941809378;-2.3291856181139052;0.0;0.0;0.0;0.0;0.0;21.941346290795906;357.5239018402376;61.5855990509905;353.0003201142903;-0.1688035179045864
2602.0;0.0;1.7155848480874943e-5;0.0;0.01716889062927931;0.0;0.0;0.0;0.0;0.0;8.28633785268629e-13;0.5857519944908084;0.00014147188403013783;1.7431301941809378;-2.3291856181139052;0.0;0.0;0.0;0.0;0.0;21.941346290795906;357.5239018402376;61.5855990509905;353.0003201142903;-0.1688035179045864
2603.0;0.0;1.7155848480874943e-5;0.0;0.01716889062927931;0.0;0.0;0.0;0.0;0.0;8.28633785268629e-13;0.5857519944908084;0.00014147188403013783;1.7431301941809378;-2.3291856181139052;0.0;0.0;0.0;0.0;0.0;21.941346290795906;357.5239018402376;61.5855990509905;353.0003201142903;-0.1688035179045864
2604.0;0.0;1.7155848480874943e-5;0.0;0.01716889062927931;0.0;0.0;0.0;0.0;0.0;8.28633785268629e-13;0.5857519944908084;0.00014147188403013783;1.7431301941809378;-2.3291856181139052;0.0;0.0;0.0;0.0;0.0;21.941346290795906;357.5239018402376;61.5855990509905;353.0003201142903;-0.1688035179045864
2605.0;0.0;1.7155848480874943e-5;0.0;0.01716889062927931;0.0;0.0;0.0;0.0;0.0;8.28633785268629e-13;0.5857519944908084;0.00014147188403013783;1.7431301941809378;-2.3291856181139052;0.0;0.0;0.0;0.0;0.0;21.941346290795906;357.5239018402376;61.5855990509905;353.0003201142903;-0.1688035179045864
2606.0;0.0;1.7155848480874943e-5;0.0;0.01716889062927931;0.0;0.0;0.0;0.0;0.0;8.28633785268629e-13;0.5857519944908084;0.00014147188403013783;1.7431301941809378;-2.3291856181139052;0.0;0.0;0.0;0.0;0.0;21.941346290795906;357.5239018402376;61.5855990509905;353.0003201142903;-0.1688035179045864
2607.0;0.0;1.7155848480874943e-5;0.0;0.01716889062927931;0.0;0.0;0.0;0.0;0.0;8.28633785268629e-13;0.5857519944908084;0.00014147188403013783;1.7431301941809378;-2.3291856181139052;0.0;0.0;0.0;0.0;0.0;21.941346290795906;357.5239018402376;61.5855990509905;353.0003201142903;-0.1688035179045864
2608.0;0.0;1.7155848480874943e-5;0.0;0.01716889062927931;0.0;0.0;0.0;0.0;0.0;8.28633785268629e-13;0.5857519944908084;0.00014147188403013783;1.7431301941809378;-2.3291856181139052;0.0;0.0;0.0;0.0;0.0;21.941346290795906;357.5239018402376;61.5855990509905;353.0003201142903;-0.1688035179045864
2609.0;0.0;1.7155848480874943e-5;0.0;0.01716889062927931;0.0;0.0;0.0;0.0;0.0;8.28633785268629e-13;0.5857519944908084;0.00014147188403013783;1.7431301941809378;-2.3291856181139052;0.0;0.0;0.0;0.0;0.0;21.941346290795906;357.5239018402376;61.5855990509905;353.0003201142903;-0.1688035179045864
2610.0;0.0;1.7155848480874943e-5;0.0;0.01716889062927931;0.0;0.0;0.0;0.0;0.0;8.28633785268629e-13;0.5857519944908084;0.00014147188403013783;1.7431301941809378;-2.3291856181139052;0.0;0.0;0.0;0.0;0.0;21.941346290795906;357.5239018402376;61.5855990509905;353.0003201142903;-0.1688035179045864
2611.0;0.0;1.7155848480874943e-5;0.0;0.01716889062927931;0.0;0.0;0.0;0.0;0.0;8.28633785268629e-13;0.5857519944908084;0.00014147188403013783;1.7431301941809378;-2.3291856181139052;0.0;0.0;0.0;0.0;0.0;21.941346290795906;357.5239018402376;61.5855990509905;353.0003201142903;-0.1688035179045864
2612.0;0.0;1.7155848480874943e-5;0.0;0.01716889062927931;0.0;0.0;0.0;0.0;0.0;8.28633785268629e-13;0.5857519944908084;0.00014147188403013783;1.7431301941809378;-2.3291856181139052;0.0;0.0;0.0;0.0;0.0;21.941346290795906;357.5239018402376;61.5855990509905;353.0003201142903;-0.1688035179045864
2613.0;0.0;1.7155848480874943e-5;0.0;0.01716889062927931;0.0;0.0;0.0;0.0;0.0;8.28633785268629e-13;0.5857519944908084;0.00014147188403013783;1.7431301941809378;-2.3291856181139052;0.0;0.0;0.0;0.0;0.0;21.941346290795906;357.5239018402376;61.5855990509905;353.0003201142903;-0.1688035179045864
2614.0;0.0;1.7155848480874943e-5;0.0;0.01716889062927931;0.0;0.0;0.0;0.0;0.0;8.28633785268629e-13;0.5857519944908084;0.00014147188403013783;1.7431301941809378;-2.3291856181139052;0.0;0.0;0.0;0.0;0.0;21.941346290795906;357.5239018402376;61.5855990509905;353.0003201142903;-0.1688035179045864
2615.0;0.0;1.7155848480874943e-5;0.0;0.01716889062927931;0.0;0.0;0.0;0.0;0.0;8.28633785268629e-13;0.5857519944908084;0.00014147188403013783;1.7431301941809378;-2.3291856181139052;0.0;0.0;0.0;0.0;0.0;21.941346290795906;357.5239018402376;61.5855990509905;353.0003201142903;-0.1688035179045864
2616.0;0.0;1.7155848480874943e-5;0.0;0.01716889062927931;0.0;0.0;0.0;0.0;0.0;8.28633785268629e-13;0.5857519944908084;0.00014147188403013783;1.7431301941809378;-2.3291856181139052;0.0;0.0;0.0;0.0;0.0;21.941346290795906;357.5239018402376;61.5855990509905;353.0003201142903;-0.1688035179045864
2617.0;0.0;-0.00015841455131568156;0.0;0.01716889062927931;0.0;0.0;0.0;0.0;0.0;0.0;0.36405491752970864;0.0;0.9614385711085455;-1.3253911685130544;0.0;0.0;0.0;0.0;0.0;21.941346290795906;357.5239018402376;61.5855990509905;353.0003201142903;-0.1688035179045864
2618.0;0.0;-0.00015841455131568156;0.0;0.01716889062927931;0.0;0.0;0.0;0.0;0.0;0.0;0.36405491752970864;0.0;0.9614385711085455;-1.3253911685130544;0.0;0.0;0.0;0.0;0.0;21.941346290795906;357.5239018402376;61.5855990509905;353.0003201142903;-0.1688035179045864
2619.0;0.0;-0.00015841455131568156;0.0;0.01716889062927931;0.0;0.0;0.0;0.0;0.0;0.0;0.36405491752970864;0.0;0.9614385711085455;-1.3253911685130544;0.0;0.0;0.0;0.0;0.0;21.941346290795906;357.5239018402376;61.5855990509905;353.0003201142903;-0.1688035179045864
2620.0;0.0;-0.00015841455131568156;0.0;0.01716889062927931;0.0;0.0;0.0;0.0;0.0;0.0;0.36405491752970864;0.0;0.9614385711085455;-1.3253911685130544;0.0;0.0;0.0;0.0;0.0;21.941346290795906;357.5239018402376;61.5855990509905;353.0003201142903;-0.1688035179045864
2621.0;0.0;-0.00015841455131568156;0.0;0.01716889062927931;0.0;0.0;0.0;0.0;0.0;0.0;0.36405491752970864;0.0;0.9614385711085455;-1.3253911685130544;0.0;0.0;0.0;0.0;0.0;21.941346290795906;357.5239018402376;61.5855990509905;353.0003201142903;-0.1688035179045864
2622.0;0.0;-0.00015841455131568156;0.0;0.01716889062927931;0.0;0.0;0.0;0.0;0.0;0.0;0.36405491752970864;0.0;0.9614385711085455;-1.3253911685130544;0.0;0.0;0.0;0.0;0.0;21.941346290795906;357.5239018402376;61.5855990509905;353.0003201142903;-0.1688035179045864
2623.0;0.0;-0.00015841455131568156;0.0;0.01716889062927931;0.0;0.0;0.0;0.0;0.0;0.0;0.36405491752970864;0.0;0.9614385711085455;-1.3253911685130544;0.0;0.0;0.0;0.0;0.0;21.941346290795906;357.5239018402376;61.5855990509905;353.0003201142903;-0.1688035179045864
2624.0;0.0;-0.00015841455131568156;0.0;0.01716889062927931;0.0;0.0;0.0;0.0;0.0;0.0;0.36405491752970864;0.0;0.9614385711085455;-1.3253911685130544;0.0;0.0;0.0;0.0;0.0;21.941346290795906;357.5239018402376;61.5855990509905;353.0003201142903;-0.1688035179045864
2625.0;0.0;-0.00015841455131568156;0.0;0.01716889062927931;0.0;0.0;0.0;0.0;0.0;0.0;0.36405491752970864;0.0;0.9614385711085455;-1.3253911685130544;0.0;0.0;0.0;0.0;0.0;21.941346290795906;357.5239018402376;61.5855990509905;353.0003201142903;-0.1688035179045864
2626.0;0.0;-0.00015841455131568156;0.0;0.01716889062927931;0.0;0.0;0.0;0.0;0.0;0.0;0.36405491752970864;0.0;0.9614385711085455;-1.3253911685130544;0.0;0.0;0.0;0.0;0.0;21.941346290795906;357.5239018402376;61.5855990509905;353.0003201142903;-0.1688035179045864
2627.0;0.0;-0.00015841455131568156;0.0;0.01716889062927931;0.0;0.0;0.0;0.0;0.0;0.0;0.36405491752970864;0.0;0.9614385711085455;-1.3253911685130544;0.0;0.0;0.0;0.0;0.0;21.941346290795906;357.5239018402376;61.5855990509905;353.0003201142903;-0.1688035179045864
2628.0;0.0;-0.00015841455131568156;0.0;0.01716889062927931;0.0;0.0;0.0;0.0;0.0;0.0;0.36405491752970864;0.0;0.9614385711085455;-1.3253911685130544;0.0;0.0;0.0;0.0;0.0;21.941346290795906;357.5239018402376;61.5855990509905;353.0003201142903;-0.1688035179045864
2629.0;0.0;-0.00015841455131568156;0.0;0.01716889062927931;0.0;0.0;0.0;0.0;0.0;0.0;0.36405491752970864;0.0;0.9614385711085455;-1.3253911685130544;0.0;0.0;0.0;0.0;0.0;21.941346290795906;357.5239018402376;61.5855990509905;353.0003201142903;-0.1688035179045864
2630.0;0.0;-0.00015841455131568156;0.0;0.01716889062927931;0.0;0.0;0.0;0.0;0.0;0.0;0.36405491752970864;0.0;0.9614385711085455;-1.3253911685130544;0.0;0.0;0.0;0.0;0.0;21.941346290795906;357.5239018402376;61.5855990509905;353.0003201142903;-0.1688035179045864
2631.0;0.0;-0.00015841455131568156;0.0;0.01716889062927931;0.0;0.0;0.0;0.0;0.0;0.0;0.36405491752970864;0.0;0.9614385711085455;-1.3253911685130544;0.0;0.0;0.0;0.0;0.0;21.941346290795906;357.5239018402376;61.5855990509905;353.0003201142903;-0.1688035179045864
2632.0;0.0;-0.00015841455131568156;0.0;0.01716889062927931;0.0;0.0;0.0;0.0;0.0;0.0;0.36405491752970864;0.0;0.9614385711085455;-1.3253911685130544;0.0;0.0;0.0;0.0;0.0;21.941346290795906;357.5239018402376;61.5855990509905;353.0003201142903;-0.1688035179045864
2633.0;0.0;-0.00015841455131568156;0.0;0.01716889062927931;0.0;0.0;0.0;0.0;0.0;0.0;0.36405491752970864;0.0;0.9614385711085455;-1.3253911685130544;0.0;0.0;0.0;0.0;0.0;21.941346290795906;357.5239018402376;61.5855990509905;353.0003201142903;-0.1688035179045864
2634.0;0.0;-0.00015841455131568156;0.0;0.01716889062927931;0.0;0.0;0.0;0.0;0.0;0.0;0.36405491752970864;0.0;0.9614385711085455;-1.3253911685130544;0.0;0.0;0.0;0.0;0.0;21.941346290795906;357.5239018402376;61.5855990509905;353.0003201142903;-0.1688035179045864
2635.0;0.0;-0.00015841455131568156;0.0;0.01716889062927931;0.0;0.0;0.0;0.0;0.0;0.0;0.36405491752970864;0.0;0.9614385711085455;-1.3253911685130544;0.0;0.0;0.0;0.0;0.0;21.941346290795906;357.5239018402376;61.5855990509905;353.0003201142903;-0.1688035179045864
2636.0;0.0;-0.00015841455131568156;0.0;0.01716889062927931;0.0;0.0;0.0;0.0;0.0;0.0;0.36405491752970864;0.0;0.9614385711085455;-1.3253911685130544;0.0;0.0;0.0;0.0;0.0;21.941346290795906;357.5239018402376;61.5855990509905;353.0003201142903;-0.1688035179045864
2637.0;0.0;-0.00015841455131568156;0.0;0.01716889062927931;0.0;0.0;0.0;0.0;0.0;0.0;0.36405491752970864;0.0;0.9614385711085455;-1.3253911685130544;0.0;0.0;0.0;0.0;0.0;21.941346290795906;357.5239018402376;61.5855990509905;353.0003201142903;-0.1688035179045864
2638.0;0.0;-0.00015841455131568156;0.0;0.01716889062927931;0.0;0.0;0.0;0.0;0.0;0.0;0.36405491752970864;0.0;0.9614385711085455;-1.3253911685130544;0.0;0.0;0.0;0.0;0.0;21.941346290795906;357.5239018402376;61.5855990509905;353.0003201142903;-0.1688035179045864
2639.0;0.0;-0.00015841455131568156;0.0;0.01716889062927931;0.0;0.0;0.0;0.0;0.0;0.0;0.36405491752970864;0.0;0.9614385711085455;-1.3253911685130544;0.0;0.0;0.0;0.0;0.0;21.941346290795906;357.5239018402376;61.5855990509905;353.0003201142903;-0.1688035179045864
2640.0;0.0;-0.00015841455131568156;0.0;0.01716889062927931;0.0;0.0;0.0;0.0;0.0;0.0;0.36405491752970864;0.0;0.9614385711085455;-1.3253911685130544;0.0;0.0;0.0;0.0;0.0;21.941346290795906;357.5239018402376;61.5855990509905;353.0003201142903;-0.1688035179045864
2641.0;0.0;1.7020752834626225e-5;0.0;0.01716889062927931;0.0;0.0;0.0;0.0;0.0;8.286341946800189e-13;0.5329764705748887;0.00019116643681714102;2.0315674102000605;-2.5648984784356297;0.0;0.0;0.0;0.0;0.0;21.941346290795906;357.5239018402376;61.5855990509905;353.0003201142903;-0.1688035179045864
2642.0;0.0;1.7020752834626225e-5;0.0;0.01716889062927931;0.0;0.0;0.0;0.0;0.0;8.286341946800189e-13;0.5329764705748887;0.00019116643681714102;2.0315674102000605;-2.5648984784356297;0.0;0.0;0.0;0.0;0.0;21.941346290795906;357.5239018402376;61.5855990509905;353.0003201142903;-0.1688035179045864
2643.0;0.0;1.7020752834626225e-5;0.0;0.01716889062927931;0.0;0.0;0.0;0.0;0.0;8.286341946800189e-13;0.5329764705748887;0.00019116643681714102;2.0315674102000605;-2.5648984784356297;0.0;0.0;0.0;0.0;0.0;21.941346290795906;357.5239018402376;61.5855990509905;353.0003201142903;-0.1688035179045864
2644.0;0.0;1.7020752834626225e-5;0.0;0.01716889062927931;0.0;0.0;0.0;0.0;0.0;8.286341946800189e-13;0.5329764705748887;0.00019116643681714102;2.0315674102000605;-2.5648984784356297;0.0;0.0;0.0;0.0;0.0;21.941346290795906;357.5239018402376;61.5855990509905;353.0003201142903;-0.1688035179045864
2645.0;0.0;1.7020752834626225e-5;0.0;0.01716889062927931;0.0;0.0;0.0;0.0;0.0;8.286341946800189e-13;0.5329764705748887;0.00019116643681714102;2.0315674102000605;-2.5648984784356297;0.0;0.0;0.0;0.0;0.0;21.941346290795906;357.5239018402376;61.5855990509905;353.0003201142903;-0.1688035179045864
2646.0;0.0;1.7020752834626225e-5;0.0;0.01716889062927931;0.0;0.0;0.0;0.0;0.0;8.286341946800189e-13;0.5329764705748887;0.00019116643681714102;2.0315674102000605;-2.5648984784356297;0.0;0.0;0.0;0.0;0.0;21.941346290795906;357.5239018402376;61.5855990509905;353.0003201142903;-0.1688035179045864
2647.0;0.0;1.7020752834626225e-5;0.0;0.01716889062927931;0.0;0.0;0.0;0.0;0.0;8.286341946800189e-13;0.5329764705748887;0.00019116643681714102;2.0315674102000605;-2.5648984784356297;0.0;0.0;0.0;0.0;0.0;21.941346290795906;357.5239018402376;61.5855990509905;353.0003201142903;-0.1688035179045864
2648.0;0.0;1.7020752834626225e-5;0.0;0.01716889062927931;0.0;0.0;0.0;0.0;0.0;8.286341946800189e-13;0.5329764705748887;0.00019116643681714102;2.0315674102000605;-2.5648984784356297;0.0;0.0;0.0;0.0;0.0;21.941346290795906;357.5239018402376;61.5855990509905;353.0003201142903;-0.1688035179045864
2649.0;0.0;1.7020752834626225e-5;0.0;0.01716889062927931;0.0;0.0;0.0;0.0;0.0;8.286341946800189e-13;0.5329764705748887;0.00019116643681714102;2.0315674102000605;-2.5648984784356297;0.0;0.0;0.0;0.0;0.0;21.941346290795906;357.5239018402376;61.5855990509905;353.0003201142903;-0.1688035179045864
2650.0;0.0;1.7020752834626225e-5;0.0;0.01716889062927931;0.0;0.0;0.0;0.0;0.0;8.286341946800189e-13;0.5329764705748887;0.00019116643681714102;2.0315674102000605;-2.5648984784356297;0.0;0.0;0.0;0.0;0.0;21.941346290795906;357.5239018402376;61.5855990509905;353.0003201142903;-0.1688035179045864
2651.0;0.0;1.7020752834626225e-5;0.0;0.01716889062927931;0.0;0.0;0.0;0.0;0.0;8.286341946800189e-13;0.5329764705748887;0.00019116643681714102;2.0315674102000605;-2.5648984784356297;0.0;0.0;0.0;0.0;0.0;21.941346290795906;357.5239018402376;61.5855990509905;353.0003201142903;-0.1688035179045864
2652.0;0.0;1.7020752834626225e-5;0.0;0.01716889062927931;0.0;0.0;0.0;0.0;0.0;8.286341946800189e-13;0.5329764705748887;0.00019116643681714102;2.0315674102000605;-2.5648984784356297;0.0;0.0;0.0;0.0;0.0;21.941346290795906;357.5239018402376;61.5855990509905;353.0003201142903;-0.1688035179045864
2653.0;0.0;1.7020752834626225e-5;0.0;0.01716889062927931;0.0;0.0;0.0;0.0;0.0;8.286341946800189e-13;0.5329764705748887;0.00019116643681714102;2.0315674102000605;-2.5648984784356297;0.0;0.0;0.0;0.0;0.0;21.941346290795906;357.5239018402376;61.5855990509905;353.0003201142903;-0.1688035179045864
2654.0;0.0;1.7020752834626225e-5;0.0;0.01716889062927931;0.0;0.0;0.0;0.0;0.0;8.286341946800189e-13;0.5329764705748887;0.00019116643681714102;2.0315674102000605;-2.5648984784356297;0.0;0.0;0.0;0.0;0.0;21.941346290795906;357.5239018402376;61.5855990509905;353.0003201142903;-0.1688035179045864
2655.0;0.0;1.7020752834626225e-5;0.0;0.01716889062927931;0.0;0.0;0.0;0.0;0.0;8.286341946800189e-13;0.5329764705748887;0.00019116643681714102;2.0315674102000605;-2.5648984784356297;0.0;0.0;0.0;0.0;0.0;21.941346290795906;357.5239018402376;61.5855990509905;353.0003201142903;-0.1688035179045864
2656.0;0.0;1.7020752834626225e-5;0.0;0.01716889062927931;0.0;0.0;0.0;0.0;0.0;8.286341946800189e-13;0.5329764705748887;0.00019116643681714102;2.0315674102000605;-2.5648984784356297;0.0;0.0;0.0;0.0;0.0;21.941346290795906;357.5239018402376;61.5855990509905;353.0003201142903;-0.1688035179045864
2657.0;0.0;1.7020752834626225e-5;0.0;0.01716889062927931;0.0;0.0;0.0;0.0;0.0;8.286341946800189e-13;0.5329764705748887;0.00019116643681714102;2.0315674102000605;-2.5648984784356297;0.0;0.0;0.0;0.0;0.0;21.941346290795906;357.5239018402376;61.5855990509905;353.0003201142903;-0.1688035179045864
2658.0;0.0;1.7020752834626225e-5;0.0;0.01716889062927931;0.0;0.0;0.0;0.0;0.0;8.286341946800189e-13;0.5329764705748887;0.00019116643681714102;2.0315674102000605;-2.5648984784356297;0.0;0.0;0.0;0.0;0.0;21.941346290795906;357.5239018402376;61.5855990509905;353.0003201142903;-0.1688035179045864
2659.0;0.0;1.7020752834626225e-5;0.0;0.01716889062927931;0.0;0.0;0.0;0.0;0.0;8.286341946800189e-13;0.5329764705748887;0.00019116643681714102;2.0315674102000605;-2.5648984784356297;0.0;0.0;0.0;0.0;0.0;21.941346290795906;357.5239018402376;61.5855990509905;353.0003201142903;-0.1688035179045864
2660.0;0.0;1.7020752834626225e-5;0.0;0.01716889062927931;0.0;0.0;0.0;0.0;0.0;8.286341946800189e-13;0.5329764705748887;0.00019116643681714102;2.0315674102000605;-2.5648984784356297;0.0;0.0;0.0;0.0;0.0;21.941346290795906;357.5239018402376;61.5855990509905;353.0003201142903;-0.1688035179045864
2661.0;0.0;1.7020752834626225e-5;0.0;0.01716889062927931;0.0;0.0;0.0;0.0;0.0;8.286341946800189e-13;0.5329764705748887;0.00019116643681714102;2.0315674102000605;-2.5648984784356297;0.0;0.0;0.0;0.0;0.0;21.941346290795906;357.5239018402376;61.5855990509905;353.0003201142903;-0.1688035179045864
2662.0;0.0;1.7020752834626225e-5;0.0;0.01716889062927931;0.0;0.0;0.0;0.0;0.0;8.286341946800189e-13;0.5329764705748887;0.00019116643681714102;2.0315674102000605;-2.5648984784356297;0.0;0.0;0.0;0.0;0.0;21.941346290795906;357.5239018402376;61.5855990509905;353.0003201142903;-0.1688035179045864
2663.0;0.0;1.7020752834626225e-5;0.0;0.01716889062927931;0.0;0.0;0.0;0.0;0.0;8.286341946800189e-13;0.5329764705748887;0.00019116643681714102;2.0315674102000605;-2.5648984784356297;0.0;0.0;0.0;0.0;0.0;21.941346290795906;357.5239018402376;61.5855990509905;353.0003201142903;-0.1688035179045864
2664.0;0.0;1.7020752834626225e-5;0.0;0.01716889062927931;0.0;0.0;0.0;0.0;0.0;8.286341946800189e-13;0.5329764705748887;0.00019116643681714102;2.0315674102000605;-2.5648984784356297;0.0;0.0;0.0;0.0;0.0;21.941346290795906;357.5239018402376;61.5855990509905;353.0003201142903;-0.1688035179045864
2665.0;0.0;1.673011126960073e-5;0.0;0.01716889062927931;0.0;0.0;0.0;0.0;0.0;8.28636898364312e-13;0.8905475825665827;0.00010807124058023168;2.669993562702771;-3.5608052913218393;0.0;0.0;0.0;0.0;0.0;21.941346290795906;357.5239018402376;61.5855990509905;353.0003201142903;-0.1688035179045864
2666.0;0.0;1.673011126960073e-5;0.0;0.01716889062927931;0.0;0.0;0.0;0.0;0.0;8.28636898364312e-13;0.8905475825665827;0.00010807124058023168;2.669993562702771;-3.5608052913218393;0.0;0.0;0.0;0.0;0.0;21.941346290795906;357.5239018402376;61.5855990509905;353.0003201142903;-0.1688035179045864
2667.0;0.0;1.673011126960073e-5;0.0;0.01716889062927931;0.0;0.0;0.0;0.0;0.0;8.28636898364312e-13;0.8905475825665827;0.00010807124058023168;2.669993562702771;-3.5608052913218393;0.0;0.0;0.0;0.0;0.0;21.941346290795906;357.5239018402376;61.5855990509905;353.0003201142903;-0.1688035179045864
2668.0;0.0;1.673011126960073e-5;0.0;0.01716889062927931;0.0;0.0;0.0;0.0;0.0;8.28636898364312e-13;0.8905475825665827;0.00010807124058023168;2.669993562702771;-3.5608052913218393;0.0;0.0;0.0;0.0;0.0;21.941346290795906;357.5239018402376;61.5855990509905;353.0003201142903;-0.1688035179045864
2669.0;0.0;1.673011126960073e-5;0.0;0.01716889062927931;0.0;0.0;0.0;0.0;0.0;8.28636898364312e-13;0.8905475825665827;0.00010807124058023168;2.669993562702771;-3.5608052913218393;0.0;0.0;0.0;0.0;0.0;21.941346290795906;357.5239018402376;61.5855990509905;353.0003201142903;-0.1688035179045864
2670.0;0.0;1.673011126960073e-5;0.0;0.01716889062927931;0.0;0.0;0.0;0.0;0.0;8.28636898364312e-13;0.8905475825665827;0.00010807124058023168;2.669993562702771;-3.5608052913218393;0.0;0.0;0.0;0.0;0.0;21.941346290795906;357.5239018402376;61.5855990509905;353.0003201142903;-0.1688035179045864
2671.0;0.0;1.673011126960073e-5;0.0;0.01716889062927931;0.0;0.0;0.0;0.0;0.0;8.28636898364312e-13;0.8905475825665827;0.00010807124058023168;2.669993562702771;-3.5608052913218393;0.0;0.0;0.0;0.0;0.0;21.941346290795906;357.5239018402376;61.5855990509905;353.0003201142903;-0.1688035179045864
2672.0;0.0;1.673011126960073e-5;0.0;0.01716889062927931;0.0;0.0;0.0;0.0;0.0;8.28636898364312e-13;0.8905475825665827;0.00010807124058023168;2.669993562702771;-3.5608052913218393;0.0;0.0;0.0;0.0;0.0;21.941346290795906;357.5239018402376;61.5855990509905;353.0003201142903;-0.1688035179045864
2673.0;0.0;1.673011126960073e-5;0.0;0.01716889062927931;0.0;0.0;0.0;0.0;0.0;8.28636898364312e-13;0.8905475825665827;0.00010807124058023168;2.669993562702771;-3.5608052913218393;0.0;0.0;0.0;0.0;0.0;21.941346290795906;357.5239018402376;61.5855990509905;353.0003201142903;-0.1688035179045864
2674.0;0.0;1.673011126960073e-5;0.0;0.01716889062927931;0.0;0.0;0.0;0.0;0.0;8.28636898364312e-13;0.8905475825665827;0.00010807124058023168;2.669993562702771;-3.5608052913218393;0.0;0.0;0.0;0.0;0.0;21.941346290795906;357.5239018402376;61.5855990509905;353.0003201142903;-0.1688035179045864
2675.0;0.0;1.673011126960073e-5;0.0;0.01716889062927931;0.0;0.0;0.0;0.0;0.0;8.28636898364312e-13;0.8905475825665827;0.00010807124058023168;2.669993562702771;-3.5608052913218393;0.0;0.0;0.0;0.0;0.0;21.941346290795906;357.5239018402376;61.5855990509905;353.0003201142903;-0.1688035179045864
2676.0;0.0;1.673011126960073e-5;0.0;0.01716889062927931;0.0;0.0;0.0;0.0;0.0;8.28636898364312e-13;0.8905475825665827;0.00010807124058023168;2.669993562702771;-3.5608052913218393;0.0;0.0;0.0;0.0;0.0;21.941346290795906;357.5239018402376;61.5855990509905;353.0003201142903;-0.1688035179045864
2677.0;0.0;1.673011126960073e-5;0.0;0.01716889062927931;0.0;0.0;0.0;0.0;0.0;8.28636898364312e-13;0.8905475825665827;0.00010807124058023168;2.669993562702771;-3.5608052913218393;0.0;0.0;0.0;0.0;0.0;21.941346290795906;357.5239018402376;61.5855990509905;353.0003201142903;-0.1688035179045864
2678.0;0.0;1.673011126960073e-5;0.0;0.01716889062927931;0.0;0.0;0.0;0.0;0.0;8.28636898364312e-13;0.8905475825665827;0.00010807124058023168;2.669993562702771;-3.5608052913218393;0.0;0.0;0.0;0.0;0.0;21.941346290795906;357.5239018402376;61.5855990509905;353.0003201142903;-0.1688035179045864
2679.0;0.0;1.673011126960073e-5;0.0;0.01716889062927931;0.0;0.0;0.0;0.0;0.0;8.28636898364312e-13;0.8905475825665827;0.00010807124058023168;2.669993562702771;-3.5608052913218393;0.0;0.0;0.0;0.0;0.0;21.941346290795906;357.5239018402376;61.5855990509905;353.0003201142903;-0.1688035179045864
2680.0;0.0;1.673011126960073e-5;0.0;0.01716889062927931;0.0;0.0;0.0;0.0;0.0;8.28636898364312e-13;0.8905475825665827;0.00010807124058023168;2.669993562702771;-3.5608052913218393;0.0;0.0;0.0;0.0;0.0;21.941346290795906;357.5239018402376;61.5855990509905;353.0003201142903;-0.1688035179045864
2681.0;0.0;1.673011126960073e-5;0.0;0.01716889062927931;0.0;0.0;0.0;0.0;0.0;8.28636898364312e-13;0.8905475825665827;0.00010807124058023168;2.669993562702771;-3.5608052913218393;0.0;0.0;0.0;0.0;0.0;21.941346290795906;357.5239018402376;61.5855990509905;353.0003201142903;-0.1688035179045864
2682.0;0.0;1.673011126960073e-5;0.0;0.01716889062927931;0.0;0.0;0.0;0.0;0.0;8.28636898364312e-13;0.8905475825665827;0.00010807124058023168;2.669993562702771;-3.5608052913218393;0.0;0.0;0.0;0.0;0.0;21.941346290795906;357.5239018402376;61.5855990509905;353.0003201142903;-0.1688035179045864
2683.0;0.0;1.673011126960073e-5;0.0;0.01716889062927931;0.0;0.0;0.0;0.0;0.0;8.28636898364312e-13;0.8905475825665827;0.00010807124058023168;2.669993562702771;-3.5608052913218393;0.0;0.0;0.0;0.0;0.0;21.941346290795906;357.5239018402376;61.5855990509905;353.0003201142903;-0.1688035179045864
2684.0;0.0;1.673011126960073e-5;0.0;0.01716889062927931;0.0;0.0;0.0;0.0;0.0;8.28636898364312e-13;0.8905475825665827;0.00010807124058023168;2.669993562702771;-3.5608052913218393;0.0;0.0;0.0;0.0;0.0;21.941346290795906;357.5239018402376;61.5855990509905;353.0003201142903;-0.1688035179045864
2685.0;0.0;1.673011126960073e-5;0.0;0.01716889062927931;0.0;0.0;0.0;0.0;0.0;8.28636898364312e-13;0.8905475825665827;0.00010807124058023168;2.669993562702771;-3.5608052913218393;0.0;0.0;0.0;0.0;0.0;21.941346290795906;357.5239018402376;61.5855990509905;353.0003201142903;-0.1688035179045864
2686.0;0.0;1.673011126960073e-5;0.0;0.01716889062927931;0.0;0.0;0.0;0.0;0.0;8.28636898364312e-13;0.8905475825665827;0.00010807124058023168;2.669993562702771;-3.5608052913218393;0.0;0.0;0.0;0.0;0.0;21.941346290795906;357.5239018402376;61.5855990509905;353.0003201142903;-0.1688035179045864
2687.0;0.0;1.673011126960073e-5;0.0;0.01716889062927931;0.0;0.0;0.0;0.0;0.0;8.28636898364312e-13;0.8905475825665827;0.00010807124058023168;2.669993562702771;-3.5608052913218393;0.0;0.0;0.0;0.0;0.0;21.941346290795906;357.5239018402376;61.5855990509905;353.0003201142903;-0.1688035179045864
2688.0;0.0;1.673011126960073e-5;0.0;0.01716889062927931;0.0;0.0;0.0;0.0;0.0;8.28636898364312e-13;0.8905475825665827;0.00010807124058023168;2.669993562702771;-3.5608052913218393;0.0;0.0;0.0;0.0;0.0;21.941346290795906;357.5239018402376;61.5855990509905;353.0003201142903;-0.1688035179045864
2689.0;0.0;-1.0619577158253963e-6;0.0;0.025585459857859053;0.0;0.0;0.0;0.0;0.0;0.0;0.7674097378862725;9.574758135582958e-5;3.0374880863318903;-3.8049940673698086;0.0;0.0;0.0;0.0;0.0;14.586163291802881;373.4472924622137;59.015546213536446;355.75445716058664;-0.18221944200496124
2690.0;0.0;-1.0619577158253963e-6;0.0;0.025585459857859053;0.0;0.0;0.0;0.0;0.0;0.0;0.7674097378862725;9.574758135582958e-5;3.0374880863318903;-3.8049940673698086;0.0;0.0;0.0;0.0;0.0;14.586163291802881;373.4472924622137;59.015546213536446;355.75445716058664;-0.18221944200496124
2691.0;0.0;-1.0619577158253963e-6;0.0;0.025585459857859053;0.0;0.0;0.0;0.0;0.0;0.0;0.7674097378862725;9.574758135582958e-5;3.0374880863318903;-3.8049940673698086;0.0;0.0;0.0;0.0;0.0;14.586163291802881;373.4472924622137;59.015546213536446;355.75445716058664;-0.18221944200496124
2692.0;0.0;-1.0619577158253963e-6;0.0;0.025585459857859053;0.0;0.0;0.0;0.0;0.0;0.0;0.7674097378862725;9.574758135582958e-5;3.0374880863318903;-3.8049940673698086;0.0;0.0;0.0;0.0;0.0;14.586163291802881;373.4472924622137;59.015546213536446;355.75445716058664;-0.18221944200496124
2693.0;0.0;-1.0619577158253963e-6;0.0;0.025585459857859053;0.0;0.0;0.0;0.0;0.0;0.0;0.7674097378862725;9.574758135582958e-5;3.0374880863318903;-3.8049940673698086;0.0;0.0;0.0;0.0;0.0;14.586163291802881;373.4472924622137;59.015546213536446;355.75445716058664;-0.18221944200496124
2694.0;0.0;-1.0619577158253963e-6;0.0;0.025585459857859053;0.0;0.0;0.0;0.0;0.0;0.0;0.7674097378862725;9.574758135582958e-5;3.0374880863318903;-3.8049940673698086;0.0;0.0;0.0;0.0;0.0;14.586163291802881;373.4472924622137;59.015546213536446;355.75445716058664;-0.18221944200496124
2695.0;0.0;-1.0619577158253963e-6;0.0;0.025585459857859053;0.0;0.0;0.0;0.0;0.0;0.0;0.7674097378862725;9.574758135582958e-5;3.0374880863318903;-3.8049940673698086;0.0;0.0;0.0;0.0;0.0;14.586163291802881;373.4472924622137;59.015546213536446;355.75445716058664;-0.18221944200496124
2696.0;0.0;-1.0619577158253963e-6;0.0;0.025585459857859053;0.0;0.0;0.0;0.0;0.0;0.0;0.7674097378862725;9.574758135582958e-5;3.0374880863318903;-3.8049940673698086;0.0;0.0;0.0;0.0;0.0;14.586163291802881;373.4472924622137;59.015546213536446;355.75445716058664;-0.18221944200496124
2697.0;0.0;-1.0619577158253963e-6;0.0;0.025585459857859053;0.0;0.0;0.0;0.0;0.0;0.0;0.7674097378862725;9.574758135582958e-5;3.0374880863318903;-3.8049940673698086;0.0;0.0;0.0;0.0;0.0;14.586163291802881;373.4472924622137;59.015546213536446;355.75445716058664;-0.18221944200496124
2698.0;0.0;-1.0619577158253963e-6;0.0;0.025585459857859053;0.0;0.0;0.0;0.0;0.0;0.0;0.7674097378862725;9.574758135582958e-5;3.0374880863318903;-3.8049940673698086;0.0;0.0;0.0;0.0;0.0;14.586163291802881;373.4472924622137;59.015546213536446;355.75445716058664;-0.18221944200496124
2699.0;0.0;-1.0619577158253963e-6;0.0;0.025585459857859053;0.0;0.0;0.0;0.0;0.0;0.0;0.7674097378862725;9.574758135582958e-5;3.0374880863318903;-3.8049940673698086;0.0;0.0;0.0;0.0;0.0;14.586163291802881;373.4472924622137;59.015546213536446;355.75445716058664;-0.18221944200496124
2700.0;0.0;-1.0619577158253963e-6;0.0;0.025585459857859053;0.0;0.0;0.0;0.0;0.0;0.0;0.7674097378862725;9.574758135582958e-5;3.0374880863318903;-3.8049940673698086;0.0;0.0;0.0;0.0;0.0;14.586163291802881;373.4472924622137;59.015546213536446;355.75445716058664;-0.18221944200496124
2701.0;0.0;-1.0619577158253963e-6;0.0;0.025585459857859053;0.0;0.0;0.0;0.0;0.0;0.0;0.7674097378862725;9.574758135582958e-5;3.0374880863318903;-3.8049940673698086;0.0;0.0;0.0;0.0;0.0;14.586163291802881;373.4472924622137;59.015546213536446;355.75445716058664;-0.18221944200496124
2702.0;0.0;-1.0619577158253963e-6;0.0;0.025585459857859053;0.0;0.0;0.0;0.0;0.0;0.0;0.7674097378862725;9.574758135582958e-5;3.0374880863318903;-3.8049940673698086;0.0;0.0;0.0;0.0;0.0;14.586163291802881;373.4472924622137;59.015546213536446;355.75445716058664;-0.18221944200496124
2703.0;0.0;-1.0619577158253963e-6;0.0;0.025585459857859053;0.0;0.0;0.0;0.0;0.0;0.0;0.7674097378862725;9.574758135582958e-5;3.0374880863318903;-3.8049940673698086;0.0;0.0;0.0;0.0;0.0;14.586163291802881;373.4472924622137;59.015546213536446;355.75445716058664;-0.18221944200496124
2704.0;0.0;-1.0619577158253963e-6;0.0;0.025585459857859053;0.0;0.0;0.0;0.0;0.0;0.0;0.7674097378862725;9.574758135582958e-5;3.0374880863318903;-3.8049940673698086;0.0;0.0;0.0;0.0;0.0;14.586163291802881;373.4472924622137;59.015546213536446;355.75445716058664;-0.18221944200496124
2705.0;0.0;-1.0619577158253963e-6;0.0;0.025585459857859053;0.0;0.0;0.0;0.0;0.0;0.0;0.7674097378862725;9.574758135582958e-5;3.0374880863318903;-3.8049940673698086;0.0;0.0;0.0;0.0;0.0;14.586163291802881;373.4472924622137;59.015546213536446;355.75445716058664;-0.18221944200496124
2706.0;0.0;-1.0619577158253963e-6;0.0;0.025585459857859053;0.0;0.0;0.0;0.0;0.0;0.0;0.7674097378862725;9.574758135582958e-5;3.0374880863318903;-3.8049940673698086;0.0;0.0;0.0;0.0;0.0;14.586163291802881;373.4472924622137;59.015546213536446;355.75445716058664;-0.18221944200496124
2707.0;0.0;-1.0619577158253963e-6;0.0;0.025585459857859053;0.0;0.0;0.0;0.0;0.0;0.0;0.7674097378862725;9.574758135582958e-5;3.0374880863318903;-3.8049940673698086;0.0;0.0;0.0;0.0;0.0;14.586163291802881;373.4472924622137;59.015546213536446;355.75445716058664;-0.18221944200496124
2708.0;0.0;-1.0619577158253963e-6;0.0;0.025585459857859053;0.0;0.0;0.0;0.0;0.0;0.0;0.7674097378862725;9.574758135582958e-5;3.0374880863318903;-3.8049940673698086;0.0;0.0;0.0;0.0;0.0;14.586163291802881;373.4472924622137;59.015546213536446;355.75445716058664;-0.18221944200496124
2709.0;0.0;-1.0619577158253963e-6;0.0;0.025585459857859053;0.0;0.0;0.0;0.0;0.0;0.0;0.7674097378862725;9.574758135582958e-5;3.0374880863318903;-3.8049940673698086;0.0;0.0;0.0;0.0;0.0;14.586163291802881;373.4472924622137;59.015546213536446;355.75445716058664;-0.18221944200496124
2710.0;0.0;-1.0619577158253963e-6;0.0;0.025585459857859053;0.0;0.0;0.0;0.0;0.0;0.0;0.7674097378862725;9.574758135582958e-5;3.0374880863318903;-3.8049940673698086;0.0;0.0;0.0;0.0;0.0;14.586163291802881;373.4472924622137;59.015546213536446;355.75445716058664;-0.18221944200496124
2711.0;0.0;-1.0619577158253963e-6;0.0;0.025585459857859053;0.0;0.0;0.0;0.0;0.0;0.0;0.7674097378862725;9.574758135582958e-5;3.0374880863318903;-3.8049940673698086;0.0;0.0;0.0;0.0;0.0;14.586163291802881;373.4472924622137;59.015546213536446;355.75445716058664;-0.18221944200496124
2712.0;0.0;-1.0619577158253963e-6;0.0;0.025585459857859053;0.0;0.0;0.0;0.0;0.0;0.0;0.7674097378862725;9.574758135582958e-5;3.0374880863318903;-3.8049940673698086;0.0;0.0;0.0;0.0;0.0;14.586163291802881;373.4472924622137;59.015546213536446;355.75445716058664;-0.18221944200496124
2713.0;0.0;-0.0009695449672900418;0.0;0.025585459857859053;0.0;0.0;0.0;0.0;0.0;0.0;0.4504472643452667;0.0;1.6038051484698974;-2.0542313767964147;0.0;0.0;0.0;0.0;0.0;14.586163291802881;373.4472924622137;59.015546213536446;355.75445716058664;-0.18221944200496124
2714.0;0.0;-0.0009695449672900418;0.0;0.025585459857859053;0.0;0.0;0.0;0.0;0.0;0.0;0.4504472643452667;0.0;1.6038051484698974;-2.0542313767964147;0.0;0.0;0.0;0.0;0.0;14.586163291802881;373.4472924622137;59.015546213536446;355.75445716058664;-0.18221944200496124
2715.0;0.0;-0.0009695449672900418;0.0;0.025585459857859053;0.0;0.0;0.0;0.0;0.0;0.0;0.4504472643452667;0.0;1.6038051484698974;-2.0542313767964147;0.0;0.0;0.0;0.0;0.0;14.586163291802881;373.4472924622137;59.015546213536446;355.75445716058664;-0.18221944200496124
2716.0;0.0;-0.0009695449672900418;0.0;0.025585459857859053;0.0;0.0;0.0;0.0;0.0;0.0;0.4504472643452667;0.0;1.6038051484698974;-2.0542313767964147;0.0;0.0;0.0;0.0;0.0;14.586163291802881;373.4472924622137;59.015546213536446;355.75445716058664;-0.18221944200496124
2717.0;0.0;-0.0009695449672900418;0.0;0.025585459857859053;0.0;0.0;0.0;0.0;0.0;0.0;0.4504472643452667;0.0;1.6038051484698974;-2.0542313767964147;0.0;0.0;0.0;0.0;0.0;14.586163291802881;373.4472924622137;59.015546213536446;355.75445716058664;-0.18221944200496124
2718.0;0.0;-0.0009695449672900418;0.0;0.025585459857859053;0.0;0.0;0.0;0.0;0.0;0.0;0.4504472643452667;0.0;1.6038051484698974;-2.0542313767964147;0.0;0.0;0.0;0.0;0.0;14.586163291802881;373.4472924622137;59.015546213536446;355.75445716058664;-0.18221944200496124
2719.0;0.0;-0.0009695449672900418;0.0;0.025585459857859053;0.0;0.0;0.0;0.0;0.0;0.0;0.4504472643452667;0.0;1.6038051484698974;-2.0542313767964147;0.0;0.0;0.0;0.0;0.0;14.586163291802881;373.4472924622137;59.015546213536446;355.75445716058664;-0.18221944200496124
2720.0;0.0;-0.0009695449672900418;0.0;0.025585459857859053;0.0;0.0;0.0;0.0;0.0;0.0;0.4504472643452667;0.0;1.6038051484698974;-2.0542313767964147;0.0;0.0;0.0;0.0;0.0;14.586163291802881;373.4472924622137;59.015546213536446;355.75445716058664;-0.18221944200496124
2721.0;0.0;-0.0009695449672900418;0.0;0.025585459857859053;0.0;0.0;0.0;0.0;0.0;0.0;0.4504472643452667;0.0;1.6038051484698974;-2.0542313767964147;0.0;0.0;0.0;0.0;0.0;14.586163291802881;373.4472924622137;59.015546213536446;355.75445716058664;-0.18221944200496124
2722.0;0.0;-0.0009695449672900418;0.0;0.025585459857859053;0.0;0.0;0.0;0.0;0.0;0.0;0.4504472643452667;0.0;1.6038051484698974;-2.0542313767964147;0.0;0.0;0.0;0.0;0.0;14.586163291802881;373.4472924622137;59.015546213536446;355.75445716058664;-0.18221944200496124
2723.0;0.0;-0.0009695449672900418;0.0;0.025585459857859053;0.0;0.0;0.0;0.0;0.0;0.0;0.4504472643452667;0.0;1.6038051484698974;-2.0542313767964147;0.0;0.0;0.0;0.0;0.0;14.586163291802881;373.4472924622137;59.015546213536446;355.75445716058664;-0.18221944200496124
2724.0;0.0;-0.0009695449672900418;0.0;0.025585459857859053;0.0;0.0;0.0;0.0;0.0;0.0;0.4504472643452667;0.0;1.6038051484698974;-2.0542313767964147;0.0;0.0;0.0;0.0;0.0;14.586163291802881;373.4472924622137;59.015546213536446;355.75445716058664;-0.18221944200496124
2725.0;0.0;-0.0009695449672900418;0.0;0.025585459857859053;0.0;0.0;0.0;0.0;0.0;0.0;0.4504472643452667;0.0;1.6038051484698974;-2.0542313767964147;0.0;0.0;0.0;0.0;0.0;14.586163291802881;373.4472924622137;59.015546213536446;355.75445716058664;-0.18221944200496124
2726.0;0.0;-0.0009695449672900418;0.0;0.025585459857859053;0.0;0.0;0.0;0.0;0.0;0.0;0.4504472643452667;0.0;1.6038051484698974;-2.0542313767964147;0.0;0.0;0.0;0.0;0.0;14.586163291802881;373.4472924622137;59.015546213536446;355.75445716058664;-0.18221944200496124
2727.0;0.0;-0.0009695449672900418;0.0;0.025585459857859053;0.0;0.0;0.0;0.0;0.0;0.0;0.4504472643452667;0.0;1.6038051484698974;-2.0542313767964147;0.0;0.0;0.0;0.0;0.0;14.586163291802881;373.4472924622137;59.015546213536446;355.75445716058664;-0.18221944200496124
2728.0;0.0;-0.0009695449672900418;0.0;0.025585459857859053;0.0;0.0;0.0;0.0;0.0;0.0;0.4504472643452667;0.0;1.6038051484698974;-2.0542313767964147;0.0;0.0;0.0;0.0;0.0;14.586163291802881;373.4472924622137;59.015546213536446;355.75445716058664;-0.18221944200496124
2729.0;0.0;-0.0009695449672900418;0.0;0.025585459857859053;0.0;0.0;0.0;0.0;0.0;0.0;0.4504472643452667;0.0;1.6038051484698974;-2.0542313767964147;0.0;0.0;0.0;0.0;0.0;14.586163291802881;373.4472924622137;59.015546213536446;355.75445716058664;-0.18221944200496124
2730.0;0.0;-0.0009695449672900418;0.0;0.025585459857859053;0.0;0.0;0.0;0.0;0.0;0.0;0.4504472643452667;0.0;1.6038051484698974;-2.0542313767964147;0.0;0.0;0.0;0.0;0.0;14.586163291802881;373.4472924622137;59.015546213536446;355.75445716058664;-0.18221944200496124
2731.0;0.0;-0.0009695449672900418;0.0;0.025585459857859053;0.0;0.0;0.0;0.0;0.0;0.0;0.4504472643452667;0.0;1.6038051484698974;-2.0542313767964147;0.0;0.0;0.0;0.0;0.0;14.586163291802881;373.4472924622137;59.015546213536446;355.75445716058664;-0.18221944200496124
2732.0;0.0;-0.0009695449672900418;0.0;0.025585459857859053;0.0;0.0;0.0;0.0;0.0;0.0;0.4504472643452667;0.0;1.6038051484698974;-2.0542313767964147;0.0;0.0;0.0;0.0;0.0;14.586163291802881;373.4472924622137;59.015546213536446;355.75445716058664;-0.18221944200496124
2733.0;0.0;-0.0009695449672900418;0.0;0.025585459857859053;0.0;0.0;0.0;0.0;0.0;0.0;0.4504472643452667;0.0;1.6038051484698974;-2.0542313767964147;0.0;0.0;0.0;0.0;0.0;14.586163291802881;373.4472924622137;59.015546213536446;355.75445716058664;-0.18221944200496124
2734.0;0.0;-0.0009695449672900418;0.0;0.025585459857859053;0.0;0.0;0.0;0.0;0.0;0.0;0.4504472643452667;0.0;1.6038051484698974;-2.0542313767964147;0.0;0.0;0.0;0.0;0.0;14.586163291802881;373.4472924622137;59.015546213536446;355.75445716058664;-0.18221944200496124
2735.0;0.0;-0.0009695449672900418;0.0;0.025585459857859053;0.0;0.0;0.0;0.0;0.0;0.0;0.4504472643452667;0.0;1.6038051484698974;-2.0542313767964147;0.0;0.0;0.0;0.0;0.0;14.586163291802881;373.4472924622137;59.015546213536446;355.75445716058664;-0.18221944200496124
2736.0;0.0;-0.0009695449672900418;0.0;0.025585459857859053;0.0;0.0;0.0;0.0;0.0;0.0;0.4504472643452667;0.0;1.6038051484698974;-2.0542313767964147;0.0;0.0;0.0;0.0;0.0;14.586163291802881;373.4472924622137;59.015546213536446;355.75445716058664;-0.18221944200496124
2737.0;0.0;-0.00011717968563669659;0.0;0.025585459857859053;0.0;0.0;0.0;0.0;0.0;0.0;0.5071217722675161;0.0;1.5725645843764244;-2.0795319469645404;0.0;0.0;0.0;0.0;0.0;14.586163291802881;373.4472924622137;59.015546213536446;355.75445716058664;-0.18221944200496124
2738.0;0.0;-0.00011717968563669659;0.0;0.025585459857859053;0.0;0.0;0.0;0.0;0.0;0.0;0.5071217722675161;0.0;1.5725645843764244;-2.0795319469645404;0.0;0.0;0.0;0.0;0.0;14.586163291802881;373.4472924622137;59.015546213536446;355.75445716058664;-0.18221944200496124
2739.0;0.0;-0.00011717968563669659;0.0;0.025585459857859053;0.0;0.0;0.0;0.0;0.0;0.0;0.5071217722675161;0.0;1.5725645843764244;-2.0795319469645404;0.0;0.0;0.0;0.0;0.0;14.586163291802881;373.4472924622137;59.015546213536446;355.75445716058664;-0.18221944200496124
2740.0;0.0;-0.00011717968563669659;0.0;0.025585459857859053;0.0;0.0;0.0;0.0;0.0;0.0;0.5071217722675161;0.0;1.5725645843764244;-2.0795319469645404;0.0;0.0;0.0;0.0;0.0;14.586163291802881;373.4472924622137;59.015546213536446;355.75445716058664;-0.18221944200496124
2741.0;0.0;-0.00011717968563669659;0.0;0.025585459857859053;0.0;0.0;0.0;0.0;0.0;0.0;0.5071217722675161;0.0;1.5725645843764244;-2.0795319469645404;0.0;0.0;0.0;0.0;0.0;14.586163291802881;373.4472924622137;59.015546213536446;355.75445716058664;-0.18221944200496124
2742.0;0.0;-0.00011717968563669659;0.0;0.025585459857859053;0.0;0.0;0.0;0.0;0.0;0.0;0.5071217722675161;0.0;1.5725645843764244;-2.0795319469645404;0.0;0.0;0.0;0.0;0.0;14.586163291802881;373.4472924622137;59.015546213536446;355.75445716058664;-0.18221944200496124
2743.0;0.0;-0.00011717968563669659;0.0;0.025585459857859053;0.0;0.0;0.0;0.0;0.0;0.0;0.5071217722675161;0.0;1.5725645843764244;-2.0795319469645404;0.0;0.0;0.0;0.0;0.0;14.586163291802881;373.4472924622137;59.015546213536446;355.75445716058664;-0.18221944200496124
2744.0;0.0;-0.00011717968563669659;0.0;0.025585459857859053;0.0;0.0;0.0;0.0;0.0;0.0;0.5071217722675161;0.0;1.5725645843764244;-2.0795319469645404;0.0;0.0;0.0;0.0;0.0;14.586163291802881;373.4472924622137;59.015546213536446;355.75445716058664;-0.18221944200496124
2745.0;0.0;-0.00011717968563669659;0.0;0.025585459857859053;0.0;0.0;0.0;0.0;0.0;0.0;0.5071217722675161;0.0;1.5725645843764244;-2.0795319469645404;0.0;0.0;0.0;0.0;0.0;14.586163291802881;373.4472924622137;59.015546213536446;355.75445716058664;-0.18221944200496124
2746.0;0.0;-0.00011717968563669659;0.0;0.025585459857859053;0.0;0.0;0.0;0.0;0.0;0.0;0.5071217722675161;0.0;1.5725645843764244;-2.0795319469645404;0.0;0.0;0.0;0.0;0.0;14.586163291802881;373.4472924622137;59.015546213536446;355.75445716058664;-0.18221944200496124
2747.0;0.0;-0.00011717968563669659;0.0;0.025585459857859053;0.0;0.0;0.0;0.0;0.0;0.0;0.5071217722675161;0.0;1.5725645843764244;-2.0795319469645404;0.0;0.0;0.0;0.0;0.0;14.586163291802881;373.4472924622137;59.015546213536446;355.75445716058664;-0.18221944200496124
2748.0;0.0;-0.00011717968563669659;0.0;0.025585459857859053;0.0;0.0;0.0;0.0;0.0;0.0;0.5071217722675161;0.0;1.5725645843764244;-2.0795319469645404;0.0;0.0;0.0;0.0;0.0;14.586163291802881;373.4472924622137;59.015546213536446;355.75445716058664;-0.18221944200496124
2749.0;0.0;-0.00011717968563669659;0.0;0.025585459857859053;0.0;0.0;0.0;0.0;0.0;0.0;0.5071217722675161;0.0;1.5725645843764244;-2.0795319469645404;0.0;0.0;0.0;0.0;0.0;14.586163291802881;373.4472924622137;59.015546213536446;355.75445716058664;-0.18221944200496124
2750.0;0.0;-0.00011717968563669659;0.0;0.025585459857859053;0.0;0.0;0.0;0.0;0.0;0.0;0.5071217722675161;0.0;1.5725645843764244;-2.0795319469645404;0.0;0.0;0.0;0.0;0.0;14.586163291802881;373.4472924622137;59.015546213536446;355.75445716058664;-0.18221944200496124
2751.0;0.0;-0.00011717968563669659;0.0;0.025585459857859053;0.0;0.0;0.0;0.0;0.0;0.0;0.5071217722675161;0.0;1.5725645843764244;-2.0795319469645404;0.0;0.0;0.0;0.0;0.0;14.586163291802881;373.4472924622137;59.015546213536446;355.75445716058664;-0.18221944200496124
2752.0;0.0;-0.00011717968563669659;0.0;0.025585459857859053;0.0;0.0;0.0;0.0;0.0;0.0;0.5071217722675161;0.0;1.5725645843764244;-2.0795319469645404;0.0;0.0;0.0;0.0;0.0;14.586163291802881;373.4472924622137;59.015546213536446;355.75445716058664;-0.18221944200496124
2753.0;0.0;-0.00011717968563669659;0.0;0.025585459857859053;0.0;0.0;0.0;0.0;0.0;0.0;0.5071217722675161;0.0;1.5725645843764244;-2.0795319469645404;0.0;0.0;0.0;0.0;0.0;14.586163291802881;373.4472924622137;59.015546213536446;355.75445716058664;-0.18221944200496124
2754.0;0.0;-0.00011717968563669659;0.0;0.025585459857859053;0.0;0.0;0.0;0.0;0.0;0.0;0.5071217722675161;0.0;1.5725645843764244;-2.0795319469645404;0.0;0.0;0.0;0.0;0.0;14.586163291802881;373.4472924622137;59.015546213536446;355.75445716058664;-0.18221944200496124
2755.0;0.0;-0.00011717968563669659;0.0;0.025585459857859053;0.0;0.0;0.0;0.0;0.0;0.0;0.5071217722675161;0.0;1.5725645843764244;-2.0795319469645404;0.0;0.0;0.0;0.0;0.0;14.586163291802881;373.4472924622137;59.015546213536446;355.75445716058664;-0.18221944200496124
2756.0;0.0;-0.00011717968563669659;0.0;0.025585459857859053;0.0;0.0;0.0;0.0;0.0;0.0;0.5071217722675161;0.0;1.5725645843764244;-2.0795319469645404;0.0;0.0;0.0;0.0;0.0;14.586163291802881;373.4472924622137;59.015546213536446;355.75445716058664;-0.18221944200496124
2757.0;0.0;-0.00011717968563669659;0.0;0.025585459857859053;0.0;0.0;0.0;0.0;0.0;0.0;0.5071217722675161;0.0;1.5725645843764244;-2.0795319469645404;0.0;0.0;0.0;0.0;0.0;14.586163291802881;373.4472924622137;59.015546213536446;355.75445716058664;-0.18221944200496124
2758.0;0.0;-0.00011717968563669659;0.0;0.025585459857859053;0.0;0.0;0.0;0.0;0.0;0.0;0.5071217722675161;0.0;1.5725645843764244;-2.0795319469645404;0.0;0.0;0.0;0.0;0.0;14.586163291802881;373.4472924622137;59.015546213536446;355.75445716058664;-0.18221944200496124
2759.0;0.0;-0.00011717968563669659;0.0;0.025585459857859053;0.0;0.0;0.0;0.0;0.0;0.0;0.5071217722675161;0.0;1.5725645843764244;-2.0795319469645404;0.0;0.0;0.0;0.0;0.0;14.586163291802881;373.4472924622137;59.015546213536446;355.75445716058664;-0.18221944200496124
2760.0;0.0;-0.00011717968563669659;0.0;0.025585459857859053;0.0;0.0;0.0;0.0;0.0;0.0;0.5071217722675161;0.0;1.5725645843764244;-2.0795319469645404;0.0;0.0;0.0;0.0;0.0;14.586163291802881;373.4472924622137;59.015546213536446;355.75445716058664;-0.18221944200496124
2761.0;0.0;-0.0005901358583437123;0.0;0.025585459857859053;0.0;0.0;0.0;0.0;0.0;0.0;0.9654848224680415;0.0;1.737252409162173;-2.702263287390503;0.0;0.0;0.0;0.0;0.0;14.586163291802881;373.4472924622137;59.015546213536446;355.75445716058664;-0.18221944200496124
2762.0;0.0;-0.0005901358583437123;0.0;0.025585459857859053;0.0;0.0;0.0;0.0;0.0;0.0;0.9654848224680415;0.0;1.737252409162173;-2.702263287390503;0.0;0.0;0.0;0.0;0.0;14.586163291802881;373.4472924622137;59.015546213536446;355.75445716058664;-0.18221944200496124
2763.0;0.0;-0.0005901358583437123;0.0;0.025585459857859053;0.0;0.0;0.0;0.0;0.0;0.0;0.9654848224680415;0.0;1.737252409162173;-2.702263287390503;0.0;0.0;0.0;0.0;0.0;14.586163291802881;373.4472924622137;59.015546213536446;355.75445716058664;-0.18221944200496124
2764.0;0.0;-0.0005901358583437123;0.0;0.025585459857859053;0.0;0.0;0.0;0.0;0.0;0.0;0.9654848224680415;0.0;1.737252409162173;-2.702263287390503;0.0;0.0;0.0;0.0;0.0;14.586163291802881;373.4472924622137;59.015546213536446;355.75445716058664;-0.18221944200496124
2765.0;0.0;-0.0005901358583437123;0.0;0.025585459857859053;0.0;0.0;0.0;0.0;0.0;0.0;0.9654848224680415;0.0;1.737252409162173;-2.702263287390503;0.0;0.0;0.0;0.0;0.0;14.586163291802881;373.4472924622137;59.015546213536446;355.75445716058664;-0.18221944200496124
2766.0;0.0;-0.0005901358583437123;0.0;0.025585459857859053;0.0;0.0;0.0;0.0;0.0;0.0;0.9654848224680415;0.0;1.737252409162173;-2.702263287390503;0.0;0.0;0.0;0.0;0.0;14.586163291802881;373.4472924622137;59.015546213536446;355.75445716058664;-0.18221944200496124
2767.0;0.0;-0.0005901358583437123;0.0;0.025585459857859053;0.0;0.0;0.0;0.0;0.0;0.0;0.9654848224680415;0.0;1.737252409162173;-2.702263287390503;0.0;0.0;0.0;0.0;0.0;14.586163291802881;373.4472924622137;59.015546213536446;355.75445716058664;-0.18221944200496124
2768.0;0.0;-0.0005901358583437123;0.0;0.025585459857859053;0.0;0.0;0.0;0.0;0.0;0.0;0.9654848224680415;0.0;1.737252409162173;-2.702263287390503;0.0;0.0;0.0;0.0;0.0;14.586163291802881;373.4472924622137;59.015546213536446;355.75445716058664;-0.18221944200496124
2769.0;0.0;-0.0005901358583437123;0.0;0.025585459857859053;0.0;0.0;0.0;0.0;0.0;0.0;0.9654848224680415;0.0;1.737252409162173;-2.702263287390503;0.0;0.0;0.0;0.0;0.0;14.586163291802881;373.4472924622137;59.015546213536446;355.75445716058664;-0.18221944200496124
2770.0;0.0;-0.0005901358583437123;0.0;0.025585459857859053;0.0;0.0;0.0;0.0;0.0;0.0;0.9654848224680415;0.0;1.737252409162173;-2.702263287390503;0.0;0.0;0.0;0.0;0.0;14.586163291802881;373.4472924622137;59.015546213536446;355.75445716058664;-0.18221944200496124
2771.0;0.0;-0.0005901358583437123;0.0;0.025585459857859053;0.0;0.0;0.0;0.0;0.0;0.0;0.9654848224680415;0.0;1.737252409162173;-2.702263287390503;0.0;0.0;0.0;0.0;0.0;14.586163291802881;373.4472924622137;59.015546213536446;355.75445716058664;-0.18221944200496124
2772.0;0.0;-0.0005901358583437123;0.0;0.025585459857859053;0.0;0.0;0.0;0.0;0.0;0.0;0.9654848224680415;0.0;1.737252409162173;-2.702263287390503;0.0;0.0;0.0;0.0;0.0;14.586163291802881;373.4472924622137;59.015546213536446;355.75445716058664;-0.18221944200496124
2773.0;0.0;-0.0005901358583437123;0.0;0.025585459857859053;0.0;0.0;0.0;0.0;0.0;0.0;0.9654848224680415;0.0;1.737252409162173;-2.702263287390503;0.0;0.0;0.0;0.0;0.0;14.586163291802881;373.4472924622137;59.015546213536446;355.75445716058664;-0.18221944200496124
2774.0;0.0;-0.0005901358583437123;0.0;0.025585459857859053;0.0;0.0;0.0;0.0;0.0;0.0;0.9654848224680415;0.0;1.737252409162173;-2.702263287390503;0.0;0.0;0.0;0.0;0.0;14.586163291802881;373.4472924622137;59.015546213536446;355.75445716058664;-0.18221944200496124
2775.0;0.0;-0.0005901358583437123;0.0;0.025585459857859053;0.0;0.0;0.0;0.0;0.0;0.0;0.9654848224680415;0.0;1.737252409162173;-2.702263287390503;0.0;0.0;0.0;0.0;0.0;14.586163291802881;373.4472924622137;59.015546213536446;355.75445716058664;-0.18221944200496124
2776.0;0.0;-0.0005901358583437123;0.0;0.025585459857859053;0.0;0.0;0.0;0.0;0.0;0.0;0.9654848224680415;0.0;1.737252409162173;-2.702263287390503;0.0;0.0;0.0;0.0;0.0;14.586163291802881;373.4472924622137;59.015546213536446;355.75445716058664;-0.18221944200496124
2777.0;0.0;-0.0005901358583437123;0.0;0.025585459857859053;0.0;0.0;0.0;0.0;0.0;0.0;0.9654848224680415;0.0;1.737252409162173;-2.702263287390503;0.0;0.0;0.0;0.0;0.0;14.586163291802881;373.4472924622137;59.015546213536446;355.75445716058664;-0.18221944200496124
2778.0;0.0;-0.0005901358583437123;0.0;0.025585459857859053;0.0;0.0;0.0;0.0;0.0;0.0;0.9654848224680415;0.0;1.737252409162173;-2.702263287390503;0.0;0.0;0.0;0.0;0.0;14.586163291802881;373.4472924622137;59.015546213536446;355.75445716058664;-0.18221944200496124
2779.0;0.0;-0.0005901358583437123;0.0;0.025585459857859053;0.0;0.0;0.0;0.0;0.0;0.0;0.9654848224680415;0.0;1.737252409162173;-2.702263287390503;0.0;0.0;0.0;0.0;0.0;14.586163291802881;373.4472924622137;59.015546213536446;355.75445716058664;-0.18221944200496124
2780.0;0.0;-0.0005901358583437123;0.0;0.025585459857859053;0.0;0.0;0.0;0.0;0.0;0.0;0.9654848224680415;0.0;1.737252409162173;-2.702263287390503;0.0;0.0;0.0;0.0;0.0;14.586163291802881;373.4472924622137;59.015546213536446;355.75445716058664;-0.18221944200496124
2781.0;0.0;-0.0005901358583437123;0.0;0.025585459857859053;0.0;0.0;0.0;0.0;0.0;0.0;0.9654848224680415;0.0;1.737252409162173;-2.702263287390503;0.0;0.0;0.0;0.0;0.0;14.586163291802881;373.4472924622137;59.015546213536446;355.75445716058664;-0.18221944200496124
2782.0;0.0;-0.0005901358583437123;0.0;0.025585459857859053;0.0;0.0;0.0;0.0;0.0;0.0;0.9654848224680415;0.0;1.737252409162173;-2.702263287390503;0.0;0.0;0.0;0.0;0.0;14.586163291802881;373.4472924622137;59.015546213536446;355.75445716058664;-0.18221944200496124
2783.0;0.0;-0.0005901358583437123;0.0;0.025585459857859053;0.0;0.0;0.0;0.0;0.0;0.0;0.9654848224680415;0.0;1.737252409162173;-2.702263287390503;0.0;0.0;0.0;0.0;0.0;14.586163291802881;373.4472924622137;59.015546213536446;355.75445716058664;-0.18221944200496124
2784.0;0.0;-0.0005901358583437123;0.0;0.025585459857859053;0.0;0.0;0.0;0.0;0.0;0.0;0.9654848224680415;0.0;1.737252409162173;-2.702263287390503;0.0;0.0;0.0;0.0;0.0;14.586163291802881;373.4472924622137;59.015546213536446;355.75445716058664;-0.18221944200496124
2785.0;0.0;-1.1861767759978958e-6;0.0;0.025585459857859053;0.0;0.0;0.0;0.0;0.0;9.23069340596079e-13;0.9417329430745844;0.00013890193234959467;1.8129297642253173;-2.7548074143414496;0.0;0.0;0.0;0.0;0.0;14.586163291802881;373.4472924622137;59.015546213536446;355.75445716058664;-0.18221944200496124
2786.0;0.0;-1.1861767759978958e-6;0.0;0.025585459857859053;0.0;0.0;0.0;0.0;0.0;9.23069340596079e-13;0.9417329430745844;0.00013890193234959467;1.8129297642253173;-2.7548074143414496;0.0;0.0;0.0;0.0;0.0;14.586163291802881;373.4472924622137;59.015546213536446;355.75445716058664;-0.18221944200496124
2787.0;0.0;-1.1861767759978958e-6;0.0;0.025585459857859053;0.0;0.0;0.0;0.0;0.0;9.23069340596079e-13;0.9417329430745844;0.00013890193234959467;1.8129297642253173;-2.7548074143414496;0.0;0.0;0.0;0.0;0.0;14.586163291802881;373.4472924622137;59.015546213536446;355.75445716058664;-0.18221944200496124
2788.0;0.0;-1.1861767759978958e-6;0.0;0.025585459857859053;0.0;0.0;0.0;0.0;0.0;9.23069340596079e-13;0.9417329430745844;0.00013890193234959467;1.8129297642253173;-2.7548074143414496;0.0;0.0;0.0;0.0;0.0;14.586163291802881;373.4472924622137;59.015546213536446;355.75445716058664;-0.18221944200496124
2789.0;0.0;-1.1861767759978958e-6;0.0;0.025585459857859053;0.0;0.0;0.0;0.0;0.0;9.23069340596079e-13;0.9417329430745844;0.00013890193234959467;1.8129297642253173;-2.7548074143414496;0.0;0.0;0.0;0.0;0.0;14.586163291802881;373.4472924622137;59.015546213536446;355.75445716058664;-0.18221944200496124
2790.0;0.0;-1.1861767759978958e-6;0.0;0.025585459857859053;0.0;0.0;0.0;0.0;0.0;9.23069340596079e-13;0.9417329430745844;0.00013890193234959467;1.8129297642253173;-2.7548074143414496;0.0;0.0;0.0;0.0;0.0;14.586163291802881;373.4472924622137;59.015546213536446;355.75445716058664;-0.18221944200496124
2791.0;0.0;-1.1861767759978958e-6;0.0;0.025585459857859053;0.0;0.0;0.0;0.0;0.0;9.23069340596079e-13;0.9417329430745844;0.00013890193234959467;1.8129297642253173;-2.7548074143414496;0.0;0.0;0.0;0.0;0.0;14.586163291802881;373.4472924622137;59.015546213536446;355.75445716058664;-0.18221944200496124
2792.0;0.0;-1.1861767759978958e-6;0.0;0.025585459857859053;0.0;0.0;0.0;0.0;0.0;9.23069340596079e-13;0.9417329430745844;0.00013890193234959467;1.8129297642253173;-2.7548074143414496;0.0;0.0;0.0;0.0;0.0;14.586163291802881;373.4472924622137;59.015546213536446;355.75445716058664;-0.18221944200496124
2793.0;0.0;-1.1861767759978958e-6;0.0;0.025585459857859053;0.0;0.0;0.0;0.0;0.0;9.23069340596079e-13;0.9417329430745844;0.00013890193234959467;1.8129297642253173;-2.7548074143414496;0.0;0.0;0.0;0.0;0.0;14.586163291802881;373.4472924622137;59.015546213536446;355.75445716058664;-0.18221944200496124
2794.0;0.0;-1.1861767759978958e-6;0.0;0.025585459857859053;0.0;0.0;0.0;0.0;0.0;9.23069340596079e-13;0.9417329430745844;0.00013890193234959467;1.8129297642253173;-2.7548074143414496;0.0;0.0;0.0;0.0;0.0;14.586163291802881;373.4472924622137;59.015546213536446;355.75445716058664;-0.18221944200496124
2795.0;0.0;-1.1861767759978958e-6;0.0;0.025585459857859053;0.0;0.0;0.0;0.0;0.0;9.23069340596079e-13;0.9417329430745844;0.00013890193234959467;1.8129297642253173;-2.7548074143414496;0.0;0.0;0.0;0.0;0.0;14.586163291802881;373.4472924622137;59.015546213536446;355.75445716058664;-0.18221944200496124
2796.0;0.0;-1.1861767759978958e-6;0.0;0.025585459857859053;0.0;0.0;0.0;0.0;0.0;9.23069340596079e-13;0.9417329430745844;0.00013890193234959467;1.8129297642253173;-2.7548074143414496;0.0;0.0;0.0;0.0;0.0;14.586163291802881;373.4472924622137;59.015546213536446;355.75445716058664;-0.18221944200496124
2797.0;0.0;-1.1861767759978958e-6;0.0;0.025585459857859053;0.0;0.0;0.0;0.0;0.0;9.23069340596079e-13;0.9417329430745844;0.00013890193234959467;1.8129297642253173;-2.7548074143414496;0.0;0.0;0.0;0.0;0.0;14.586163291802881;373.4472924622137;59.015546213536446;355.75445716058664;-0.18221944200496124
2798.0;0.0;-1.1861767759978958e-6;0.0;0.025585459857859053;0.0;0.0;0.0;0.0;0.0;9.23069340596079e-13;0.9417329430745844;0.00013890193234959467;1.8129297642253173;-2.7548074143414496;0.0;0.0;0.0;0.0;0.0;14.586163291802881;373.4472924622137;59.015546213536446;355.75445716058664;-0.18221944200496124
2799.0;0.0;-1.1861767759978958e-6;0.0;0.025585459857859053;0.0;0.0;0.0;0.0;0.0;9.23069340596079e-13;0.9417329430745844;0.00013890193234959467;1.8129297642253173;-2.7548074143414496;0.0;0.0;0.0;0.0;0.0;14.586163291802881;373.4472924622137;59.015546213536446;355.75445716058664;-0.18221944200496124
2800.0;0.0;-1.1861767759978958e-6;0.0;0.025585459857859053;0.0;0.0;0.0;0.0;0.0;9.23069340596079e-13;0.9417329430745844;0.00013890193234959467;1.8129297642253173;-2.7548074143414496;0.0;0.0;0.0;0.0;0.0;14.586163291802881;373.4472924622137;59.015546213536446;355.75445716058664;-0.18221944200496124
2801.0;0.0;-1.1861767759978958e-6;0.0;0.025585459857859053;0.0;0.0;0.0;0.0;0.0;9.23069340596079e-13;0.9417329430745844;0.00013890193234959467;1.8129297642253173;-2.7548074143414496;0.0;0.0;0.0;0.0;0.0;14.586163291802881;373.4472924622137;59.015546213536446;355.75445716058664;-0.18221944200496124
2802.0;0.0;-1.1861767759978958e-6;0.0;0.025585459857859053;0.0;0.0;0.0;0.0;0.0;9.23069340596079e-13;0.9417329430745844;0.00013890193234959467;1.8129297642253173;-2.7548074143414496;0.0;0.0;0.0;0.0;0.0;14.586163291802881;373.4472924622137;59.015546213536446;355.75445716058664;-0.18221944200496124
2803.0;0.0;-1.1861767759978958e-6;0.0;0.025585459857859053;0.0;0.0;0.0;0.0;0.0;9.23069340596079e-13;0.9417329430745844;0.00013890193234959467;1.8129297642253173;-2.7548074143414496;0.0;0.0;0.0;0.0;0.0;14.586163291802881;373.4472924622137;59.015546213536446;355.75445716058664;-0.18221944200496124
2804.0;0.0;-1.1861767759978958e-6;0.0;0.025585459857859053;0.0;0.0;0.0;0.0;0.0;9.23069340596079e-13;0.9417329430745844;0.00013890193234959467;1.8129297642253173;-2.7548074143414496;0.0;0.0;0.0;0.0;0.0;14.586163291802881;373.4472924622137;59.015546213536446;355.75445716058664;-0.18221944200496124
2805.0;0.0;-1.1861767759978958e-6;0.0;0.025585459857859053;0.0;0.0;0.0;0.0;0.0;9.23069340596079e-13;0.9417329430745844;0.00013890193234959467;1.8129297642253173;-2.7548074143414496;0.0;0.0;0.0;0.0;0.0;14.586163291802881;373.4472924622137;59.015546213536446;355.75445716058664;-0.18221944200496124
2806.0;0.0;-1.1861767759978958e-6;0.0;0.025585459857859053;0.0;0.0;0.0;0.0;0.0;9.23069340596079e-13;0.9417329430745844;0.00013890193234959467;1.8129297642253173;-2.7548074143414496;0.0;0.0;0.0;0.0;0.0;14.586163291802881;373.4472924622137;59.015546213536446;355.75445716058664;-0.18221944200496124
2807.0;0.0;-1.1861767759978958e-6;0.0;0.025585459857859053;0.0;0.0;0.0;0.0;0.0;9.23069340596079e-13;0.9417329430745844;0.00013890193234959467;1.8129297642253173;-2.7548074143414496;0.0;0.0;0.0;0.0;0.0;14.586163291802881;373.4472924622137;59.015546213536446;355.75445716058664;-0.18221944200496124
2808.0;0.0;-1.1861767759978958e-6;0.0;0.025585459857859053;0.0;0.0;0.0;0.0;0.0;9.23069340596079e-13;0.9417329430745844;0.00013890193234959467;1.8129297642253173;-2.7548074143414496;0.0;0.0;0.0;0.0;0.0;14.586163291802881;373.4472924622137;59.015546213536446;355.75445716058664;-0.18221944200496124
2809.0;0.0;-8.250636589591953e-5;0.0;0.025585459857859053;0.0;0.0;0.0;0.0;0.0;0.0;0.44761704116327106;0.0;1.2459861041747737;-1.6934099789231947;0.0;0.0;0.0;0.0;0.0;14.586163291802881;373.4472924622137;59.015546213536446;355.75445716058664;-0.18221944200496124
2810.0;0.0;-8.250636589591953e-5;0.0;0.025585459857859053;0.0;0.0;0.0;0.0;0.0;0.0;0.44761704116327106;0.0;1.2459861041747737;-1.6934099789231947;0.0;0.0;0.0;0.0;0.0;14.586163291802881;373.4472924622137;59.015546213536446;355.75445716058664;-0.18221944200496124
2811.0;0.0;-8.250636589591953e-5;0.0;0.025585459857859053;0.0;0.0;0.0;0.0;0.0;0.0;0.44761704116327106;0.0;1.2459861041747737;-1.6934099789231947;0.0;0.0;0.0;0.0;0.0;14.586163291802881;373.4472924622137;59.015546213536446;355.75445716058664;-0.18221944200496124
2812.0;0.0;-8.250636589591953e-5;0.0;0.025585459857859053;0.0;0.0;0.0;0.0;0.0;0.0;0.44761704116327106;0.0;1.2459861041747737;-1.6934099789231947;0.0;0.0;0.0;0.0;0.0;14.586163291802881;373.4472924622137;59.015546213536446;355.75445716058664;-0.18221944200496124
2813.0;0.0;-8.250636589591953e-5;0.0;0.025585459857859053;0.0;0.0;0.0;0.0;0.0;0.0;0.44761704116327106;0.0;1.2459861041747737;-1.6934099789231947;0.0;0.0;0.0;0.0;0.0;14.586163291802881;373.4472924622137;59.015546213536446;355.75445716058664;-0.18221944200496124
2814.0;0.0;-8.250636589591953e-5;0.0;0.025585459857859053;0.0;0.0;0.0;0.0;0.0;0.0;0.44761704116327106;0.0;1.2459861041747737;-1.6934099789231947;0.0;0.0;0.0;0.0;0.0;14.586163291802881;373.4472924622137;59.015546213536446;355.75445716058664;-0.18221944200496124
2815.0;0.0;-8.250636589591953e-5;0.0;0.025585459857859053;0.0;0.0;0.0;0.0;0.0;0.0;0.44761704116327106;0.0;1.2459861041747737;-1.6934099789231947;0.0;0.0;0.0;0.0;0.0;14.586163291802881;373.4472924622137;59.015546213536446;355.75445716058664;-0.18221944200496124
2816.0;0.0;-8.250636589591953e-5;0.0;0.025585459857859053;0.0;0.0;0.0;0.0;0.0;0.0;0.44761704116327106;0.0;1.2459861041747737;-1.6934099789231947;0.0;0.0;0.0;0.0;0.0;14.586163291802881;373.4472924622137;59.015546213536446;355.75445716058664;-0.18221944200496124
2817.0;0.0;-8.250636589591953e-5;0.0;0.025585459857859053;0.0;0.0;0.0;0.0;0.0;0.0;0.44761704116327106;0.0;1.2459861041747737;-1.6934099789231947;0.0;0.0;0.0;0.0;0.0;14.586163291802881;373.4472924622137;59.015546213536446;355.75445716058664;-0.18221944200496124
2818.0;0.0;-8.250636589591953e-5;0.0;0.025585459857859053;0.0;0.0;0.0;0.0;0.0;0.0;0.44761704116327106;0.0;1.2459861041747737;-1.6934099789231947;0.0;0.0;0.0;0.0;0.0;14.586163291802881;373.4472924622137;59.015546213536446;355.75445716058664;-0.18221944200496124
2819.0;0.0;-8.250636589591953e-5;0.0;0.025585459857859053;0.0;0.0;0.0;0.0;0.0;0.0;0.44761704116327106;0.0;1.2459861041747737;-1.6934099789231947;0.0;0.0;0.0;0.0;0.0;14.586163291802881;373.4472924622137;59.015546213536446;355.75445716058664;-0.18221944200496124
2820.0;0.0;-8.250636589591953e-5;0.0;0.025585459857859053;0.0;0.0;0.0;0.0;0.0;0.0;0.44761704116327106;0.0;1.2459861041747737;-1.6934099789231947;0.0;0.0;0.0;0.0;0.0;14.586163291802881;373.4472924622137;59.015546213536446;355.75445716058664;-0.18221944200496124
2821.0;0.0;-8.250636589591953e-5;0.0;0.025585459857859053;0.0;0.0;0.0;0.0;0.0;0.0;0.44761704116327106;0.0;1.2459861041747737;-1.6934099789231947;0.0;0.0;0.0;0.0;0.0;14.586163291802881;373.4472924622137;59.015546213536446;355.75445716058664;-0.18221944200496124
2822.0;0.0;-8.250636589591953e-5;0.0;0.025585459857859053;0.0;0.0;0.0;0.0;0.0;0.0;0.44761704116327106;0.0;1.2459861041747737;-1.6934099789231947;0.0;0.0;0.0;0.0;0.0;14.586163291802881;373.4472924622137;59.015546213536446;355.75445716058664;-0.18221944200496124
2823.0;0.0;-8.250636589591953e-5;0.0;0.025585459857859053;0.0;0.0;0.0;0.0;0.0;0.0;0.44761704116327106;0.0;1.2459861041747737;-1.6934099789231947;0.0;0.0;0.0;0.0;0.0;14.586163291802881;373.4472924622137;59.015546213536446;355.75445716058664;-0.18221944200496124
2824.0;0.0;-8.250636589591953e-5;0.0;0.025585459857859053;0.0;0.0;0.0;0.0;0.0;0.0;0.44761704116327106;0.0;1.2459861041747737;-1.6934099789231947;0.0;0.0;0.0;0.0;0.0;14.586163291802881;373.4472924622137;59.015546213536446;355.75445716058664;-0.18221944200496124
2825.0;0.0;-8.250636589591953e-5;0.0;0.025585459857859053;0.0;0.0;0.0;0.0;0.0;0.0;0.44761704116327106;0.0;1.2459861041747737;-1.6934099789231947;0.0;0.0;0.0;0.0;0.0;14.586163291802881;373.4472924622137;59.015546213536446;355.75445716058664;-0.18221944200496124
2826.0;0.0;-8.250636589591953e-5;0.0;0.025585459857859053;0.0;0.0;0.0;0.0;0.0;0.0;0.44761704116327106;0.0;1.2459861041747737;-1.6934099789231947;0.0;0.0;0.0;0.0;0.0;14.586163291802881;373.4472924622137;59.015546213536446;355.75445716058664;-0.18221944200496124
2827.0;0.0;-8.250636589591953e-5;0.0;0.025585459857859053;0.0;0.0;0.0;0.0;0.0;0.0;0.44761704116327106;0.0;1.2459861041747737;-1.6934099789231947;0.0;0.0;0.0;0.0;0.0;14.586163291802881;373.4472924622137;59.015546213536446;355.75445716058664;-0.18221944200496124
2828.0;0.0;-8.250636589591953e-5;0.0;0.025585459857859053;0.0;0.0;0.0;0.0;0.0;0.0;0.44761704116327106;0.0;1.2459861041747737;-1.6934099789231947;0.0;0.0;0.0;0.0;0.0;14.586163291802881;373.4472924622137;59.015546213536446;355.75445716058664;-0.18221944200496124
2829.0;0.0;-8.250636589591953e-5;0.0;0.025585459857859053;0.0;0.0;0.0;0.0;0.0;0.0;0.44761704116327106;0.0;1.2459861041747737;-1.6934099789231947;0.0;0.0;0.0;0.0;0.0;14.586163291802881;373.4472924622137;59.015546213536446;355.75445716058664;-0.18221944200496124
2830.0;0.0;-8.250636589591953e-5;0.0;0.025585459857859053;0.0;0.0;0.0;0.0;0.0;0.0;0.44761704116327106;0.0;1.2459861041747737;-1.6934099789231947;0.0;0.0;0.0;0.0;0.0;14.586163291802881;373.4472924622137;59.015546213536446;355.75445716058664;-0.18221944200496124
2831.0;0.0;-8.250636589591953e-5;0.0;0.025585459857859053;0.0;0.0;0.0;0.0;0.0;0.0;0.44761704116327106;0.0;1.2459861041747737;-1.6934099789231947;0.0;0.0;0.0;0.0;0.0;14.586163291802881;373.4472924622137;59.015546213536446;355.75445716058664;-0.18221944200496124
2832.0;0.0;-8.250636589591953e-5;0.0;0.025585459857859053;0.0;0.0;0.0;0.0;0.0;0.0;0.44761704116327106;0.0;1.2459861041747737;-1.6934099789231947;0.0;0.0;0.0;0.0;0.0;14.586163291802881;373.4472924622137;59.015546213536446;355.75445716058664;-0.18221944200496124
2833.0;0.0;-0.0007162722904013954;0.0;0.025585459857859053;0.0;0.0;0.0;0.0;0.0;0.0;1.0099112264346013;0.0;1.9242712221073515;-2.9343539335482443;0.0;0.0;0.0;0.0;0.0;14.586163291802881;373.4472924622137;59.015546213536446;355.75445716058664;-0.18221944200496124
2834.0;0.0;-0.0007162722904013954;0.0;0.025585459857859053;0.0;0.0;0.0;0.0;0.0;0.0;1.0099112264346013;0.0;1.9242712221073515;-2.9343539335482443;0.0;0.0;0.0;0.0;0.0;14.586163291802881;373.4472924622137;59.015546213536446;355.75445716058664;-0.18221944200496124
2835.0;0.0;-0.0007162722904013954;0.0;0.025585459857859053;0.0;0.0;0.0;0.0;0.0;0.0;1.0099112264346013;0.0;1.9242712221073515;-2.9343539335482443;0.0;0.0;0.0;0.0;0.0;14.586163291802881;373.4472924622137;59.015546213536446;355.75445716058664;-0.18221944200496124
2836.0;0.0;-0.0007162722904013954;0.0;0.025585459857859053;0.0;0.0;0.0;0.0;0.0;0.0;1.0099112264346013;0.0;1.9242712221073515;-2.9343539335482443;0.0;0.0;0.0;0.0;0.0;14.586163291802881;373.4472924622137;59.015546213536446;355.75445716058664;-0.18221944200496124
2837.0;0.0;-0.0007162722904013954;0.0;0.025585459857859053;0.0;0.0;0.0;0.0;0.0;0.0;1.0099112264346013;0.0;1.9242712221073515;-2.9343539335482443;0.0;0.0;0.0;0.0;0.0;14.586163291802881;373.4472924622137;59.015546213536446;355.75445716058664;-0.18221944200496124
2838.0;0.0;-0.0007162722904013954;0.0;0.025585459857859053;0.0;0.0;0.0;0.0;0.0;0.0;1.0099112264346013;0.0;1.9242712221073515;-2.9343539335482443;0.0;0.0;0.0;0.0;0.0;14.586163291802881;373.4472924622137;59.015546213536446;355.75445716058664;-0.18221944200496124
2839.0;0.0;-0.0007162722904013954;0.0;0.025585459857859053;0.0;0.0;0.0;0.0;0.0;0.0;1.0099112264346013;0.0;1.9242712221073515;-2.9343539335482443;0.0;0.0;0.0;0.0;0.0;14.586163291802881;373.4472924622137;59.015546213536446;355.75445716058664;-0.18221944200496124
2840.0;0.0;-0.0007162722904013954;0.0;0.025585459857859053;0.0;0.0;0.0;0.0;0.0;0.0;1.0099112264346013;0.0;1.9242712221073515;-2.9343539335482443;0.0;0.0;0.0;0.0;0.0;14.586163291802881;373.4472924622137;59.015546213536446;355.75445716058664;-0.18221944200496124
2841.0;0.0;-0.0007162722904013954;0.0;0.025585459857859053;0.0;0.0;0.0;0.0;0.0;0.0;1.0099112264346013;0.0;1.9242712221073515;-2.9343539335482443;0.0;0.0;0.0;0.0;0.0;14.586163291802881;373.4472924622137;59.015546213536446;355.75445716058664;-0.18221944200496124
2842.0;0.0;-0.0007162722904013954;0.0;0.025585459857859053;0.0;0.0;0.0;0.0;0.0;0.0;1.0099112264346013;0.0;1.9242712221073515;-2.9343539335482443;0.0;0.0;0.0;0.0;0.0;14.586163291802881;373.4472924622137;59.015546213536446;355.75445716058664;-0.18221944200496124
2843.0;0.0;-0.0007162722904013954;0.0;0.025585459857859053;0.0;0.0;0.0;0.0;0.0;0.0;1.0099112264346013;0.0;1.9242712221073515;-2.9343539335482443;0.0;0.0;0.0;0.0;0.0;14.586163291802881;373.4472924622137;59.015546213536446;355.75445716058664;-0.18221944200496124
2844.0;0.0;-0.0007162722904013954;0.0;0.025585459857859053;0.0;0.0;0.0;0.0;0.0;0.0;1.0099112264346013;0.0;1.9242712221073515;-2.9343539335482443;0.0;0.0;0.0;0.0;0.0;14.586163291802881;373.4472924622137;59.015546213536446;355.75445716058664;-0.18221944200496124
2845.0;0.0;-0.0007162722904013954;0.0;0.025585459857859053;0.0;0.0;0.0;0.0;0.0;0.0;1.0099112264346013;0.0;1.9242712221073515;-2.9343539335482443;0.0;0.0;0.0;0.0;0.0;14.586163291802881;373.4472924622137;59.015546213536446;355.75445716058664;-0.18221944200496124
2846.0;0.0;-0.0007162722904013954;0.0;0.025585459857859053;0.0;0.0;0.0;0.0;0.0;0.0;1.0099112264346013;0.0;1.9242712221073515;-2.9343539335482443;0.0;0.0;0.0;0.0;0.0;14.586163291802881;373.4472924622137;59.015546213536446;355.75445716058664;-0.18221944200496124
2847.0;0.0;-0.0007162722904013954;0.0;0.025585459857859053;0.0;0.0;0.0;0.0;0.0;0.0;1.0099112264346013;0.0;1.9242712221073515;-2.9343539335482443;0.0;0.0;0.0;0.0;0.0;14.586163291802881;373.4472924622137;59.015546213536446;355.75445716058664;-0.18221944200496124
2848.0;0.0;-0.0007162722904013954;0.0;0.025585459857859053;0.0;0.0;0.0;0.0;0.0;0.0;1.0099112264346013;0.0;1.9242712221073515;-2.9343539335482443;0.0;0.0;0.0;0.0;0.0;14.586163291802881;373.4472924622137;59.015546213536446;355.75445716058664;-0.18221944200496124
2849.0;0.0;-0.0007162722904013954;0.0;0.025585459857859053;0.0;0.0;0.0;0.0;0.0;0.0;1.0099112264346013;0.0;1.9242712221073515;-2.9343539335482443;0.0;0.0;0.0;0.0;0.0;14.586163291802881;373.4472924622137;59.015546213536446;355.75445716058664;-0.18221944200496124
2850.0;0.0;-0.0007162722904013954;0.0;0.025585459857859053;0.0;0.0;0.0;0.0;0.0;0.0;1.0099112264346013;0.0;1.9242712221073515;-2.9343539335482443;0.0;0.0;0.0;0.0;0.0;14.586163291802881;373.4472924622137;59.015546213536446;355.75445716058664;-0.18221944200496124
2851.0;0.0;-0.0007162722904013954;0.0;0.025585459857859053;0.0;0.0;0.0;0.0;0.0;0.0;1.0099112264346013;0.0;1.9242712221073515;-2.9343539335482443;0.0;0.0;0.0;0.0;0.0;14.586163291802881;373.4472924622137;59.015546213536446;355.75445716058664;-0.18221944200496124
2852.0;0.0;-0.0007162722904013954;0.0;0.025585459857859053;0.0;0.0;0.0;0.0;0.0;0.0;1.0099112264346013;0.0;1.9242712221073515;-2.9343539335482443;0.0;0.0;0.0;0.0;0.0;14.586163291802881;373.4472924622137;59.015546213536446;355.75445716058664;-0.18221944200496124
2853.0;0.0;-0.0007162722904013954;0.0;0.025585459857859053;0.0;0.0;0.0;0.0;0.0;0.0;1.0099112264346013;0.0;1.9242712221073515;-2.9343539335482443;0.0;0.0;0.0;0.0;0.0;14.586163291802881;373.4472924622137;59.015546213536446;355.75445716058664;-0.18221944200496124
2854.0;0.0;-0.0007162722904013954;0.0;0.025585459857859053;0.0;0.0;0.0;0.0;0.0;0.0;1.0099112264346013;0.0;1.9242712221073515;-2.9343539335482443;0.0;0.0;0.0;0.0;0.0;14.586163291802881;373.4472924622137;59.015546213536446;355.75445716058664;-0.18221944200496124
2855.0;0.0;-0.0007162722904013954;0.0;0.025585459857859053;0.0;0.0;0.0;0.0;0.0;0.0;1.0099112264346013;0.0;1.9242712221073515;-2.9343539335482443;0.0;0.0;0.0;0.0;0.0;14.586163291802881;373.4472924622137;59.015546213536446;355.75445716058664;-0.18221944200496124
2856.0;0.0;-0.0007162722904013954;0.0;0.025585459857859053;0.0;0.0;0.0;0.0;0.0;0.0;1.0099112264346013;0.0;1.9242712221073515;-2.9343539335482443;0.0;0.0;0.0;0.0;0.0;14.586163291802881;373.4472924622137;59.015546213536446;355.75445716058664;-0.18221944200496124
2857.0;0.0;-1.4541248347056115e-6;0.0;0.025585459857859053;0.0;0.0;0.0;0.0;0.0;0.0;1.0310399315158858;9.663688697980433e-5;2.7349704619132864;-3.7661079342975823;0.0;0.0;0.0;0.0;0.0;14.586163291802881;373.4472924622137;59.015546213536446;355.75445716058664;-0.18221944200496124
2858.0;0.0;-1.4541248347056115e-6;0.0;0.025585459857859053;0.0;0.0;0.0;0.0;0.0;0.0;1.0310399315158858;9.663688697980433e-5;2.7349704619132864;-3.7661079342975823;0.0;0.0;0.0;0.0;0.0;14.586163291802881;373.4472924622137;59.015546213536446;355.75445716058664;-0.18221944200496124
2859.0;0.0;-1.4541248347056115e-6;0.0;0.025585459857859053;0.0;0.0;0.0;0.0;0.0;0.0;1.0310399315158858;9.663688697980433e-5;2.7349704619132864;-3.7661079342975823;0.0;0.0;0.0;0.0;0.0;14.586163291802881;373.4472924622137;59.015546213536446;355.75445716058664;-0.18221944200496124
2860.0;0.0;-1.4541248347056115e-6;0.0;0.025585459857859053;0.0;0.0;0.0;0.0;0.0;0.0;1.0310399315158858;9.663688697980433e-5;2.7349704619132864;-3.7661079342975823;0.0;0.0;0.0;0.0;0.0;14.586163291802881;373.4472924622137;59.015546213536446;355.75445716058664;-0.18221944200496124
2861.0;0.0;-1.4541248347056115e-6;0.0;0.025585459857859053;0.0;0.0;0.0;0.0;0.0;0.0;1.0310399315158858;9.663688697980433e-5;2.7349704619132864;-3.7661079342975823;0.0;0.0;0.0;0.0;0.0;14.586163291802881;373.4472924622137;59.015546213536446;355.75445716058664;-0.18221944200496124
2862.0;0.0;-1.4541248347056115e-6;0.0;0.025585459857859053;0.0;0.0;0.0;0.0;0.0;0.0;1.0310399315158858;9.663688697980433e-5;2.7349704619132864;-3.7661079342975823;0.0;0.0;0.0;0.0;0.0;14.586163291802881;373.4472924622137;59.015546213536446;355.75445716058664;-0.18221944200496124
2863.0;0.0;-1.4541248347056115e-6;0.0;0.025585459857859053;0.0;0.0;0.0;0.0;0.0;0.0;1.0310399315158858;9.663688697980433e-5;2.7349704619132864;-3.7661079342975823;0.0;0.0;0.0;0.0;0.0;14.586163291802881;373.4472924622137;59.015546213536446;355.75445716058664;-0.18221944200496124
2864.0;0.0;-1.4541248347056115e-6;0.0;0.025585459857859053;0.0;0.0;0.0;0.0;0.0;0.0;1.0310399315158858;9.663688697980433e-5;2.7349704619132864;-3.7661079342975823;0.0;0.0;0.0;0.0;0.0;14.586163291802881;373.4472924622137;59.015546213536446;355.75445716058664;-0.18221944200496124
2865.0;0.0;-1.4541248347056115e-6;0.0;0.025585459857859053;0.0;0.0;0.0;0.0;0.0;0.0;1.0310399315158858;9.663688697980433e-5;2.7349704619132864;-3.7661079342975823;0.0;0.0;0.0;0.0;0.0;14.586163291802881;373.4472924622137;59.015546213536446;355.75445716058664;-0.18221944200496124
2866.0;0.0;-1.4541248347056115e-6;0.0;0.025585459857859053;0.0;0.0;0.0;0.0;0.0;0.0;1.0310399315158858;9.663688697980433e-5;2.7349704619132864;-3.7661079342975823;0.0;0.0;0.0;0.0;0.0;14.586163291802881;373.4472924622137;59.015546213536446;355.75445716058664;-0.18221944200496124
2867.0;0.0;-1.4541248347056115e-6;0.0;0.025585459857859053;0.0;0.0;0.0;0.0;0.0;0.0;1.0310399315158858;9.663688697980433e-5;2.7349704619132864;-3.7661079342975823;0.0;0.0;0.0;0.0;0.0;14.586163291802881;373.4472924622137;59.015546213536446;355.75445716058664;-0.18221944200496124
2868.0;0.0;-1.4541248347056115e-6;0.0;0.025585459857859053;0.0;0.0;0.0;0.0;0.0;0.0;1.0310399315158858;9.663688697980433e-5;2.7349704619132864;-3.7661079342975823;0.0;0.0;0.0;0.0;0.0;14.586163291802881;373.4472924622137;59.015546213536446;355.75445716058664;-0.18221944200496124
2869.0;0.0;-1.4541248347056115e-6;0.0;0.025585459857859053;0.0;0.0;0.0;0.0;0.0;0.0;1.0310399315158858;9.663688697980433e-5;2.7349704619132864;-3.7661079342975823;0.0;0.0;0.0;0.0;0.0;14.586163291802881;373.4472924622137;59.015546213536446;355.75445716058664;-0.18221944200496124
2870.0;0.0;-1.4541248347056115e-6;0.0;0.025585459857859053;0.0;0.0;0.0;0.0;0.0;0.0;1.0310399315158858;9.663688697980433e-5;2.7349704619132864;-3.7661079342975823;0.0;0.0;0.0;0.0;0.0;14.586163291802881;373.4472924622137;59.015546213536446;355.75445716058664;-0.18221944200496124
2871.0;0.0;-1.4541248347056115e-6;0.0;0.025585459857859053;0.0;0.0;0.0;0.0;0.0;0.0;1.0310399315158858;9.663688697980433e-5;2.7349704619132864;-3.7661079342975823;0.0;0.0;0.0;0.0;0.0;14.586163291802881;373.4472924622137;59.015546213536446;355.75445716058664;-0.18221944200496124
2872.0;0.0;-1.4541248347056115e-6;0.0;0.025585459857859053;0.0;0.0;0.0;0.0;0.0;0.0;1.0310399315158858;9.663688697980433e-5;2.7349704619132864;-3.7661079342975823;0.0;0.0;0.0;0.0;0.0;14.586163291802881;373.4472924622137;59.015546213536446;355.75445716058664;-0.18221944200496124
2873.0;0.0;-1.4541248347056115e-6;0.0;0.025585459857859053;0.0;0.0;0.0;0.0;0.0;0.0;1.0310399315158858;9.663688697980433e-5;2.7349704619132864;-3.7661079342975823;0.0;0.0;0.0;0.0;0.0;14.586163291802881;373.4472924622137;59.015546213536446;355.75445716058664;-0.18221944200496124
2874.0;0.0;-1.4541248347056115e-6;0.0;0.025585459857859053;0.0;0.0;0.0;0.0;0.0;0.0;1.0310399315158858;9.663688697980433e-5;2.7349704619132864;-3.7661079342975823;0.0;0.0;0.0;0.0;0.0;14.586163291802881;373.4472924622137;59.015546213536446;355.75445716058664;-0.18221944200496124
2875.0;0.0;-1.4541248347056115e-6;0.0;0.025585459857859053;0.0;0.0;0.0;0.0;0.0;0.0;1.0310399315158858;9.663688697980433e-5;2.7349704619132864;-3.7661079342975823;0.0;0.0;0.0;0.0;0.0;14.586163291802881;373.4472924622137;59.015546213536446;355.75445716058664;-0.18221944200496124
2876.0;0.0;-1.4541248347056115e-6;0.0;0.025585459857859053;0.0;0.0;0.0;0.0;0.0;0.0;1.0310399315158858;9.663688697980433e-5;2.7349704619132864;-3.7661079342975823;0.0;0.0;0.0;0.0;0.0;14.586163291802881;373.4472924622137;59.015546213536446;355.75445716058664;-0.18221944200496124
2877.0;0.0;-1.4541248347056115e-6;0.0;0.025585459857859053;0.0;0.0;0.0;0.0;0.0;0.0;1.0310399315158858;9.663688697980433e-5;2.7349704619132864;-3.7661079342975823;0.0;0.0;0.0;0.0;0.0;14.586163291802881;373.4472924622137;59.015546213536446;355.75445716058664;-0.18221944200496124
2878.0;0.0;-1.4541248347056115e-6;0.0;0.025585459857859053;0.0;0.0;0.0;0.0;0.0;0.0;1.0310399315158858;9.663688697980433e-5;2.7349704619132864;-3.7661079342975823;0.0;0.0;0.0;0.0;0.0;14.586163291802881;373.4472924622137;59.015546213536446;355.75445716058664;-0.18221944200496124
2879.0;0.0;-1.4541248347056115e-6;0.0;0.025585459857859053;0.0;0.0;0.0;0.0;0.0;0.0;1.0310399315158858;9.663688697980433e-5;2.7349704619132864;-3.7661079342975823;0.0;0.0;0.0;0.0;0.0;14.586163291802881;373.4472924622137;59.015546213536446;355.75445716058664;-0.18221944200496124
2880.0;0.0;-1.4541248347056115e-6;0.0;0.025585459857859053;0.0;0.0;0.0;0.0;0.0;0.0;1.0310399315158858;9.663688697980433e-5;2.7349704619132864;-3.7661079342975823;0.0;0.0;0.0;0.0;0.0;14.586163291802881;373.4472924622137;59.015546213536446;355.75445716058664;-0.18221944200496124
2881.0;0.0;-6.921556448412705e-7;0.0;0.06079604653034034;0.0;0.0;0.0;0.0;0.0;0.0;0.9043812027119157;0.00010234855874880888;3.072710834393772;-3.9771934015029617;0.0;0.0;0.0;0.0;0.0;7.283071825611347;382.9533382207136;56.49804038020887;364.8034744111462;-0.1301956991447449
2882.0;0.0;-6.921556448412705e-7;0.0;0.06079604653034034;0.0;0.0;0.0;0.0;0.0;0.0;0.9043812027119157;0.00010234855874880888;3.072710834393772;-3.9771934015029617;0.0;0.0;0.0;0.0;0.0;7.283071825611347;382.9533382207136;56.49804038020887;364.8034744111462;-0.1301956991447449
2883.0;0.0;-6.921556448412705e-7;0.0;0.06079604653034034;0.0;0.0;0.0;0.0;0.0;0.0;0.9043812027119157;0.00010234855874880888;3.072710834393772;-3.9771934015029617;0.0;0.0;0.0;0.0;0.0;7.283071825611347;382.9533382207136;56.49804038020887;364.8034744111462;-0.1301956991447449
2884.0;0.0;-6.921556448412705e-7;0.0;0.06079604653034034;0.0;0.0;0.0;0.0;0.0;0.0;0.9043812027119157;0.00010234855874880888;3.072710834393772;-3.9771934015029617;0.0;0.0;0.0;0.0;0.0;7.283071825611347;382.9533382207136;56.49804038020887;364.8034744111462;-0.1301956991447449
2885.0;0.0;-6.921556448412705e-7;0.0;0.06079604653034034;0.0;0.0;0.0;0.0;0.0;0.0;0.9043812027119157;0.00010234855874880888;3.072710834393772;-3.9771934015029617;0.0;0.0;0.0;0.0;0.0;7.283071825611347;382.9533382207136;56.49804038020887;364.8034744111462;-0.1301956991447449
2886.0;0.0;-6.921556448412705e-7;0.0;0.06079604653034034;0.0;0.0;0.0;0.0;0.0;0.0;0.9043812027119157;0.00010234855874880888;3.072710834393772;-3.9771934015029617;0.0;0.0;0.0;0.0;0.0;7.283071825611347;382.9533382207136;56.49804038020887;364.8034744111462;-0.1301956991447449
2887.0;0.0;-6.921556448412705e-7;0.0;0.06079604653034034;0.0;0.0;0.0;0.0;0.0;0.0;0.9043812027119157;0.00010234855874880888;3.072710834393772;-3.9771934015029617;0.0;0.0;0.0;0.0;0.0;7.283071825611347;382.9533382207136;56.49804038020887;364.8034744111462;-0.1301956991447449
2888.0;0.0;-6.921556448412705e-7;0.0;0.06079604653034034;0.0;0.0;0.0;0.0;0.0;0.0;0.9043812027119157;0.00010234855874880888;3.072710834393772;-3.9771934015029617;0.0;0.0;0.0;0.0;0.0;7.283071825611347;382.9533382207136;56.49804038020887;364.8034744111462;-0.1301956991447449
2889.0;0.0;-6.921556448412705e-7;0.0;0.06079604653034034;0.0;0.0;0.0;0.0;0.0;0.0;0.9043812027119157;0.00010234855874880888;3.072710834393772;-3.9771934015029617;0.0;0.0;0.0;0.0;0.0;7.283071825611347;382.9533382207136;56.49804038020887;364.8034744111462;-0.1301956991447449
2890.0;0.0;-6.921556448412705e-7;0.0;0.06079604653034034;0.0;0.0;0.0;0.0;0.0;0.0;0.9043812027119157;0.00010234855874880888;3.072710834393772;-3.9771934015029617;0.0;0.0;0.0;0.0;0.0;7.283071825611347;382.9533382207136;56.49804038020887;364.8034744111462;-0.1301956991447449
2891.0;0.0;-6.921556448412705e-7;0.0;0.06079604653034034;0.0;0.0;0.0;0.0;0.0;0.0;0.9043812027119157;0.00010234855874880888;3.072710834393772;-3.9771934015029617;0.0;0.0;0.0;0.0;0.0;7.283071825611347;382.9533382207136;56.49804038020887;364.8034744111462;-0.1301956991447449
2892.0;0.0;-6.921556448412705e-7;0.0;0.06079604653034034;0.0;0.0;0.0;0.0;0.0;0.0;0.9043812027119157;0.00010234855874880888;3.072710834393772;-3.9771934015029617;0.0;0.0;0.0;0.0;0.0;7.283071825611347;382.9533382207136;56.49804038020887;364.8034744111462;-0.1301956991447449
2893.0;0.0;-6.921556448412705e-7;0.0;0.06079604653034034;0.0;0.0;0.0;0.0;0.0;0.0;0.9043812027119157;0.00010234855874880888;3.072710834393772;-3.9771934015029617;0.0;0.0;0.0;0.0;0.0;7.283071825611347;382.9533382207136;56.49804038020887;364.8034744111462;-0.1301956991447449
2894.0;0.0;-6.921556448412705e-7;0.0;0.06079604653034034;0.0;0.0;0.0;0.0;0.0;0.0;0.9043812027119157;0.00010234855874880888;3.072710834393772;-3.9771934015029617;0.0;0.0;0.0;0.0;0.0;7.283071825611347;382.9533382207136;56.49804038020887;364.8034744111462;-0.1301956991447449
2895.0;0.0;-6.921556448412705e-7;0.0;0.06079604653034034;0.0;0.0;0.0;0.0;0.0;0.0;0.9043812027119157;0.00010234855874880888;3.072710834393772;-3.9771934015029617;0.0;0.0;0.0;0.0;0.0;7.283071825611347;382.9533382207136;56.49804038020887;364.8034744111462;-0.1301956991447449
2896.0;0.0;-6.921556448412705e-7;0.0;0.06079604653034034;0.0;0.0;0.0;0.0;0.0;0.0;0.9043812027119157;0.00010234855874880888;3.072710834393772;-3.9771934015029617;0.0;0.0;0.0;0.0;0.0;7.283071825611347;382.9533382207136;56.49804038020887;364.8034744111462;-0.1301956991447449
2897.0;0.0;-6.921556448412705e-7;0.0;0.06079604653034034;0.0;0.0;0.0;0.0;0.0;0.0;0.9043812027119157;0.00010234855874880888;3.072710834393772;-3.9771934015029617;0.0;0.0;0.0;0.0;0.0;7.283071825611347;382.9533382207136;56.49804038020887;364.8034744111462;-0.1301956991447449
2898.0;0.0;-6.921556448412705e-7;0.0;0.06079604653034034;0.0;0.0;0.0;0.0;0.0;0.0;0.9043812027119157;0.00010234855874880888;3.072710834393772;-3.9771934015029617;0.0;0.0;0.0;0.0;0.0;7.283071825611347;382.9533382207136;56.49804038020887;364.8034744111462;-0.1301956991447449
2899.0;0.0;-6.921556448412705e-7;0.0;0.06079604653034034;0.0;0.0;0.0;0.0;0.0;0.0;0.9043812027119157;0.00010234855874880888;3.072710834393772;-3.9771934015029617;0.0;0.0;0.0;0.0;0.0;7.283071825611347;382.9533382207136;56.49804038020887;364.8034744111462;-0.1301956991447449
2900.0;0.0;-6.921556448412705e-7;0.0;0.06079604653034034;0.0;0.0;0.0;0.0;0.0;0.0;0.9043812027119157;0.00010234855874880888;3.072710834393772;-3.9771934015029617;0.0;0.0;0.0;0.0;0.0;7.283071825611347;382.9533382207136;56.49804038020887;364.8034744111462;-0.1301956991447449
2901.0;0.0;-6.921556448412705e-7;0.0;0.06079604653034034;0.0;0.0;0.0;0.0;0.0;0.0;0.9043812027119157;0.00010234855874880888;3.072710834393772;-3.9771934015029617;0.0;0.0;0.0;0.0;0.0;7.283071825611347;382.9533382207136;56.49804038020887;364.8034744111462;-0.1301956991447449
2902.0;0.0;-6.921556448412705e-7;0.0;0.06079604653034034;0.0;0.0;0.0;0.0;0.0;0.0;0.9043812027119157;0.00010234855874880888;3.072710834393772;-3.9771934015029617;0.0;0.0;0.0;0.0;0.0;7.283071825611347;382.9533382207136;56.49804038020887;364.8034744111462;-0.1301956991447449
2903.0;0.0;-6.921556448412705e-7;0.0;0.06079604653034034;0.0;0.0;0.0;0.0;0.0;0.0;0.9043812027119157;0.00010234855874880888;3.072710834393772;-3.9771934015029617;0.0;0.0;0.0;0.0;0.0;7.283071825611347;382.9533382207136;56.49804038020887;364.8034744111462;-0.1301956991447449
2904.0;0.0;-6.921556448412705e-7;0.0;0.06079604653034034;0.0;0.0;0.0;0.0;0.0;0.0;0.9043812027119157;0.00010234855874880888;3.072710834393772;-3.9771934015029617;0.0;0.0;0.0;0.0;0.0;7.283071825611347;382.9533382207136;56.49804038020887;364.8034744111462;-0.1301956991447449
2905.0;0.0;-0.001029606007113478;0.0;0.06079604653034034;0.0;0.0;0.0;0.0;0.0;0.0;0.6933313987513119;0.0;1.8478657346940865;-2.542128380001674;0.0;0.0;0.0;0.0;0.0;7.283071825611347;382.9533382207136;56.49804038020887;364.8034744111462;-0.1301956991447449
2906.0;0.0;-0.001029606007113478;0.0;0.06079604653034034;0.0;0.0;0.0;0.0;0.0;0.0;0.6933313987513119;0.0;1.8478657346940865;-2.542128380001674;0.0;0.0;0.0;0.0;0.0;7.283071825611347;382.9533382207136;56.49804038020887;364.8034744111462;-0.1301956991447449
2907.0;0.0;-0.001029606007113478;0.0;0.06079604653034034;0.0;0.0;0.0;0.0;0.0;0.0;0.6933313987513119;0.0;1.8478657346940865;-2.542128380001674;0.0;0.0;0.0;0.0;0.0;7.283071825611347;382.9533382207136;56.49804038020887;364.8034744111462;-0.1301956991447449
2908.0;0.0;-0.001029606007113478;0.0;0.06079604653034034;0.0;0.0;0.0;0.0;0.0;0.0;0.6933313987513119;0.0;1.8478657346940865;-2.542128380001674;0.0;0.0;0.0;0.0;0.0;7.283071825611347;382.9533382207136;56.49804038020887;364.8034744111462;-0.1301956991447449
2909.0;0.0;-0.001029606007113478;0.0;0.06079604653034034;0.0;0.0;0.0;0.0;0.0;0.0;0.6933313987513119;0.0;1.8478657346940865;-2.542128380001674;0.0;0.0;0.0;0.0;0.0;7.283071825611347;382.9533382207136;56.49804038020887;364.8034744111462;-0.1301956991447449
2910.0;0.0;-0.001029606007113478;0.0;0.06079604653034034;0.0;0.0;0.0;0.0;0.0;0.0;0.6933313987513119;0.0;1.8478657346940865;-2.542128380001674;0.0;0.0;0.0;0.0;0.0;7.283071825611347;382.9533382207136;56.49804038020887;364.8034744111462;-0.1301956991447449
2911.0;0.0;-0.001029606007113478;0.0;0.06079604653034034;0.0;0.0;0.0;0.0;0.0;0.0;0.6933313987513119;0.0;1.8478657346940865;-2.542128380001674;0.0;0.0;0.0;0.0;0.0;7.283071825611347;382.9533382207136;56.49804038020887;364.8034744111462;-0.1301956991447449
2912.0;0.0;-0.001029606007113478;0.0;0.06079604653034034;0.0;0.0;0.0;0.0;0.0;0.0;0.6933313987513119;0.0;1.8478657346940865;-2.542128380001674;0.0;0.0;0.0;0.0;0.0;7.283071825611347;382.9533382207136;56.49804038020887;364.8034744111462;-0.1301956991447449
2913.0;0.0;-0.001029606007113478;0.0;0.06079604653034034;0.0;0.0;0.0;0.0;0.0;0.0;0.6933313987513119;0.0;1.8478657346940865;-2.542128380001674;0.0;0.0;0.0;0.0;0.0;7.283071825611347;382.9533382207136;56.49804038020887;364.8034744111462;-0.1301956991447449
2914.0;0.0;-0.001029606007113478;0.0;0.06079604653034034;0.0;0.0;0.0;0.0;0.0;0.0;0.6933313987513119;0.0;1.8478657346940865;-2.542128380001674;0.0;0.0;0.0;0.0;0.0;7.283071825611347;382.9533382207136;56.49804038020887;364.8034744111462;-0.1301956991447449
2915.0;0.0;-0.001029606007113478;0.0;0.06079604653034034;0.0;0.0;0.0;0.0;0.0;0.0;0.6933313987513119;0.0;1.8478657346940865;-2.542128380001674;0.0;0.0;0.0;0.0;0.0;7.283071825611347;382.9533382207136;56.49804038020887;364.8034744111462;-0.1301956991447449
2916.0;0.0;-0.001029606007113478;0.0;0.06079604653034034;0.0;0.0;0.0;0.0;0.0;0.0;0.6933313987513119;0.0;1.8478657346940865;-2.542128380001674;0.0;0.0;0.0;0.0;0.0;7.283071825611347;382.9533382207136;56.49804038020887;364.8034744111462;-0.1301956991447449
2917.0;0.0;-0.001029606007113478;0.0;0.06079604653034034;0.0;0.0;0.0;0.0;0.0;0.0;0.6933313987513119;0.0;1.8478657346940865;-2.542128380001674;0.0;0.0;0.0;0.0;0.0;7.283071825611347;382.9533382207136;56.49804038020887;364.8034744111462;-0.1301956991447449
2918.0;0.0;-0.001029606007113478;0.0;0.06079604653034034;0.0;0.0;0.0;0.0;0.0;0.0;0.6933313987513119;0.0;1.8478657346940865;-2.542128380001674;0.0;0.0;0.0;0.0;0.0;7.283071825611347;382.9533382207136;56.49804038020887;364.8034744111462;-0.1301956991447449
2919.0;0.0;-0.001029606007113478;0.0;0.06079604653034034;0.0;0.0;0.0;0.0;0.0;0.0;0.6933313987513119;0.0;1.8478657346940865;-2.542128380001674;0.0;0.0;0.0;0.0;0.0;7.283071825611347;382.9533382207136;56.49804038020887;364.8034744111462;-0.1301956991447449
2920.0;0.0;-0.001029606007113478;0.0;0.06079604653034034;0.0;0.0;0.0;0.0;0.0;0.0;0.6933313987513119;0.0;1.8478657346940865;-2.542128380001674;0.0;0.0;0.0;0.0;0.0;7.283071825611347;382.9533382207136;56.49804038020887;364.8034744111462;-0.1301956991447449
2921.0;0.0;-0.001029606007113478;0.0;0.06079604653034034;0.0;0.0;0.0;0.0;0.0;0.0;0.6933313987513119;0.0;1.8478657346940865;-2.542128380001674;0.0;0.0;0.0;0.0;0.0;7.283071825611347;382.9533382207136;56.49804038020887;364.8034744111462;-0.1301956991447449
2922.0;0.0;-0.001029606007113478;0.0;0.06079604653034034;0.0;0.0;0.0;0.0;0.0;0.0;0.6933313987513119;0.0;1.8478657346940865;-2.542128380001674;0.0;0.0;0.0;0.0;0.0;7.283071825611347;382.9533382207136;56.49804038020887;364.8034744111462;-0.1301956991447449
2923.0;0.0;-0.001029606007113478;0.0;0.06079604653034034;0.0;0.0;0.0;0.0;0.0;0.0;0.6933313987513119;0.0;1.8478657346940865;-2.542128380001674;0.0;0.0;0.0;0.0;0.0;7.283071825611347;382.9533382207136;56.49804038020887;364.8034744111462;-0.1301956991447449
2924.0;0.0;-0.001029606007113478;0.0;0.06079604653034034;0.0;0.0;0.0;0.0;0.0;0.0;0.6933313987513119;0.0;1.8478657346940865;-2.542128380001674;0.0;0.0;0.0;0.0;0.0;7.283071825611347;382.9533382207136;56.49804038020887;364.8034744111462;-0.1301956991447449
2925.0;0.0;-0.001029606007113478;0.0;0.06079604653034034;0.0;0.0;0.0;0.0;0.0;0.0;0.6933313987513119;0.0;1.8478657346940865;-2.542128380001674;0.0;0.0;0.0;0.0;0.0;7.283071825611347;382.9533382207136;56.49804038020887;364.8034744111462;-0.1301956991447449
2926.0;0.0;-0.001029606007113478;0.0;0.06079604653034034;0.0;0.0;0.0;0.0;0.0;0.0;0.6933313987513119;0.0;1.8478657346940865;-2.542128380001674;0.0;0.0;0.0;0.0;0.0;7.283071825611347;382.9533382207136;56.49804038020887;364.8034744111462;-0.1301956991447449
2927.0;0.0;-0.001029606007113478;0.0;0.06079604653034034;0.0;0.0;0.0;0.0;0.0;0.0;0.6933313987513119;0.0;1.8478657346940865;-2.542128380001674;0.0;0.0;0.0;0.0;0.0;7.283071825611347;382.9533382207136;56.49804038020887;364.8034744111462;-0.1301956991447449
2928.0;0.0;-0.001029606007113478;0.0;0.06079604653034034;0.0;0.0;0.0;0.0;0.0;0.0;0.6933313987513119;0.0;1.8478657346940865;-2.542128380001674;0.0;0.0;0.0;0.0;0.0;7.283071825611347;382.9533382207136;56.49804038020887;364.8034744111462;-0.1301956991447449
2929.0;0.0;-1.4768223373553113e-6;0.0;0.06079604653034034;0.0;0.0;0.0;0.0;0.0;0.0;1.2789036640773164;0.0001076712395357125;1.282889655836078;-2.561901797000339;0.0;0.0;0.0;0.0;0.0;7.283071825611347;382.9533382207136;56.49804038020887;364.8034744111462;-0.1301956991447449
2930.0;0.0;-1.4768223373553113e-6;0.0;0.06079604653034034;0.0;0.0;0.0;0.0;0.0;0.0;1.2789036640773164;0.0001076712395357125;1.282889655836078;-2.561901797000339;0.0;0.0;0.0;0.0;0.0;7.283071825611347;382.9533382207136;56.49804038020887;364.8034744111462;-0.1301956991447449
2931.0;0.0;-1.4768223373553113e-6;0.0;0.06079604653034034;0.0;0.0;0.0;0.0;0.0;0.0;1.2789036640773164;0.0001076712395357125;1.282889655836078;-2.561901797000339;0.0;0.0;0.0;0.0;0.0;7.283071825611347;382.9533382207136;56.49804038020887;364.8034744111462;-0.1301956991447449
2932.0;0.0;-1.4768223373553113e-6;0.0;0.06079604653034034;0.0;0.0;0.0;0.0;0.0;0.0;1.2789036640773164;0.0001076712395357125;1.282889655836078;-2.561901797000339;0.0;0.0;0.0;0.0;0.0;7.283071825611347;382.9533382207136;56.49804038020887;364.8034744111462;-0.1301956991447449
2933.0;0.0;-1.4768223373553113e-6;0.0;0.06079604653034034;0.0;0.0;0.0;0.0;0.0;0.0;1.2789036640773164;0.0001076712395357125;1.282889655836078;-2.561901797000339;0.0;0.0;0.0;0.0;0.0;7.283071825611347;382.9533382207136;56.49804038020887;364.8034744111462;-0.1301956991447449
2934.0;0.0;-1.4768223373553113e-6;0.0;0.06079604653034034;0.0;0.0;0.0;0.0;0.0;0.0;1.2789036640773164;0.0001076712395357125;1.282889655836078;-2.561901797000339;0.0;0.0;0.0;0.0;0.0;7.283071825611347;382.9533382207136;56.49804038020887;364.8034744111462;-0.1301956991447449
2935.0;0.0;-1.4768223373553113e-6;0.0;0.06079604653034034;0.0;0.0;0.0;0.0;0.0;0.0;1.2789036640773164;0.0001076712395357125;1.282889655836078;-2.561901797000339;0.0;0.0;0.0;0.0;0.0;7.283071825611347;382.9533382207136;56.49804038020887;364.8034744111462;-0.1301956991447449
2936.0;0.0;-1.4768223373553113e-6;0.0;0.06079604653034034;0.0;0.0;0.0;0.0;0.0;0.0;1.2789036640773164;0.0001076712395357125;1.282889655836078;-2.561901797000339;0.0;0.0;0.0;0.0;0.0;7.283071825611347;382.9533382207136;56.49804038020887;364.8034744111462;-0.1301956991447449
2937.0;0.0;-1.4768223373553113e-6;0.0;0.06079604653034034;0.0;0.0;0.0;0.0;0.0;0.0;1.2789036640773164;0.0001076712395357125;1.282889655836078;-2.561901797000339;0.0;0.0;0.0;0.0;0.0;7.283071825611347;382.9533382207136;56.49804038020887;364.8034744111462;-0.1301956991447449
2938.0;0.0;-1.4768223373553113e-6;0.0;0.06079604653034034;0.0;0.0;0.0;0.0;0.0;0.0;1.2789036640773164;0.0001076712395357125;1.282889655836078;-2.561901797000339;0.0;0.0;0.0;0.0;0.0;7.283071825611347;382.9533382207136;56.49804038020887;364.8034744111462;-0.1301956991447449
2939.0;0.0;-1.4768223373553113e-6;0.0;0.06079604653034034;0.0;0.0;0.0;0.0;0.0;0.0;1.2789036640773164;0.0001076712395357125;1.282889655836078;-2.561901797000339;0.0;0.0;0.0;0.0;0.0;7.283071825611347;382.9533382207136;56.49804038020887;364.8034744111462;-0.1301956991447449
2940.0;0.0;-1.4768223373553113e-6;0.0;0.06079604653034034;0.0;0.0;0.0;0.0;0.0;0.0;1.2789036640773164;0.0001076712395357125;1.282889655836078;-2.561901797000339;0.0;0.0;0.0;0.0;0.0;7.283071825611347;382.9533382207136;56.49804038020887;364.8034744111462;-0.1301956991447449
2941.0;0.0;-1.4768223373553113e-6;0.0;0.06079604653034034;0.0;0.0;0.0;0.0;0.0;0.0;1.2789036640773164;0.0001076712395357125;1.282889655836078;-2.561901797000339;0.0;0.0;0.0;0.0;0.0;7.283071825611347;382.9533382207136;56.49804038020887;364.8034744111462;-0.1301956991447449
2942.0;0.0;-1.4768223373553113e-6;0.0;0.06079604653034034;0.0;0.0;0.0;0.0;0.0;0.0;1.2789036640773164;0.0001076712395357125;1.282889655836078;-2.561901797000339;0.0;0.0;0.0;0.0;0.0;7.283071825611347;382.9533382207136;56.49804038020887;364.8034744111462;-0.1301956991447449
2943.0;0.0;-1.4768223373553113e-6;0.0;0.06079604653034034;0.0;0.0;0.0;0.0;0.0;0.0;1.2789036640773164;0.0001076712395357125;1.282889655836078;-2.561901797000339;0.0;0.0;0.0;0.0;0.0;7.283071825611347;382.9533382207136;56.49804038020887;364.8034744111462;-0.1301956991447449
2944.0;0.0;-1.4768223373553113e-6;0.0;0.06079604653034034;0.0;0.0;0.0;0.0;0.0;0.0;1.2789036640773164;0.0001076712395357125;1.282889655836078;-2.561901797000339;0.0;0.0;0.0;0.0;0.0;7.283071825611347;382.9533382207136;56.49804038020887;364.8034744111462;-0.1301956991447449
2945.0;0.0;-1.4768223373553113e-6;0.0;0.06079604653034034;0.0;0.0;0.0;0.0;0.0;0.0;1.2789036640773164;0.0001076712395357125;1.282889655836078;-2.561901797000339;0.0;0.0;0.0;0.0;0.0;7.283071825611347;382.9533382207136;56.49804038020887;364.8034744111462;-0.1301956991447449
2946.0;0.0;-1.4768223373553113e-6;0.0;0.06079604653034034;0.0;0.0;0.0;0.0;0.0;0.0;1.2789036640773164;0.0001076712395357125;1.282889655836078;-2.561901797000339;0.0;0.0;0.0;0.0;0.0;7.283071825611347;382.9533382207136;56.49804038020887;364.8034744111462;-0.1301956991447449
2947.0;0.0;-1.4768223373553113e-6;0.0;0.06079604653034034;0.0;0.0;0.0;0.0;0.0;0.0;1.2789036640773164;0.0001076712395357125;1.282889655836078;-2.561901797000339;0.0;0.0;0.0;0.0;0.0;7.283071825611347;382.9533382207136;56.49804038020887;364.8034744111462;-0.1301956991447449
2948.0;0.0;-1.4768223373553113e-6;0.0;0.06079604653034034;0.0;0.0;0.0;0.0;0.0;0.0;1.2789036640773164;0.0001076712395357125;1.282889655836078;-2.561901797000339;0.0;0.0;0.0;0.0;0.0;7.283071825611347;382.9533382207136;56.49804038020887;364.8034744111462;-0.1301956991447449
2949.0;0.0;-1.4768223373553113e-6;0.0;0.06079604653034034;0.0;0.0;0.0;0.0;0.0;0.0;1.2789036640773164;0.0001076712395357125;1.282889655836078;-2.561901797000339;0.0;0.0;0.0;0.0;0.0;7.283071825611347;382.9533382207136;56.49804038020887;364.8034744111462;-0.1301956991447449
2950.0;0.0;-1.4768223373553113e-6;0.0;0.06079604653034034;0.0;0.0;0.0;0.0;0.0;0.0;1.2789036640773164;0.0001076712395357125;1.282889655836078;-2.561901797000339;0.0;0.0;0.0;0.0;0.0;7.283071825611347;382.9533382207136;56.49804038020887;364.8034744111462;-0.1301956991447449
2951.0;0.0;-1.4768223373553113e-6;0.0;0.06079604653034034;0.0;0.0;0.0;0.0;0.0;0.0;1.2789036640773164;0.0001076712395357125;1.282889655836078;-2.561901797000339;0.0;0.0;0.0;0.0;0.0;7.283071825611347;382.9533382207136;56.49804038020887;364.8034744111462;-0.1301956991447449
2952.0;0.0;-1.4768223373553113e-6;0.0;0.06079604653034034;0.0;0.0;0.0;0.0;0.0;0.0;1.2789036640773164;0.0001076712395357125;1.282889655836078;-2.561901797000339;0.0;0.0;0.0;0.0;0.0;7.283071825611347;382.9533382207136;56.49804038020887;364.8034744111462;-0.1301956991447449
2953.0;0.0;-2.5045350094024854e-5;0.0;0.06079604653034034;0.0;0.0;0.0;0.0;0.0;0.0;1.9337191129661884;4.178636892895891e-5;1.3225758753725434;-3.2563363025754786;0.0;0.0;0.0;0.0;0.0;7.283071825611347;382.9533382207136;56.49804038020887;364.8034744111462;-0.1301956991447449
2954.0;0.0;-2.5045350094024854e-5;0.0;0.06079604653034034;0.0;0.0;0.0;0.0;0.0;0.0;1.9337191129661884;4.178636892895891e-5;1.3225758753725434;-3.2563363025754786;0.0;0.0;0.0;0.0;0.0;7.283071825611347;382.9533382207136;56.49804038020887;364.8034744111462;-0.1301956991447449
2955.0;0.0;-2.5045350094024854e-5;0.0;0.06079604653034034;0.0;0.0;0.0;0.0;0.0;0.0;1.9337191129661884;4.178636892895891e-5;1.3225758753725434;-3.2563363025754786;0.0;0.0;0.0;0.0;0.0;7.283071825611347;382.9533382207136;56.49804038020887;364.8034744111462;-0.1301956991447449
2956.0;0.0;-2.5045350094024854e-5;0.0;0.06079604653034034;0.0;0.0;0.0;0.0;0.0;0.0;1.9337191129661884;4.178636892895891e-5;1.3225758753725434;-3.2563363025754786;0.0;0.0;0.0;0.0;0.0;7.283071825611347;382.9533382207136;56.49804038020887;364.8034744111462;-0.1301956991447449
2957.0;0.0;-2.5045350094024854e-5;0.0;0.06079604653034034;0.0;0.0;0.0;0.0;0.0;0.0;1.9337191129661884;4.178636892895891e-5;1.3225758753725434;-3.2563363025754786;0.0;0.0;0.0;0.0;0.0;7.283071825611347;382.9533382207136;56.49804038020887;364.8034744111462;-0.1301956991447449
2958.0;0.0;-2.5045350094024854e-5;0.0;0.06079604653034034;0.0;0.0;0.0;0.0;0.0;0.0;1.9337191129661884;4.178636892895891e-5;1.3225758753725434;-3.2563363025754786;0.0;0.0;0.0;0.0;0.0;7.283071825611347;382.9533382207136;56.49804038020887;364.8034744111462;-0.1301956991447449
2959.0;0.0;-2.5045350094024854e-5;0.0;0.06079604653034034;0.0;0.0;0.0;0.0;0.0;0.0;1.9337191129661884;4.178636892895891e-5;1.3225758753725434;-3.2563363025754786;0.0;0.0;0.0;0.0;0.0;7.283071825611347;382.9533382207136;56.49804038020887;364.8034744111462;-0.1301956991447449
2960.0;0.0;-2.5045350094024854e-5;0.0;0.06079604653034034;0.0;0.0;0.0;0.0;0.0;0.0;1.9337191129661884;4.178636892895891e-5;1.3225758753725434;-3.2563363025754786;0.0;0.0;0.0;0.0;0.0;7.283071825611347;382.9533382207136;56.49804038020887;364.8034744111462;-0.1301956991447449
2961.0;0.0;-2.5045350094024854e-5;0.0;0.06079604653034034;0.0;0.0;0.0;0.0;0.0;0.0;1.9337191129661884;4.178636892895891e-5;1.3225758753725434;-3.2563363025754786;0.0;0.0;0.0;0.0;0.0;7.283071825611347;382.9533382207136;56.49804038020887;364.8034744111462;-0.1301956991447449
2962.0;0.0;-2.5045350094024854e-5;0.0;0.06079604653034034;0.0;0.0;0.0;0.0;0.0;0.0;1.9337191129661884;4.178636892895891e-5;1.3225758753725434;-3.2563363025754786;0.0;0.0;0.0;0.0;0.0;7.283071825611347;382.9533382207136;56.49804038020887;364.8034744111462;-0.1301956991447449
2963.0;0.0;-2.5045350094024854e-5;0.0;0.06079604653034034;0.0;0.0;0.0;0.0;0.0;0.0;1.9337191129661884;4.178636892895891e-5;1.3225758753725434;-3.2563363025754786;0.0;0.0;0.0;0.0;0.0;7.283071825611347;382.9533382207136;56.49804038020887;364.8034744111462;-0.1301956991447449
2964.0;0.0;-2.5045350094024854e-5;0.0;0.06079604653034034;0.0;0.0;0.0;0.0;0.0;0.0;1.9337191129661884;4.178636892895891e-5;1.3225758753725434;-3.2563363025754786;0.0;0.0;0.0;0.0;0.0;7.283071825611347;382.9533382207136;56.49804038020887;364.8034744111462;-0.1301956991447449
2965.0;0.0;-2.5045350094024854e-5;0.0;0.06079604653034034;0.0;0.0;0.0;0.0;0.0;0.0;1.9337191129661884;4.178636892895891e-5;1.3225758753725434;-3.2563363025754786;0.0;0.0;0.0;0.0;0.0;7.283071825611347;382.9533382207136;56.49804038020887;364.8034744111462;-0.1301956991447449
2966.0;0.0;-2.5045350094024854e-5;0.0;0.06079604653034034;0.0;0.0;0.0;0.0;0.0;0.0;1.9337191129661884;4.178636892895891e-5;1.3225758753725434;-3.2563363025754786;0.0;0.0;0.0;0.0;0.0;7.283071825611347;382.9533382207136;56.49804038020887;364.8034744111462;-0.1301956991447449
2967.0;0.0;-2.5045350094024854e-5;0.0;0.06079604653034034;0.0;0.0;0.0;0.0;0.0;0.0;1.9337191129661884;4.178636892895891e-5;1.3225758753725434;-3.2563363025754786;0.0;0.0;0.0;0.0;0.0;7.283071825611347;382.9533382207136;56.49804038020887;364.8034744111462;-0.1301956991447449
2968.0;0.0;-2.5045350094024854e-5;0.0;0.06079604653034034;0.0;0.0;0.0;0.0;0.0;0.0;1.9337191129661884;4.178636892895891e-5;1.3225758753725434;-3.2563363025754786;0.0;0.0;0.0;0.0;0.0;7.283071825611347;382.9533382207136;56.49804038020887;364.8034744111462;-0.1301956991447449
2969.0;0.0;-2.5045350094024854e-5;0.0;0.06079604653034034;0.0;0.0;0.0;0.0;0.0;0.0;1.9337191129661884;4.178636892895891e-5;1.3225758753725434;-3.2563363025754786;0.0;0.0;0.0;0.0;0.0;7.283071825611347;382.9533382207136;56.49804038020887;364.8034744111462;-0.1301956991447449
2970.0;0.0;-2.5045350094024854e-5;0.0;0.06079604653034034;0.0;0.0;0.0;0.0;0.0;0.0;1.9337191129661884;4.178636892895891e-5;1.3225758753725434;-3.2563363025754786;0.0;0.0;0.0;0.0;0.0;7.283071825611347;382.9533382207136;56.49804038020887;364.8034744111462;-0.1301956991447449
2971.0;0.0;-2.5045350094024854e-5;0.0;0.06079604653034034;0.0;0.0;0.0;0.0;0.0;0.0;1.9337191129661884;4.178636892895891e-5;1.3225758753725434;-3.2563363025754786;0.0;0.0;0.0;0.0;0.0;7.283071825611347;382.9533382207136;56.49804038020887;364.8034744111462;-0.1301956991447449
2972.0;0.0;-2.5045350094024854e-5;0.0;0.06079604653034034;0.0;0.0;0.0;0.0;0.0;0.0;1.9337191129661884;4.178636892895891e-5;1.3225758753725434;-3.2563363025754786;0.0;0.0;0.0;0.0;0.0;7.283071825611347;382.9533382207136;56.49804038020887;364.8034744111462;-0.1301956991447449
2973.0;0.0;-2.5045350094024854e-5;0.0;0.06079604653034034;0.0;0.0;0.0;0.0;0.0;0.0;1.9337191129661884;4.178636892895891e-5;1.3225758753725434;-3.2563363025754786;0.0;0.0;0.0;0.0;0.0;7.283071825611347;382.9533382207136;56.49804038020887;364.8034744111462;-0.1301956991447449
2974.0;0.0;-2.5045350094024854e-5;0.0;0.06079604653034034;0.0;0.0;0.0;0.0;0.0;0.0;1.9337191129661884;4.178636892895891e-5;1.3225758753725434;-3.2563363025754786;0.0;0.0;0.0;0.0;0.0;7.283071825611347;382.9533382207136;56.49804038020887;364.8034744111462;-0.1301956991447449
2975.0;0.0;-2.5045350094024854e-5;0.0;0.06079604653034034;0.0;0.0;0.0;0.0;0.0;0.0;1.9337191129661884;4.178636892895891e-5;1.3225758753725434;-3.2563363025754786;0.0;0.0;0.0;0.0;0.0;7.283071825611347;382.9533382207136;56.49804038020887;364.8034744111462;-0.1301956991447449
2976.0;0.0;-2.5045350094024854e-5;0.0;0.06079604653034034;0.0;0.0;0.0;0.0;0.0;0.0;1.9337191129661884;4.178636892895891e-5;1.3225758753725434;-3.2563363025754786;0.0;0.0;0.0;0.0;0.0;7.283071825611347;382.9533382207136;56.49804038020887;364.8034744111462;-0.1301956991447449
2977.0;0.0;1.8313750443954685e-8;0.0;0.06079604653034034;0.0;0.0;0.0;0.0;0.0;0.0;1.8740315702392736;0.00016547577651215647;1.4765541755581824;-3.3507501127282255;0.0;0.0;0.0;0.0;0.0;7.283071825611347;382.9533382207136;56.49804038020887;364.8034744111462;-0.1301956991447449
2978.0;0.0;1.8313750443954685e-8;0.0;0.06079604653034034;0.0;0.0;0.0;0.0;0.0;0.0;1.8740315702392736;0.00016547577651215647;1.4765541755581824;-3.3507501127282255;0.0;0.0;0.0;0.0;0.0;7.283071825611347;382.9533382207136;56.49804038020887;364.8034744111462;-0.1301956991447449
2979.0;0.0;1.8313750443954685e-8;0.0;0.06079604653034034;0.0;0.0;0.0;0.0;0.0;0.0;1.8740315702392736;0.00016547577651215647;1.4765541755581824;-3.3507501127282255;0.0;0.0;0.0;0.0;0.0;7.283071825611347;382.9533382207136;56.49804038020887;364.8034744111462;-0.1301956991447449
2980.0;0.0;1.8313750443954685e-8;0.0;0.06079604653034034;0.0;0.0;0.0;0.0;0.0;0.0;1.8740315702392736;0.00016547577651215647;1.4765541755581824;-3.3507501127282255;0.0;0.0;0.0;0.0;0.0;7.283071825611347;382.9533382207136;56.49804038020887;364.8034744111462;-0.1301956991447449
2981.0;0.0;1.8313750443954685e-8;0.0;0.06079604653034034;0.0;0.0;0.0;0.0;0.0;0.0;1.8740315702392736;0.00016547577651215647;1.4765541755581824;-3.3507501127282255;0.0;0.0;0.0;0.0;0.0;7.283071825611347;382.9533382207136;56.49804038020887;364.8034744111462;-0.1301956991447449
2982.0;0.0;1.8313750443954685e-8;0.0;0.06079604653034034;0.0;0.0;0.0;0.0;0.0;0.0;1.8740315702392736;0.00016547577651215647;1.4765541755581824;-3.3507501127282255;0.0;0.0;0.0;0.0;0.0;7.283071825611347;382.9533382207136;56.49804038020887;364.8034744111462;-0.1301956991447449
2983.0;0.0;1.8313750443954685e-8;0.0;0.06079604653034034;0.0;0.0;0.0;0.0;0.0;0.0;1.8740315702392736;0.00016547577651215647;1.4765541755581824;-3.3507501127282255;0.0;0.0;0.0;0.0;0.0;7.283071825611347;382.9533382207136;56.49804038020887;364.8034744111462;-0.1301956991447449
2984.0;0.0;1.8313750443954685e-8;0.0;0.06079604653034034;0.0;0.0;0.0;0.0;0.0;0.0;1.8740315702392736;0.00016547577651215647;1.4765541755581824;-3.3507501127282255;0.0;0.0;0.0;0.0;0.0;7.283071825611347;382.9533382207136;56.49804038020887;364.8034744111462;-0.1301956991447449
2985.0;0.0;1.8313750443954685e-8;0.0;0.06079604653034034;0.0;0.0;0.0;0.0;0.0;0.0;1.8740315702392736;0.00016547577651215647;1.4765541755581824;-3.3507501127282255;0.0;0.0;0.0;0.0;0.0;7.283071825611347;382.9533382207136;56.49804038020887;364.8034744111462;-0.1301956991447449
2986.0;0.0;1.8313750443954685e-8;0.0;0.06079604653034034;0.0;0.0;0.0;0.0;0.0;0.0;1.8740315702392736;0.00016547577651215647;1.4765541755581824;-3.3507501127282255;0.0;0.0;0.0;0.0;0.0;7.283071825611347;382.9533382207136;56.49804038020887;364.8034744111462;-0.1301956991447449
2987.0;0.0;1.8313750443954685e-8;0.0;0.06079604653034034;0.0;0.0;0.0;0.0;0.0;0.0;1.8740315702392736;0.00016547577651215647;1.4765541755581824;-3.3507501127282255;0.0;0.0;0.0;0.0;0.0;7.283071825611347;382.9533382207136;56.49804038020887;364.8034744111462;-0.1301956991447449
2988.0;0.0;1.8313750443954685e-8;0.0;0.06079604653034034;0.0;0.0;0.0;0.0;0.0;0.0;1.8740315702392736;0.00016547577651215647;1.4765541755581824;-3.3507501127282255;0.0;0.0;0.0;0.0;0.0;7.283071825611347;382.9533382207136;56.49804038020887;364.8034744111462;-0.1301956991447449
2989.0;0.0;1.8313750443954685e-8;0.0;0.06079604653034034;0.0;0.0;0.0;0.0;0.0;0.0;1.8740315702392736;0.00016547577651215647;1.4765541755581824;-3.3507501127282255;0.0;0.0;0.0;0.0;0.0;7.283071825611347;382.9533382207136;56.49804038020887;364.8034744111462;-0.1301956991447449
2990.0;0.0;1.8313750443954685e-8;0.0;0.06079604653034034;0.0;0.0;0.0;0.0;0.0;0.0;1.8740315702392736;0.00016547577651215647;1.4765541755581824;-3.3507501127282255;0.0;0.0;0.0;0.0;0.0;7.283071825611347;382.9533382207136;56.49804038020887;364.8034744111462;-0.1301956991447449
2991.0;0.0;1.8313750443954685e-8;0.0;0.06079604653034034;0.0;0.0;0.0;0.0;0.0;0.0;1.8740315702392736;0.00016547577651215647;1.4765541755581824;-3.3507501127282255;0.0;0.0;0.0;0.0;0.0;7.283071825611347;382.9533382207136;56.49804038020887;364.8034744111462;-0.1301956991447449
2992.0;0.0;1.8313750443954685e-8;0.0;0.06079604653034034;0.0;0.0;0.0;0.0;0.0;0.0;1.8740315702392736;0.00016547577651215647;1.4765541755581824;-3.3507501127282255;0.0;0.0;0.0;0.0;0.0;7.283071825611347;382.9533382207136;56.49804038020887;364.8034744111462;-0.1301956991447449
2993.0;0.0;1.8313750443954685e-8;0.0;0.06079604653034034;0.0;0.0;0.0;0.0;0.0;0.0;1.8740315702392736;0.00016547577651215647;1.4765541755581824;-3.3507501127282255;0.0;0.0;0.0;0.0;0.0;7.283071825611347;382.9533382207136;56.49804038020887;364.8034744111462;-0.1301956991447449
2994.0;0.0;1.8313750443954685e-8;0.0;0.06079604653034034;0.0;0.0;0.0;0.0;0.0;0.0;1.8740315702392736;0.00016547577651215647;1.4765541755581824;-3.3507501127282255;0.0;0.0;0.0;0.0;0.0;7.283071825611347;382.9533382207136;56.49804038020887;364.8034744111462;-0.1301956991447449
2995.0;0.0;1.8313750443954685e-8;0.0;0.06079604653034034;0.0;0.0;0.0;0.0;0.0;0.0;1.8740315702392736;0.00016547577651215647;1.4765541755581824;-3.3507501127282255;0.0;0.0;0.0;0.0;0.0;7.283071825611347;382.9533382207136;56.49804038020887;364.8034744111462;-0.1301956991447449
2996.0;0.0;1.8313750443954685e-8;0.0;0.06079604653034034;0.0;0.0;0.0;0.0;0.0;0.0;1.8740315702392736;0.00016547577651215647;1.4765541755581824;-3.3507501127282255;0.0;0.0;0.0;0.0;0.0;7.283071825611347;382.9533382207136;56.49804038020887;364.8034744111462;-0.1301956991447449
2997.0;0.0;1.8313750443954685e-8;0.0;0.06079604653034034;0.0;0.0;0.0;0.0;0.0;0.0;1.8740315702392736;0.00016547577651215647;1.4765541755581824;-3.3507501127282255;0.0;0.0;0.0;0.0;0.0;7.283071825611347;382.9533382207136;56.49804038020887;364.8034744111462;-0.1301956991447449
2998.0;0.0;1.8313750443954685e-8;0.0;0.06079604653034034;0.0;0.0;0.0;0.0;0.0;0.0;1.8740315702392736;0.00016547577651215647;1.4765541755581824;-3.3507501127282255;0.0;0.0;0.0;0.0;0.0;7.283071825611347;382.9533382207136;56.49804038020887;364.8034744111462;-0.1301956991447449
2999.0;0.0;1.8313750443954685e-8;0.0;0.06079604653034034;0.0;0.0;0.0;0.0;0.0;0.0;1.8740315702392736;0.00016547577651215647;1.4765541755581824;-3.3507501127282255;0.0;0.0;0.0;0.0;0.0;7.283071825611347;382.9533382207136;56.49804038020887;364.8034744111462;-0.1301956991447449
3000.0;0.0;1.8313750443954685e-8;0.0;0.06079604653034034;0.0;0.0;0.0;0.0;0.0;0.0;1.8740315702392736;0.00016547577651215647;1.4765541755581824;-3.3507501127282255;0.0;0.0;0.0;0.0;0.0;7.283071825611347;382.9533382207136;56.49804038020887;364.8034744111462;-0.1301956991447449
3001.0;0.0;-0.00013665240458879022;0.0;0.06079604653034034;0.0;0.0;0.0;0.0;0.0;0.0;1.174233331723322;0.0;0.9132588725093438;-2.0872844807770883;0.0;0.0;0.0;0.0;0.0;7.283071825611347;382.9533382207136;56.49804038020887;364.8034744111462;-0.1301956991447449
3002.0;0.0;-0.00013665240458879022;0.0;0.06079604653034034;0.0;0.0;0.0;0.0;0.0;0.0;1.174233331723322;0.0;0.9132588725093438;-2.0872844807770883;0.0;0.0;0.0;0.0;0.0;7.283071825611347;382.9533382207136;56.49804038020887;364.8034744111462;-0.1301956991447449
3003.0;0.0;-0.00013665240458879022;0.0;0.06079604653034034;0.0;0.0;0.0;0.0;0.0;0.0;1.174233331723322;0.0;0.9132588725093438;-2.0872844807770883;0.0;0.0;0.0;0.0;0.0;7.283071825611347;382.9533382207136;56.49804038020887;364.8034744111462;-0.1301956991447449
3004.0;0.0;-0.00013665240458879022;0.0;0.06079604653034034;0.0;0.0;0.0;0.0;0.0;0.0;1.174233331723322;0.0;0.9132588725093438;-2.0872844807770883;0.0;0.0;0.0;0.0;0.0;7.283071825611347;382.9533382207136;56.49804038020887;364.8034744111462;-0.1301956991447449
3005.0;0.0;-0.00013665240458879022;0.0;0.06079604653034034;0.0;0.0;0.0;0.0;0.0;0.0;1.174233331723322;0.0;0.9132588725093438;-2.0872844807770883;0.0;0.0;0.0;0.0;0.0;7.283071825611347;382.9533382207136;56.49804038020887;364.8034744111462;-0.1301956991447449
3006.0;0.0;-0.00013665240458879022;0.0;0.06079604653034034;0.0;0.0;0.0;0.0;0.0;0.0;1.174233331723322;0.0;0.9132588725093438;-2.0872844807770883;0.0;0.0;0.0;0.0;0.0;7.283071825611347;382.9533382207136;56.49804038020887;364.8034744111462;-0.1301956991447449
3007.0;0.0;-0.00013665240458879022;0.0;0.06079604653034034;0.0;0.0;0.0;0.0;0.0;0.0;1.174233331723322;0.0;0.9132588725093438;-2.0872844807770883;0.0;0.0;0.0;0.0;0.0;7.283071825611347;382.9533382207136;56.49804038020887;364.8034744111462;-0.1301956991447449
3008.0;0.0;-0.00013665240458879022;0.0;0.06079604653034034;0.0;0.0;0.0;0.0;0.0;0.0;1.174233331723322;0.0;0.9132588725093438;-2.0872844807770883;0.0;0.0;0.0;0.0;0.0;7.283071825611347;382.9533382207136;56.49804038020887;364.8034744111462;-0.1301956991447449
3009.0;0.0;-0.00013665240458879022;0.0;0.06079604653034034;0.0;0.0;0.0;0.0;0.0;0.0;1.174233331723322;0.0;0.9132588725093438;-2.0872844807770883;0.0;0.0;0.0;0.0;0.0;7.283071825611347;382.9533382207136;56.49804038020887;364.8034744111462;-0.1301956991447449
3010.0;0.0;-0.00013665240458879022;0.0;0.06079604653034034;0.0;0.0;0.0;0.0;0.0;0.0;1.174233331723322;0.0;0.9132588725093438;-2.0872844807770883;0.0;0.0;0.0;0.0;0.0;7.283071825611347;382.9533382207136;56.49804038020887;364.8034744111462;-0.1301956991447449
3011.0;0.0;-0.00013665240458879022;0.0;0.06079604653034034;0.0;0.0;0.0;0.0;0.0;0.0;1.174233331723322;0.0;0.9132588725093438;-2.0872844807770883;0.0;0.0;0.0;0.0;0.0;7.283071825611347;382.9533382207136;56.49804038020887;364.8034744111462;-0.1301956991447449
3012.0;0.0;-0.00013665240458879022;0.0;0.06079604653034034;0.0;0.0;0.0;0.0;0.0;0.0;1.174233331723322;0.0;0.9132588725093438;-2.0872844807770883;0.0;0.0;0.0;0.0;0.0;7.283071825611347;382.9533382207136;56.49804038020887;364.8034744111462;-0.1301956991447449
3013.0;0.0;-0.00013665240458879022;0.0;0.06079604653034034;0.0;0.0;0.0;0.0;0.0;0.0;1.174233331723322;0.0;0.9132588725093438;-2.0872844807770883;0.0;0.0;0.0;0.0;0.0;7.283071825611347;382.9533382207136;56.49804038020887;364.8034744111462;-0.1301956991447449
3014.0;0.0;-0.00013665240458879022;0.0;0.06079604653034034;0.0;0.0;0.0;0.0;0.0;0.0;1.174233331723322;0.0;0.9132588725093438;-2.0872844807770883;0.0;0.0;0.0;0.0;0.0;7.283071825611347;382.9533382207136;56.49804038020887;364.8034744111462;-0.1301956991447449
3015.0;0.0;-0.00013665240458879022;0.0;0.06079604653034034;0.0;0.0;0.0;0.0;0.0;0.0;1.174233331723322;0.0;0.9132588725093438;-2.0872844807770883;0.0;0.0;0.0;0.0;0.0;7.283071825611347;382.9533382207136;56.49804038020887;364.8034744111462;-0.1301956991447449
3016.0;0.0;-0.00013665240458879022;0.0;0.06079604653034034;0.0;0.0;0.0;0.0;0.0;0.0;1.174233331723322;0.0;0.9132588725093438;-2.0872844807770883;0.0;0.0;0.0;0.0;0.0;7.283071825611347;382.9533382207136;56.49804038020887;364.8034744111462;-0.1301956991447449
3017.0;0.0;-0.00013665240458879022;0.0;0.06079604653034034;0.0;0.0;0.0;0.0;0.0;0.0;1.174233331723322;0.0;0.9132588725093438;-2.0872844807770883;0.0;0.0;0.0;0.0;0.0;7.283071825611347;382.9533382207136;56.49804038020887;364.8034744111462;-0.1301956991447449
3018.0;0.0;-0.00013665240458879022;0.0;0.06079604653034034;0.0;0.0;0.0;0.0;0.0;0.0;1.174233331723322;0.0;0.9132588725093438;-2.0872844807770883;0.0;0.0;0.0;0.0;0.0;7.283071825611347;382.9533382207136;56.49804038020887;364.8034744111462;-0.1301956991447449
3019.0;0.0;-0.00013665240458879022;0.0;0.06079604653034034;0.0;0.0;0.0;0.0;0.0;0.0;1.174233331723322;0.0;0.9132588725093438;-2.0872844807770883;0.0;0.0;0.0;0.0;0.0;7.283071825611347;382.9533382207136;56.49804038020887;364.8034744111462;-0.1301956991447449
3020.0;0.0;-0.00013665240458879022;0.0;0.06079604653034034;0.0;0.0;0.0;0.0;0.0;0.0;1.174233331723322;0.0;0.9132588725093438;-2.0872844807770883;0.0;0.0;0.0;0.0;0.0;7.283071825611347;382.9533382207136;56.49804038020887;364.8034744111462;-0.1301956991447449
3021.0;0.0;-0.00013665240458879022;0.0;0.06079604653034034;0.0;0.0;0.0;0.0;0.0;0.0;1.174233331723322;0.0;0.9132588725093438;-2.0872844807770883;0.0;0.0;0.0;0.0;0.0;7.283071825611347;382.9533382207136;56.49804038020887;364.8034744111462;-0.1301956991447449
3022.0;0.0;-0.00013665240458879022;0.0;0.06079604653034034;0.0;0.0;0.0;0.0;0.0;0.0;1.174233331723322;0.0;0.9132588725093438;-2.0872844807770883;0.0;0.0;0.0;0.0;0.0;7.283071825611347;382.9533382207136;56.49804038020887;364.8034744111462;-0.1301956991447449
3023.0;0.0;-0.00013665240458879022;0.0;0.06079604653034034;0.0;0.0;0.0;0.0;0.0;0.0;1.174233331723322;0.0;0.9132588725093438;-2.0872844807770883;0.0;0.0;0.0;0.0;0.0;7.283071825611347;382.9533382207136;56.49804038020887;364.8034744111462;-0.1301956991447449
3024.0;0.0;-0.00013665240458879022;0.0;0.06079604653034034;0.0;0.0;0.0;0.0;0.0;0.0;1.174233331723322;0.0;0.9132588725093438;-2.0872844807770883;0.0;0.0;0.0;0.0;0.0;7.283071825611347;382.9533382207136;56.49804038020887;364.8034744111462;-0.1301956991447449
3025.0;0.0;-0.0001777919614444977;0.0;0.06079604653034034;0.0;0.0;0.0;0.0;0.0;0.0;1.9391710554769115;0.0;1.6555601281493157;-3.59490765302567;0.0;0.0;0.0;0.0;0.0;7.283071825611347;382.9533382207136;56.49804038020887;364.8034744111462;-0.1301956991447449
3026.0;0.0;-0.0001777919614444977;0.0;0.06079604653034034;0.0;0.0;0.0;0.0;0.0;0.0;1.9391710554769115;0.0;1.6555601281493157;-3.59490765302567;0.0;0.0;0.0;0.0;0.0;7.283071825611347;382.9533382207136;56.49804038020887;364.8034744111462;-0.1301956991447449
3027.0;0.0;-0.0001777919614444977;0.0;0.06079604653034034;0.0;0.0;0.0;0.0;0.0;0.0;1.9391710554769115;0.0;1.6555601281493157;-3.59490765302567;0.0;0.0;0.0;0.0;0.0;7.283071825611347;382.9533382207136;56.49804038020887;364.8034744111462;-0.1301956991447449
3028.0;0.0;-0.0001777919614444977;0.0;0.06079604653034034;0.0;0.0;0.0;0.0;0.0;0.0;1.9391710554769115;0.0;1.6555601281493157;-3.59490765302567;0.0;0.0;0.0;0.0;0.0;7.283071825611347;382.9533382207136;56.49804038020887;364.8034744111462;-0.1301956991447449
3029.0;0.0;-0.0001777919614444977;0.0;0.06079604653034034;0.0;0.0;0.0;0.0;0.0;0.0;1.9391710554769115;0.0;1.6555601281493157;-3.59490765302567;0.0;0.0;0.0;0.0;0.0;7.283071825611347;382.9533382207136;56.49804038020887;364.8034744111462;-0.1301956991447449
3030.0;0.0;-0.0001777919614444977;0.0;0.06079604653034034;0.0;0.0;0.0;0.0;0.0;0.0;1.9391710554769115;0.0;1.6555601281493157;-3.59490765302567;0.0;0.0;0.0;0.0;0.0;7.283071825611347;382.9533382207136;56.49804038020887;364.8034744111462;-0.1301956991447449
3031.0;0.0;-0.0001777919614444977;0.0;0.06079604653034034;0.0;0.0;0.0;0.0;0.0;0.0;1.9391710554769115;0.0;1.6555601281493157;-3.59490765302567;0.0;0.0;0.0;0.0;0.0;7.283071825611347;382.9533382207136;56.49804038020887;364.8034744111462;-0.1301956991447449
3032.0;0.0;-0.0001777919614444977;0.0;0.06079604653034034;0.0;0.0;0.0;0.0;0.0;0.0;1.9391710554769115;0.0;1.6555601281493157;-3.59490765302567;0.0;0.0;0.0;0.0;0.0;7.283071825611347;382.9533382207136;56.49804038020887;364.8034744111462;-0.1301956991447449
3033.0;0.0;-0.0001777919614444977;0.0;0.06079604653034034;0.0;0.0;0.0;0.0;0.0;0.0;1.9391710554769115;0.0;1.6555601281493157;-3.59490765302567;0.0;0.0;0.0;0.0;0.0;7.283071825611347;382.9533382207136;56.49804038020887;364.8034744111462;-0.1301956991447449
3034.0;0.0;-0.0001777919614444977;0.0;0.06079604653034034;0.0;0.0;0.0;0.0;0.0;0.0;1.9391710554769115;0.0;1.6555601281493157;-3.59490765302567;0.0;0.0;0.0;0.0;0.0;7.283071825611347;382.9533382207136;56.49804038020887;364.8034744111462;-0.1301956991447449
3035.0;0.0;-0.0001777919614444977;0.0;0.06079604653034034;0.0;0.0;0.0;0.0;0.0;0.0;1.9391710554769115;0.0;1.6555601281493157;-3.59490765302567;0.0;0.0;0.0;0.0;0.0;7.283071825611347;382.9533382207136;56.49804038020887;364.8034744111462;-0.1301956991447449
3036.0;0.0;-0.0001777919614444977;0.0;0.06079604653034034;0.0;0.0;0.0;0.0;0.0;0.0;1.9391710554769115;0.0;1.6555601281493157;-3.59490765302567;0.0;0.0;0.0;0.0;0.0;7.283071825611347;382.9533382207136;56.49804038020887;364.8034744111462;-0.1301956991447449
3037.0;0.0;-0.0001777919614444977;0.0;0.06079604653034034;0.0;0.0;0.0;0.0;0.0;0.0;1.9391710554769115;0.0;1.6555601281493157;-3.59490765302567;0.0;0.0;0.0;0.0;0.0;7.283071825611347;382.9533382207136;56.49804038020887;364.8034744111462;-0.1301956991447449
3038.0;0.0;-0.0001777919614444977;0.0;0.06079604653034034;0.0;0.0;0.0;0.0;0.0;0.0;1.9391710554769115;0.0;1.6555601281493157;-3.59490765302567;0.0;0.0;0.0;0.0;0.0;7.283071825611347;382.9533382207136;56.49804038020887;364.8034744111462;-0.1301956991447449
3039.0;0.0;-0.0001777919614444977;0.0;0.06079604653034034;0.0;0.0;0.0;0.0;0.0;0.0;1.9391710554769115;0.0;1.6555601281493157;-3.59490765302567;0.0;0.0;0.0;0.0;0.0;7.283071825611347;382.9533382207136;56.49804038020887;364.8034744111462;-0.1301956991447449
3040.0;0.0;-0.0001777919614444977;0.0;0.06079604653034034;0.0;0.0;0.0;0.0;0.0;0.0;1.9391710554769115;0.0;1.6555601281493157;-3.59490765302567;0.0;0.0;0.0;0.0;0.0;7.283071825611347;382.9533382207136;56.49804038020887;364.8034744111462;-0.1301956991447449
3041.0;0.0;-0.0001777919614444977;0.0;0.06079604653034034;0.0;0.0;0.0;0.0;0.0;0.0;1.9391710554769115;0.0;1.6555601281493157;-3.59490765302567;0.0;0.0;0.0;0.0;0.0;7.283071825611347;382.9533382207136;56.49804038020887;364.8034744111462;-0.1301956991447449
3042.0;0.0;-0.0001777919614444977;0.0;0.06079604653034034;0.0;0.0;0.0;0.0;0.0;0.0;1.9391710554769115;0.0;1.6555601281493157;-3.59490765302567;0.0;0.0;0.0;0.0;0.0;7.283071825611347;382.9533382207136;56.49804038020887;364.8034744111462;-0.1301956991447449
3043.0;0.0;-0.0001777919614444977;0.0;0.06079604653034034;0.0;0.0;0.0;0.0;0.0;0.0;1.9391710554769115;0.0;1.6555601281493157;-3.59490765302567;0.0;0.0;0.0;0.0;0.0;7.283071825611347;382.9533382207136;56.49804038020887;364.8034744111462;-0.1301956991447449
3044.0;0.0;-0.0001777919614444977;0.0;0.06079604653034034;0.0;0.0;0.0;0.0;0.0;0.0;1.9391710554769115;0.0;1.6555601281493157;-3.59490765302567;0.0;0.0;0.0;0.0;0.0;7.283071825611347;382.9533382207136;56.49804038020887;364.8034744111462;-0.1301956991447449
3045.0;0.0;-0.0001777919614444977;0.0;0.06079604653034034;0.0;0.0;0.0;0.0;0.0;0.0;1.9391710554769115;0.0;1.6555601281493157;-3.59490765302567;0.0;0.0;0.0;0.0;0.0;7.283071825611347;382.9533382207136;56.49804038020887;364.8034744111462;-0.1301956991447449
3046.0;0.0;-0.0001777919614444977;0.0;0.06079604653034034;0.0;0.0;0.0;0.0;0.0;0.0;1.9391710554769115;0.0;1.6555601281493157;-3.59490765302567;0.0;0.0;0.0;0.0;0.0;7.283071825611347;382.9533382207136;56.49804038020887;364.8034744111462;-0.1301956991447449
3047.0;0.0;-0.0001777919614444977;0.0;0.06079604653034034;0.0;0.0;0.0;0.0;0.0;0.0;1.9391710554769115;0.0;1.6555601281493157;-3.59490765302567;0.0;0.0;0.0;0.0;0.0;7.283071825611347;382.9533382207136;56.49804038020887;364.8034744111462;-0.1301956991447449
3048.0;0.0;-0.0001777919614444977;0.0;0.06079604653034034;0.0;0.0;0.0;0.0;0.0;0.0;1.9391710554769115;0.0;1.6555601281493157;-3.59490765302567;0.0;0.0;0.0;0.0;0.0;7.283071825611347;382.9533382207136;56.49804038020887;364.8034744111462;-0.1301956991447449
3049.0;0.0;-9.480370540886469e-7;0.0;0.06079604653034034;0.0;0.0;0.0;0.0;0.0;0.0;1.1878691595997464;0.0001062189739555804;2.7893598896050618;-3.977334427046099;0.0;0.0;0.0;0.0;0.0;7.283071825611347;382.9533382207136;56.49804038020887;364.8034744111462;-0.1301956991447449
3050.0;0.0;-9.480370540886469e-7;0.0;0.06079604653034034;0.0;0.0;0.0;0.0;0.0;0.0;1.1878691595997464;0.0001062189739555804;2.7893598896050618;-3.977334427046099;0.0;0.0;0.0;0.0;0.0;7.283071825611347;382.9533382207136;56.49804038020887;364.8034744111462;-0.1301956991447449
3051.0;0.0;-9.480370540886469e-7;0.0;0.06079604653034034;0.0;0.0;0.0;0.0;0.0;0.0;1.1878691595997464;0.0001062189739555804;2.7893598896050618;-3.977334427046099;0.0;0.0;0.0;0.0;0.0;7.283071825611347;382.9533382207136;56.49804038020887;364.8034744111462;-0.1301956991447449
3052.0;0.0;-9.480370540886469e-7;0.0;0.06079604653034034;0.0;0.0;0.0;0.0;0.0;0.0;1.1878691595997464;0.0001062189739555804;2.7893598896050618;-3.977334427046099;0.0;0.0;0.0;0.0;0.0;7.283071825611347;382.9533382207136;56.49804038020887;364.8034744111462;-0.1301956991447449
3053.0;0.0;-9.480370540886469e-7;0.0;0.06079604653034034;0.0;0.0;0.0;0.0;0.0;0.0;1.1878691595997464;0.0001062189739555804;2.7893598896050618;-3.977334427046099;0.0;0.0;0.0;0.0;0.0;7.283071825611347;382.9533382207136;56.49804038020887;364.8034744111462;-0.1301956991447449
3054.0;0.0;-9.480370540886469e-7;0.0;0.06079604653034034;0.0;0.0;0.0;0.0;0.0;0.0;1.1878691595997464;0.0001062189739555804;2.7893598896050618;-3.977334427046099;0.0;0.0;0.0;0.0;0.0;7.283071825611347;382.9533382207136;56.49804038020887;364.8034744111462;-0.1301956991447449
3055.0;0.0;-9.480370540886469e-7;0.0;0.06079604653034034;0.0;0.0;0.0;0.0;0.0;0.0;1.1878691595997464;0.0001062189739555804;2.7893598896050618;-3.977334427046099;0.0;0.0;0.0;0.0;0.0;7.283071825611347;382.9533382207136;56.49804038020887;364.8034744111462;-0.1301956991447449
3056.0;0.0;-9.480370540886469e-7;0.0;0.06079604653034034;0.0;0.0;0.0;0.0;0.0;0.0;1.1878691595997464;0.0001062189739555804;2.7893598896050618;-3.977334427046099;0.0;0.0;0.0;0.0;0.0;7.283071825611347;382.9533382207136;56.49804038020887;364.8034744111462;-0.1301956991447449
3057.0;0.0;-9.480370540886469e-7;0.0;0.06079604653034034;0.0;0.0;0.0;0.0;0.0;0.0;1.1878691595997464;0.0001062189739555804;2.7893598896050618;-3.977334427046099;0.0;0.0;0.0;0.0;0.0;7.283071825611347;382.9533382207136;56.49804038020887;364.8034744111462;-0.1301956991447449
3058.0;0.0;-9.480370540886469e-7;0.0;0.06079604653034034;0.0;0.0;0.0;0.0;0.0;0.0;1.1878691595997464;0.0001062189739555804;2.7893598896050618;-3.977334427046099;0.0;0.0;0.0;0.0;0.0;7.283071825611347;382.9533382207136;56.49804038020887;364.8034744111462;-0.1301956991447449
3059.0;0.0;-9.480370540886469e-7;0.0;0.06079604653034034;0.0;0.0;0.0;0.0;0.0;0.0;1.1878691595997464;0.0001062189739555804;2.7893598896050618;-3.977334427046099;0.0;0.0;0.0;0.0;0.0;7.283071825611347;382.9533382207136;56.49804038020887;364.8034744111462;-0.1301956991447449
3060.0;0.0;-9.480370540886469e-7;0.0;0.06079604653034034;0.0;0.0;0.0;0.0;0.0;0.0;1.1878691595997464;0.0001062189739555804;2.7893598896050618;-3.977334427046099;0.0;0.0;0.0;0.0;0.0;7.283071825611347;382.9533382207136;56.49804038020887;364.8034744111462;-0.1301956991447449
3061.0;0.0;-9.480370540886469e-7;0.0;0.06079604653034034;0.0;0.0;0.0;0.0;0.0;0.0;1.1878691595997464;0.0001062189739555804;2.7893598896050618;-3.977334427046099;0.0;0.0;0.0;0.0;0.0;7.283071825611347;382.9533382207136;56.49804038020887;364.8034744111462;-0.1301956991447449
3062.0;0.0;-9.480370540886469e-7;0.0;0.06079604653034034;0.0;0.0;0.0;0.0;0.0;0.0;1.1878691595997464;0.0001062189739555804;2.7893598896050618;-3.977334427046099;0.0;0.0;0.0;0.0;0.0;7.283071825611347;382.9533382207136;56.49804038020887;364.8034744111462;-0.1301956991447449
3063.0;0.0;-9.480370540886469e-7;0.0;0.06079604653034034;0.0;0.0;0.0;0.0;0.0;0.0;1.1878691595997464;0.0001062189739555804;2.7893598896050618;-3.977334427046099;0.0;0.0;0.0;0.0;0.0;7.283071825611347;382.9533382207136;56.49804038020887;364.8034744111462;-0.1301956991447449
3064.0;0.0;-9.480370540886469e-7;0.0;0.06079604653034034;0.0;0.0;0.0;0.0;0.0;0.0;1.1878691595997464;0.0001062189739555804;2.7893598896050618;-3.977334427046099;0.0;0.0;0.0;0.0;0.0;7.283071825611347;382.9533382207136;56.49804038020887;364.8034744111462;-0.1301956991447449
3065.0;0.0;-9.480370540886469e-7;0.0;0.06079604653034034;0.0;0.0;0.0;0.0;0.0;0.0;1.1878691595997464;0.0001062189739555804;2.7893598896050618;-3.977334427046099;0.0;0.0;0.0;0.0;0.0;7.283071825611347;382.9533382207136;56.49804038020887;364.8034744111462;-0.1301956991447449
3066.0;0.0;-9.480370540886469e-7;0.0;0.06079604653034034;0.0;0.0;0.0;0.0;0.0;0.0;1.1878691595997464;0.0001062189739555804;2.7893598896050618;-3.977334427046099;0.0;0.0;0.0;0.0;0.0;7.283071825611347;382.9533382207136;56.49804038020887;364.8034744111462;-0.1301956991447449
3067.0;0.0;-9.480370540886469e-7;0.0;0.06079604653034034;0.0;0.0;0.0;0.0;0.0;0.0;1.1878691595997464;0.0001062189739555804;2.7893598896050618;-3.977334427046099;0.0;0.0;0.0;0.0;0.0;7.283071825611347;382.9533382207136;56.49804038020887;364.8034744111462;-0.1301956991447449
3068.0;0.0;-9.480370540886469e-7;0.0;0.06079604653034034;0.0;0.0;0.0;0.0;0.0;0.0;1.1878691595997464;0.0001062189739555804;2.7893598896050618;-3.977334427046099;0.0;0.0;0.0;0.0;0.0;7.283071825611347;382.9533382207136;56.49804038020887;364.8034744111462;-0.1301956991447449
3069.0;0.0;-9.480370540886469e-7;0.0;0.06079604653034034;0.0;0.0;0.0;0.0;0.0;0.0;1.1878691595997464;0.0001062189739555804;2.7893598896050618;-3.977334427046099;0.0;0.0;0.0;0.0;0.0;7.283071825611347;382.9533382207136;56.49804038020887;364.8034744111462;-0.1301956991447449
3070.0;0.0;-9.480370540886469e-7;0.0;0.06079604653034034;0.0;0.0;0.0;0.0;0.0;0.0;1.1878691595997464;0.0001062189739555804;2.7893598896050618;-3.977334427046099;0.0;0.0;0.0;0.0;0.0;7.283071825611347;382.9533382207136;56.49804038020887;364.8034744111462;-0.1301956991447449
3071.0;0.0;-9.480370540886469e-7;0.0;0.06079604653034034;0.0;0.0;0.0;0.0;0.0;0.0;1.1878691595997464;0.0001062189739555804;2.7893598896050618;-3.977334427046099;0.0;0.0;0.0;0.0;0.0;7.283071825611347;382.9533382207136;56.49804038020887;364.8034744111462;-0.1301956991447449
3072.0;0.0;-9.480370540886469e-7;0.0;0.06079604653034034;0.0;0.0;0.0;0.0;0.0;0.0;1.1878691595997464;0.0001062189739555804;2.7893598896050618;-3.977334427046099;0.0;0.0;0.0;0.0;0.0;7.283071825611347;382.9533382207136;56.49804038020887;364.8034744111462;-0.1301956991447449
3073.0;0.0;-1.2940847402160973e-6;0.0;0.08090393960285011;0.0;0.0;0.0;0.0;0.0;0.0002476456005035343;1.0680877412268195;0.00011986995164428395;3.114491666708116;-4.18294610769822;0.0;0.0;0.0;0.0;0.0;21.98852476911887;404.2564929654912;53.92426037301918;340.0899852039138;-0.10302237538762708
3074.0;0.0;-1.2940847402160973e-6;0.0;0.08090393960285011;0.0;0.0;0.0;0.0;0.0;0.0002476456005035343;1.0680877412268195;0.00011986995164428395;3.114491666708116;-4.18294610769822;0.0;0.0;0.0;0.0;0.0;21.98852476911887;404.2564929654912;53.92426037301918;340.0899852039138;-0.10302237538762708
3075.0;0.0;-1.2940847402160973e-6;0.0;0.08090393960285011;0.0;0.0;0.0;0.0;0.0;0.0002476456005035343;1.0680877412268195;0.00011986995164428395;3.114491666708116;-4.18294610769822;0.0;0.0;0.0;0.0;0.0;21.98852476911887;404.2564929654912;53.92426037301918;340.0899852039138;-0.10302237538762708
3076.0;0.0;-1.2940847402160973e-6;0.0;0.08090393960285011;0.0;0.0;0.0;0.0;0.0;0.0002476456005035343;1.0680877412268195;0.00011986995164428395;3.114491666708116;-4.18294610769822;0.0;0.0;0.0;0.0;0.0;21.98852476911887;404.2564929654912;53.92426037301918;340.0899852039138;-0.10302237538762708
3077.0;0.0;-1.2940847402160973e-6;0.0;0.08090393960285011;0.0;0.0;0.0;0.0;0.0;0.0002476456005035343;1.0680877412268195;0.00011986995164428395;3.114491666708116;-4.18294610769822;0.0;0.0;0.0;0.0;0.0;21.98852476911887;404.2564929654912;53.92426037301918;340.0899852039138;-0.10302237538762708
3078.0;0.0;-1.2940847402160973e-6;0.0;0.08090393960285011;0.0;0.0;0.0;0.0;0.0;0.0002476456005035343;1.0680877412268195;0.00011986995164428395;3.114491666708116;-4.18294610769822;0.0;0.0;0.0;0.0;0.0;21.98852476911887;404.2564929654912;53.92426037301918;340.0899852039138;-0.10302237538762708
3079.0;0.0;-1.2940847402160973e-6;0.0;0.08090393960285011;0.0;0.0;0.0;0.0;0.0;0.0002476456005035343;1.0680877412268195;0.00011986995164428395;3.114491666708116;-4.18294610769822;0.0;0.0;0.0;0.0;0.0;21.98852476911887;404.2564929654912;53.92426037301918;340.0899852039138;-0.10302237538762708
3080.0;0.0;-1.2940847402160973e-6;0.0;0.08090393960285011;0.0;0.0;0.0;0.0;0.0;0.0002476456005035343;1.0680877412268195;0.00011986995164428395;3.114491666708116;-4.18294610769822;0.0;0.0;0.0;0.0;0.0;21.98852476911887;404.2564929654912;53.92426037301918;340.0899852039138;-0.10302237538762708
3081.0;0.0;-1.2940847402160973e-6;0.0;0.08090393960285011;0.0;0.0;0.0;0.0;0.0;0.0002476456005035343;1.0680877412268195;0.00011986995164428395;3.114491666708116;-4.18294610769822;0.0;0.0;0.0;0.0;0.0;21.98852476911887;404.2564929654912;53.92426037301918;340.0899852039138;-0.10302237538762708
3082.0;0.0;-1.2940847402160973e-6;0.0;0.08090393960285011;0.0;0.0;0.0;0.0;0.0;0.0002476456005035343;1.0680877412268195;0.00011986995164428395;3.114491666708116;-4.18294610769822;0.0;0.0;0.0;0.0;0.0;21.98852476911887;404.2564929654912;53.92426037301918;340.0899852039138;-0.10302237538762708
3083.0;0.0;-1.2940847402160973e-6;0.0;0.08090393960285011;0.0;0.0;0.0;0.0;0.0;0.0002476456005035343;1.0680877412268195;0.00011986995164428395;3.114491666708116;-4.18294610769822;0.0;0.0;0.0;0.0;0.0;21.98852476911887;404.2564929654912;53.92426037301918;340.0899852039138;-0.10302237538762708
3084.0;0.0;-1.2940847402160973e-6;0.0;0.08090393960285011;0.0;0.0;0.0;0.0;0.0;0.0002476456005035343;1.0680877412268195;0.00011986995164428395;3.114491666708116;-4.18294610769822;0.0;0.0;0.0;0.0;0.0;21.98852476911887;404.2564929654912;53.92426037301918;340.0899852039138;-0.10302237538762708
3085.0;0.0;-1.2940847402160973e-6;0.0;0.08090393960285011;0.0;0.0;0.0;0.0;0.0;0.0002476456005035343;1.0680877412268195;0.00011986995164428395;3.114491666708116;-4.18294610769822;0.0;0.0;0.0;0.0;0.0;21.98852476911887;404.2564929654912;53.92426037301918;340.0899852039138;-0.10302237538762708
3086.0;0.0;-1.2940847402160973e-6;0.0;0.08090393960285011;0.0;0.0;0.0;0.0;0.0;0.0002476456005035343;1.0680877412268195;0.00011986995164428395;3.114491666708116;-4.18294610769822;0.0;0.0;0.0;0.0;0.0;21.98852476911887;404.2564929654912;53.92426037301918;340.0899852039138;-0.10302237538762708
3087.0;0.0;-1.2940847402160973e-6;0.0;0.08090393960285011;0.0;0.0;0.0;0.0;0.0;0.0002476456005035343;1.0680877412268195;0.00011986995164428395;3.114491666708116;-4.18294610769822;0.0;0.0;0.0;0.0;0.0;21.98852476911887;404.2564929654912;53.92426037301918;340.0899852039138;-0.10302237538762708
3088.0;0.0;-1.2940847402160973e-6;0.0;0.08090393960285011;0.0;0.0;0.0;0.0;0.0;0.0002476456005035343;1.0680877412268195;0.00011986995164428395;3.114491666708116;-4.18294610769822;0.0;0.0;0.0;0.0;0.0;21.98852476911887;404.2564929654912;53.92426037301918;340.0899852039138;-0.10302237538762708
3089.0;0.0;-1.2940847402160973e-6;0.0;0.08090393960285011;0.0;0.0;0.0;0.0;0.0;0.0002476456005035343;1.0680877412268195;0.00011986995164428395;3.114491666708116;-4.18294610769822;0.0;0.0;0.0;0.0;0.0;21.98852476911887;404.2564929654912;53.92426037301918;340.0899852039138;-0.10302237538762708
3090.0;0.0;-1.2940847402160973e-6;0.0;0.08090393960285011;0.0;0.0;0.0;0.0;0.0;0.0002476456005035343;1.0680877412268195;0.00011986995164428395;3.114491666708116;-4.18294610769822;0.0;0.0;0.0;0.0;0.0;21.98852476911887;404.2564929654912;53.92426037301918;340.0899852039138;-0.10302237538762708
3091.0;0.0;-1.2940847402160973e-6;0.0;0.08090393960285011;0.0;0.0;0.0;0.0;0.0;0.0002476456005035343;1.0680877412268195;0.00011986995164428395;3.114491666708116;-4.18294610769822;0.0;0.0;0.0;0.0;0.0;21.98852476911887;404.2564929654912;53.92426037301918;340.0899852039138;-0.10302237538762708
3092.0;0.0;-1.2940847402160973e-6;0.0;0.08090393960285011;0.0;0.0;0.0;0.0;0.0;0.0002476456005035343;1.0680877412268195;0.00011986995164428395;3.114491666708116;-4.18294610769822;0.0;0.0;0.0;0.0;0.0;21.98852476911887;404.2564929654912;53.92426037301918;340.0899852039138;-0.10302237538762708
3093.0;0.0;-1.2940847402160973e-6;0.0;0.08090393960285011;0.0;0.0;0.0;0.0;0.0;0.0002476456005035343;1.0680877412268195;0.00011986995164428395;3.114491666708116;-4.18294610769822;0.0;0.0;0.0;0.0;0.0;21.98852476911887;404.2564929654912;53.92426037301918;340.0899852039138;-0.10302237538762708
3094.0;0.0;-1.2940847402160973e-6;0.0;0.08090393960285011;0.0;0.0;0.0;0.0;0.0;0.0002476456005035343;1.0680877412268195;0.00011986995164428395;3.114491666708116;-4.18294610769822;0.0;0.0;0.0;0.0;0.0;21.98852476911887;404.2564929654912;53.92426037301918;340.0899852039138;-0.10302237538762708
3095.0;0.0;-1.2940847402160973e-6;0.0;0.08090393960285011;0.0;0.0;0.0;0.0;0.0;0.0002476456005035343;1.0680877412268195;0.00011986995164428395;3.114491666708116;-4.18294610769822;0.0;0.0;0.0;0.0;0.0;21.98852476911887;404.2564929654912;53.92426037301918;340.0899852039138;-0.10302237538762708
3096.0;0.0;-1.2940847402160973e-6;0.0;0.08090393960285011;0.0;0.0;0.0;0.0;0.0;0.0002476456005035343;1.0680877412268195;0.00011986995164428395;3.114491666708116;-4.18294610769822;0.0;0.0;0.0;0.0;0.0;21.98852476911887;404.2564929654912;53.92426037301918;340.0899852039138;-0.10302237538762708
3097.0;0.0;-0.0006513521629354893;0.0;0.08090393960285011;0.0;0.0;0.0;0.0;0.0;0.0;0.6245911585413993;0.0;1.8368556308909965;-2.4617726357786918;0.0;0.0;0.0;0.0;0.0;21.98852476911887;404.2564929654912;53.92426037301918;340.0899852039138;-0.10302237538762708
3098.0;0.0;-0.0006513521629354893;0.0;0.08090393960285011;0.0;0.0;0.0;0.0;0.0;0.0;0.6245911585413993;0.0;1.8368556308909965;-2.4617726357786918;0.0;0.0;0.0;0.0;0.0;21.98852476911887;404.2564929654912;53.92426037301918;340.0899852039138;-0.10302237538762708
3099.0;0.0;-0.0006513521629354893;0.0;0.08090393960285011;0.0;0.0;0.0;0.0;0.0;0.0;0.6245911585413993;0.0;1.8368556308909965;-2.4617726357786918;0.0;0.0;0.0;0.0;0.0;21.98852476911887;404.2564929654912;53.92426037301918;340.0899852039138;-0.10302237538762708
3100.0;0.0;-0.0006513521629354893;0.0;0.08090393960285011;0.0;0.0;0.0;0.0;0.0;0.0;0.6245911585413993;0.0;1.8368556308909965;-2.4617726357786918;0.0;0.0;0.0;0.0;0.0;21.98852476911887;404.2564929654912;53.92426037301918;340.0899852039138;-0.10302237538762708
3101.0;0.0;-0.0006513521629354893;0.0;0.08090393960285011;0.0;0.0;0.0;0.0;0.0;0.0;0.6245911585413993;0.0;1.8368556308909965;-2.4617726357786918;0.0;0.0;0.0;0.0;0.0;21.98852476911887;404.2564929654912;53.92426037301918;340.0899852039138;-0.10302237538762708
3102.0;0.0;-0.0006513521629354893;0.0;0.08090393960285011;0.0;0.0;0.0;0.0;0.0;0.0;0.6245911585413993;0.0;1.8368556308909965;-2.4617726357786918;0.0;0.0;0.0;0.0;0.0;21.98852476911887;404.2564929654912;53.92426037301918;340.0899852039138;-0.10302237538762708
3103.0;0.0;-0.0006513521629354893;0.0;0.08090393960285011;0.0;0.0;0.0;0.0;0.0;0.0;0.6245911585413993;0.0;1.8368556308909965;-2.4617726357786918;0.0;0.0;0.0;0.0;0.0;21.98852476911887;404.2564929654912;53.92426037301918;340.0899852039138;-0.10302237538762708
3104.0;0.0;-0.0006513521629354893;0.0;0.08090393960285011;0.0;0.0;0.0;0.0;0.0;0.0;0.6245911585413993;0.0;1.8368556308909965;-2.4617726357786918;0.0;0.0;0.0;0.0;0.0;21.98852476911887;404.2564929654912;53.92426037301918;340.0899852039138;-0.10302237538762708
3105.0;0.0;-0.0006513521629354893;0.0;0.08090393960285011;0.0;0.0;0.0;0.0;0.0;0.0;0.6245911585413993;0.0;1.8368556308909965;-2.4617726357786918;0.0;0.0;0.0;0.0;0.0;21.98852476911887;404.2564929654912;53.92426037301918;340.0899852039138;-0.10302237538762708
3106.0;0.0;-0.0006513521629354893;0.0;0.08090393960285011;0.0;0.0;0.0;0.0;0.0;0.0;0.6245911585413993;0.0;1.8368556308909965;-2.4617726357786918;0.0;0.0;0.0;0.0;0.0;21.98852476911887;404.2564929654912;53.92426037301918;340.0899852039138;-0.10302237538762708
3107.0;0.0;-0.0006513521629354893;0.0;0.08090393960285011;0.0;0.0;0.0;0.0;0.0;0.0;0.6245911585413993;0.0;1.8368556308909965;-2.4617726357786918;0.0;0.0;0.0;0.0;0.0;21.98852476911887;404.2564929654912;53.92426037301918;340.0899852039138;-0.10302237538762708
3108.0;0.0;-0.0006513521629354893;0.0;0.08090393960285011;0.0;0.0;0.0;0.0;0.0;0.0;0.6245911585413993;0.0;1.8368556308909965;-2.4617726357786918;0.0;0.0;0.0;0.0;0.0;21.98852476911887;404.2564929654912;53.92426037301918;340.0899852039138;-0.10302237538762708
3109.0;0.0;-0.0006513521629354893;0.0;0.08090393960285011;0.0;0.0;0.0;0.0;0.0;0.0;0.6245911585413993;0.0;1.8368556308909965;-2.4617726357786918;0.0;0.0;0.0;0.0;0.0;21.98852476911887;404.2564929654912;53.92426037301918;340.0899852039138;-0.10302237538762708
3110.0;0.0;-0.0006513521629354893;0.0;0.08090393960285011;0.0;0.0;0.0;0.0;0.0;0.0;0.6245911585413993;0.0;1.8368556308909965;-2.4617726357786918;0.0;0.0;0.0;0.0;0.0;21.98852476911887;404.2564929654912;53.92426037301918;340.0899852039138;-0.10302237538762708
3111.0;0.0;-0.0006513521629354893;0.0;0.08090393960285011;0.0;0.0;0.0;0.0;0.0;0.0;0.6245911585413993;0.0;1.8368556308909965;-2.4617726357786918;0.0;0.0;0.0;0.0;0.0;21.98852476911887;404.2564929654912;53.92426037301918;340.0899852039138;-0.10302237538762708
3112.0;0.0;-0.0006513521629354893;0.0;0.08090393960285011;0.0;0.0;0.0;0.0;0.0;0.0;0.6245911585413993;0.0;1.8368556308909965;-2.4617726357786918;0.0;0.0;0.0;0.0;0.0;21.98852476911887;404.2564929654912;53.92426037301918;340.0899852039138;-0.10302237538762708
3113.0;0.0;-0.0006513521629354893;0.0;0.08090393960285011;0.0;0.0;0.0;0.0;0.0;0.0;0.6245911585413993;0.0;1.8368556308909965;-2.4617726357786918;0.0;0.0;0.0;0.0;0.0;21.98852476911887;404.2564929654912;53.92426037301918;340.0899852039138;-0.10302237538762708
3114.0;0.0;-0.0006513521629354893;0.0;0.08090393960285011;0.0;0.0;0.0;0.0;0.0;0.0;0.6245911585413993;0.0;1.8368556308909965;-2.4617726357786918;0.0;0.0;0.0;0.0;0.0;21.98852476911887;404.2564929654912;53.92426037301918;340.0899852039138;-0.10302237538762708
3115.0;0.0;-0.0006513521629354893;0.0;0.08090393960285011;0.0;0.0;0.0;0.0;0.0;0.0;0.6245911585413993;0.0;1.8368556308909965;-2.4617726357786918;0.0;0.0;0.0;0.0;0.0;21.98852476911887;404.2564929654912;53.92426037301918;340.0899852039138;-0.10302237538762708
3116.0;0.0;-0.0006513521629354893;0.0;0.08090393960285011;0.0;0.0;0.0;0.0;0.0;0.0;0.6245911585413993;0.0;1.8368556308909965;-2.4617726357786918;0.0;0.0;0.0;0.0;0.0;21.98852476911887;404.2564929654912;53.92426037301918;340.0899852039138;-0.10302237538762708
3117.0;0.0;-0.0006513521629354893;0.0;0.08090393960285011;0.0;0.0;0.0;0.0;0.0;0.0;0.6245911585413993;0.0;1.8368556308909965;-2.4617726357786918;0.0;0.0;0.0;0.0;0.0;21.98852476911887;404.2564929654912;53.92426037301918;340.0899852039138;-0.10302237538762708
3118.0;0.0;-0.0006513521629354893;0.0;0.08090393960285011;0.0;0.0;0.0;0.0;0.0;0.0;0.6245911585413993;0.0;1.8368556308909965;-2.4617726357786918;0.0;0.0;0.0;0.0;0.0;21.98852476911887;404.2564929654912;53.92426037301918;340.0899852039138;-0.10302237538762708
3119.0;0.0;-0.0006513521629354893;0.0;0.08090393960285011;0.0;0.0;0.0;0.0;0.0;0.0;0.6245911585413993;0.0;1.8368556308909965;-2.4617726357786918;0.0;0.0;0.0;0.0;0.0;21.98852476911887;404.2564929654912;53.92426037301918;340.0899852039138;-0.10302237538762708
3120.0;0.0;-0.0006513521629354893;0.0;0.08090393960285011;0.0;0.0;0.0;0.0;0.0;0.0;0.6245911585413993;0.0;1.8368556308909965;-2.4617726357786918;0.0;0.0;0.0;0.0;0.0;21.98852476911887;404.2564929654912;53.92426037301918;340.0899852039138;-0.10302237538762708
3121.0;0.0;-0.0007275951620239955;0.0;0.08090393960285011;0.0;0.0;0.0;0.0;0.0;0.0;2.0216709847631265;0.0;0.8567897633143357;-2.8787262898331525;0.0;0.0;0.0;0.0;0.0;21.98852476911887;404.2564929654912;53.92426037301918;340.0899852039138;-0.10302237538762708
3122.0;0.0;-0.0007275951620239955;0.0;0.08090393960285011;0.0;0.0;0.0;0.0;0.0;0.0;2.0216709847631265;0.0;0.8567897633143357;-2.8787262898331525;0.0;0.0;0.0;0.0;0.0;21.98852476911887;404.2564929654912;53.92426037301918;340.0899852039138;-0.10302237538762708
3123.0;0.0;-0.0007275951620239955;0.0;0.08090393960285011;0.0;0.0;0.0;0.0;0.0;0.0;2.0216709847631265;0.0;0.8567897633143357;-2.8787262898331525;0.0;0.0;0.0;0.0;0.0;21.98852476911887;404.2564929654912;53.92426037301918;340.0899852039138;-0.10302237538762708
3124.0;0.0;-0.0007275951620239955;0.0;0.08090393960285011;0.0;0.0;0.0;0.0;0.0;0.0;2.0216709847631265;0.0;0.8567897633143357;-2.8787262898331525;0.0;0.0;0.0;0.0;0.0;21.98852476911887;404.2564929654912;53.92426037301918;340.0899852039138;-0.10302237538762708
3125.0;0.0;-0.0007275951620239955;0.0;0.08090393960285011;0.0;0.0;0.0;0.0;0.0;0.0;2.0216709847631265;0.0;0.8567897633143357;-2.8787262898331525;0.0;0.0;0.0;0.0;0.0;21.98852476911887;404.2564929654912;53.92426037301918;340.0899852039138;-0.10302237538762708
3126.0;0.0;-0.0007275951620239955;0.0;0.08090393960285011;0.0;0.0;0.0;0.0;0.0;0.0;2.0216709847631265;0.0;0.8567897633143357;-2.8787262898331525;0.0;0.0;0.0;0.0;0.0;21.98852476911887;404.2564929654912;53.92426037301918;340.0899852039138;-0.10302237538762708
3127.0;0.0;-0.0007275951620239955;0.0;0.08090393960285011;0.0;0.0;0.0;0.0;0.0;0.0;2.0216709847631265;0.0;0.8567897633143357;-2.8787262898331525;0.0;0.0;0.0;0.0;0.0;21.98852476911887;404.2564929654912;53.92426037301918;340.0899852039138;-0.10302237538762708
3128.0;0.0;-0.0007275951620239955;0.0;0.08090393960285011;0.0;0.0;0.0;0.0;0.0;0.0;2.0216709847631265;0.0;0.8567897633143357;-2.8787262898331525;0.0;0.0;0.0;0.0;0.0;21.98852476911887;404.2564929654912;53.92426037301918;340.0899852039138;-0.10302237538762708
3129.0;0.0;-0.0007275951620239955;0.0;0.08090393960285011;0.0;0.0;0.0;0.0;0.0;0.0;2.0216709847631265;0.0;0.8567897633143357;-2.8787262898331525;0.0;0.0;0.0;0.0;0.0;21.98852476911887;404.2564929654912;53.92426037301918;340.0899852039138;-0.10302237538762708
3130.0;0.0;-0.0007275951620239955;0.0;0.08090393960285011;0.0;0.0;0.0;0.0;0.0;0.0;2.0216709847631265;0.0;0.8567897633143357;-2.8787262898331525;0.0;0.0;0.0;0.0;0.0;21.98852476911887;404.2564929654912;53.92426037301918;340.0899852039138;-0.10302237538762708
3131.0;0.0;-0.0007275951620239955;0.0;0.08090393960285011;0.0;0.0;0.0;0.0;0.0;0.0;2.0216709847631265;0.0;0.8567897633143357;-2.8787262898331525;0.0;0.0;0.0;0.0;0.0;21.98852476911887;404.2564929654912;53.92426037301918;340.0899852039138;-0.10302237538762708
3132.0;0.0;-0.0007275951620239955;0.0;0.08090393960285011;0.0;0.0;0.0;0.0;0.0;0.0;2.0216709847631265;0.0;0.8567897633143357;-2.8787262898331525;0.0;0.0;0.0;0.0;0.0;21.98852476911887;404.2564929654912;53.92426037301918;340.0899852039138;-0.10302237538762708
3133.0;0.0;-0.0007275951620239955;0.0;0.08090393960285011;0.0;0.0;0.0;0.0;0.0;0.0;2.0216709847631265;0.0;0.8567897633143357;-2.8787262898331525;0.0;0.0;0.0;0.0;0.0;21.98852476911887;404.2564929654912;53.92426037301918;340.0899852039138;-0.10302237538762708
3134.0;0.0;-0.0007275951620239955;0.0;0.08090393960285011;0.0;0.0;0.0;0.0;0.0;0.0;2.0216709847631265;0.0;0.8567897633143357;-2.8787262898331525;0.0;0.0;0.0;0.0;0.0;21.98852476911887;404.2564929654912;53.92426037301918;340.0899852039138;-0.10302237538762708
3135.0;0.0;-0.0007275951620239955;0.0;0.08090393960285011;0.0;0.0;0.0;0.0;0.0;0.0;2.0216709847631265;0.0;0.8567897633143357;-2.8787262898331525;0.0;0.0;0.0;0.0;0.0;21.98852476911887;404.2564929654912;53.92426037301918;340.0899852039138;-0.10302237538762708
3136.0;0.0;-0.0007275951620239955;0.0;0.08090393960285011;0.0;0.0;0.0;0.0;0.0;0.0;2.0216709847631265;0.0;0.8567897633143357;-2.8787262898331525;0.0;0.0;0.0;0.0;0.0;21.98852476911887;404.2564929654912;53.92426037301918;340.0899852039138;-0.10302237538762708
3137.0;0.0;-0.0007275951620239955;0.0;0.08090393960285011;0.0;0.0;0.0;0.0;0.0;0.0;2.0216709847631265;0.0;0.8567897633143357;-2.8787262898331525;0.0;0.0;0.0;0.0;0.0;21.98852476911887;404.2564929654912;53.92426037301918;340.0899852039138;-0.10302237538762708
3138.0;0.0;-0.0007275951620239955;0.0;0.08090393960285011;0.0;0.0;0.0;0.0;0.0;0.0;2.0216709847631265;0.0;0.8567897633143357;-2.8787262898331525;0.0;0.0;0.0;0.0;0.0;21.98852476911887;404.2564929654912;53.92426037301918;340.0899852039138;-0.10302237538762708
3139.0;0.0;-0.0007275951620239955;0.0;0.08090393960285011;0.0;0.0;0.0;0.0;0.0;0.0;2.0216709847631265;0.0;0.8567897633143357;-2.8787262898331525;0.0;0.0;0.0;0.0;0.0;21.98852476911887;404.2564929654912;53.92426037301918;340.0899852039138;-0.10302237538762708
3140.0;0.0;-0.0007275951620239955;0.0;0.08090393960285011;0.0;0.0;0.0;0.0;0.0;0.0;2.0216709847631265;0.0;0.8567897633143357;-2.8787262898331525;0.0;0.0;0.0;0.0;0.0;21.98852476911887;404.2564929654912;53.92426037301918;340.0899852039138;-0.10302237538762708
3141.0;0.0;-0.0007275951620239955;0.0;0.08090393960285011;0.0;0.0;0.0;0.0;0.0;0.0;2.0216709847631265;0.0;0.8567897633143357;-2.8787262898331525;0.0;0.0;0.0;0.0;0.0;21.98852476911887;404.2564929654912;53.92426037301918;340.0899852039138;-0.10302237538762708
3142.0;0.0;-0.0007275951620239955;0.0;0.08090393960285011;0.0;0.0;0.0;0.0;0.0;0.0;2.0216709847631265;0.0;0.8567897633143357;-2.8787262898331525;0.0;0.0;0.0;0.0;0.0;21.98852476911887;404.2564929654912;53.92426037301918;340.0899852039138;-0.10302237538762708
3143.0;0.0;-0.0007275951620239955;0.0;0.08090393960285011;0.0;0.0;0.0;0.0;0.0;0.0;2.0216709847631265;0.0;0.8567897633143357;-2.8787262898331525;0.0;0.0;0.0;0.0;0.0;21.98852476911887;404.2564929654912;53.92426037301918;340.0899852039138;-0.10302237538762708
3144.0;0.0;-0.0007275951620239955;0.0;0.08090393960285011;0.0;0.0;0.0;0.0;0.0;0.0;2.0216709847631265;0.0;0.8567897633143357;-2.8787262898331525;0.0;0.0;0.0;0.0;0.0;21.98852476911887;404.2564929654912;53.92426037301918;340.0899852039138;-0.10302237538762708
3145.0;0.0;-2.0791835818895416e-5;0.0;0.08090393960285011;0.0;0.0;0.0;0.0;0.0;0.00025796017534576943;2.648515350870159;0.0002011926827806791;0.8710875336374216;-3.5201172893538963;0.0;0.0;0.0;0.0;0.0;21.98852476911887;404.2564929654912;53.92426037301918;340.0899852039138;-0.10302237538762708
3146.0;0.0;-2.0791835818895416e-5;0.0;0.08090393960285011;0.0;0.0;0.0;0.0;0.0;0.00025796017534576943;2.648515350870159;0.0002011926827806791;0.8710875336374216;-3.5201172893538963;0.0;0.0;0.0;0.0;0.0;21.98852476911887;404.2564929654912;53.92426037301918;340.0899852039138;-0.10302237538762708
3147.0;0.0;-2.0791835818895416e-5;0.0;0.08090393960285011;0.0;0.0;0.0;0.0;0.0;0.00025796017534576943;2.648515350870159;0.0002011926827806791;0.8710875336374216;-3.5201172893538963;0.0;0.0;0.0;0.0;0.0;21.98852476911887;404.2564929654912;53.92426037301918;340.0899852039138;-0.10302237538762708
3148.0;0.0;-2.0791835818895416e-5;0.0;0.08090393960285011;0.0;0.0;0.0;0.0;0.0;0.00025796017534576943;2.648515350870159;0.0002011926827806791;0.8710875336374216;-3.5201172893538963;0.0;0.0;0.0;0.0;0.0;21.98852476911887;404.2564929654912;53.92426037301918;340.0899852039138;-0.10302237538762708
3149.0;0.0;-2.0791835818895416e-5;0.0;0.08090393960285011;0.0;0.0;0.0;0.0;0.0;0.00025796017534576943;2.648515350870159;0.0002011926827806791;0.8710875336374216;-3.5201172893538963;0.0;0.0;0.0;0.0;0.0;21.98852476911887;404.2564929654912;53.92426037301918;340.0899852039138;-0.10302237538762708
3150.0;0.0;-2.0791835818895416e-5;0.0;0.08090393960285011;0.0;0.0;0.0;0.0;0.0;0.00025796017534576943;2.648515350870159;0.0002011926827806791;0.8710875336374216;-3.5201172893538963;0.0;0.0;0.0;0.0;0.0;21.98852476911887;404.2564929654912;53.92426037301918;340.0899852039138;-0.10302237538762708
3151.0;0.0;-2.0791835818895416e-5;0.0;0.08090393960285011;0.0;0.0;0.0;0.0;0.0;0.00025796017534576943;2.648515350870159;0.0002011926827806791;0.8710875336374216;-3.5201172893538963;0.0;0.0;0.0;0.0;0.0;21.98852476911887;404.2564929654912;53.92426037301918;340.0899852039138;-0.10302237538762708
3152.0;0.0;-2.0791835818895416e-5;0.0;0.08090393960285011;0.0;0.0;0.0;0.0;0.0;0.00025796017534576943;2.648515350870159;0.0002011926827806791;0.8710875336374216;-3.5201172893538963;0.0;0.0;0.0;0.0;0.0;21.98852476911887;404.2564929654912;53.92426037301918;340.0899852039138;-0.10302237538762708
3153.0;0.0;-2.0791835818895416e-5;0.0;0.08090393960285011;0.0;0.0;0.0;0.0;0.0;0.00025796017534576943;2.648515350870159;0.0002011926827806791;0.8710875336374216;-3.5201172893538963;0.0;0.0;0.0;0.0;0.0;21.98852476911887;404.2564929654912;53.92426037301918;340.0899852039138;-0.10302237538762708
3154.0;0.0;-2.0791835818895416e-5;0.0;0.08090393960285011;0.0;0.0;0.0;0.0;0.0;0.00025796017534576943;2.648515350870159;0.0002011926827806791;0.8710875336374216;-3.5201172893538963;0.0;0.0;0.0;0.0;0.0;21.98852476911887;404.2564929654912;53.92426037301918;340.0899852039138;-0.10302237538762708
3155.0;0.0;-2.0791835818895416e-5;0.0;0.08090393960285011;0.0;0.0;0.0;0.0;0.0;0.00025796017534576943;2.648515350870159;0.0002011926827806791;0.8710875336374216;-3.5201172893538963;0.0;0.0;0.0;0.0;0.0;21.98852476911887;404.2564929654912;53.92426037301918;340.0899852039138;-0.10302237538762708
3156.0;0.0;-2.0791835818895416e-5;0.0;0.08090393960285011;0.0;0.0;0.0;0.0;0.0;0.00025796017534576943;2.648515350870159;0.0002011926827806791;0.8710875336374216;-3.5201172893538963;0.0;0.0;0.0;0.0;0.0;21.98852476911887;404.2564929654912;53.92426037301918;340.0899852039138;-0.10302237538762708
3157.0;0.0;-2.0791835818895416e-5;0.0;0.08090393960285011;0.0;0.0;0.0;0.0;0.0;0.00025796017534576943;2.648515350870159;0.0002011926827806791;0.8710875336374216;-3.5201172893538963;0.0;0.0;0.0;0.0;0.0;21.98852476911887;404.2564929654912;53.92426037301918;340.0899852039138;-0.10302237538762708
3158.0;0.0;-2.0791835818895416e-5;0.0;0.08090393960285011;0.0;0.0;0.0;0.0;0.0;0.00025796017534576943;2.648515350870159;0.0002011926827806791;0.8710875336374216;-3.5201172893538963;0.0;0.0;0.0;0.0;0.0;21.98852476911887;404.2564929654912;53.92426037301918;340.0899852039138;-0.10302237538762708
3159.0;0.0;-2.0791835818895416e-5;0.0;0.08090393960285011;0.0;0.0;0.0;0.0;0.0;0.00025796017534576943;2.648515350870159;0.0002011926827806791;0.8710875336374216;-3.5201172893538963;0.0;0.0;0.0;0.0;0.0;21.98852476911887;404.2564929654912;53.92426037301918;340.0899852039138;-0.10302237538762708
3160.0;0.0;-2.0791835818895416e-5;0.0;0.08090393960285011;0.0;0.0;0.0;0.0;0.0;0.00025796017534576943;2.648515350870159;0.0002011926827806791;0.8710875336374216;-3.5201172893538963;0.0;0.0;0.0;0.0;0.0;21.98852476911887;404.2564929654912;53.92426037301918;340.0899852039138;-0.10302237538762708
3161.0;0.0;-2.0791835818895416e-5;0.0;0.08090393960285011;0.0;0.0;0.0;0.0;0.0;0.00025796017534576943;2.648515350870159;0.0002011926827806791;0.8710875336374216;-3.5201172893538963;0.0;0.0;0.0;0.0;0.0;21.98852476911887;404.2564929654912;53.92426037301918;340.0899852039138;-0.10302237538762708
3162.0;0.0;-2.0791835818895416e-5;0.0;0.08090393960285011;0.0;0.0;0.0;0.0;0.0;0.00025796017534576943;2.648515350870159;0.0002011926827806791;0.8710875336374216;-3.5201172893538963;0.0;0.0;0.0;0.0;0.0;21.98852476911887;404.2564929654912;53.92426037301918;340.0899852039138;-0.10302237538762708
3163.0;0.0;-2.0791835818895416e-5;0.0;0.08090393960285011;0.0;0.0;0.0;0.0;0.0;0.00025796017534576943;2.648515350870159;0.0002011926827806791;0.8710875336374216;-3.5201172893538963;0.0;0.0;0.0;0.0;0.0;21.98852476911887;404.2564929654912;53.92426037301918;340.0899852039138;-0.10302237538762708
3164.0;0.0;-2.0791835818895416e-5;0.0;0.08090393960285011;0.0;0.0;0.0;0.0;0.0;0.00025796017534576943;2.648515350870159;0.0002011926827806791;0.8710875336374216;-3.5201172893538963;0.0;0.0;0.0;0.0;0.0;21.98852476911887;404.2564929654912;53.92426037301918;340.0899852039138;-0.10302237538762708
3165.0;0.0;-2.0791835818895416e-5;0.0;0.08090393960285011;0.0;0.0;0.0;0.0;0.0;0.00025796017534576943;2.648515350870159;0.0002011926827806791;0.8710875336374216;-3.5201172893538963;0.0;0.0;0.0;0.0;0.0;21.98852476911887;404.2564929654912;53.92426037301918;340.0899852039138;-0.10302237538762708
3166.0;0.0;-2.0791835818895416e-5;0.0;0.08090393960285011;0.0;0.0;0.0;0.0;0.0;0.00025796017534576943;2.648515350870159;0.0002011926827806791;0.8710875336374216;-3.5201172893538963;0.0;0.0;0.0;0.0;0.0;21.98852476911887;404.2564929654912;53.92426037301918;340.0899852039138;-0.10302237538762708
3167.0;0.0;-2.0791835818895416e-5;0.0;0.08090393960285011;0.0;0.0;0.0;0.0;0.0;0.00025796017534576943;2.648515350870159;0.0002011926827806791;0.8710875336374216;-3.5201172893538963;0.0;0.0;0.0;0.0;0.0;21.98852476911887;404.2564929654912;53.92426037301918;340.0899852039138;-0.10302237538762708
3168.0;0.0;-2.0791835818895416e-5;0.0;0.08090393960285011;0.0;0.0;0.0;0.0;0.0;0.00025796017534576943;2.648515350870159;0.0002011926827806791;0.8710875336374216;-3.5201172893538963;0.0;0.0;0.0;0.0;0.0;21.98852476911887;404.2564929654912;53.92426037301918;340.0899852039138;-0.10302237538762708
3169.0;0.0;-0.0008030546291946971;0.0;0.08090393960285011;0.0;0.0;0.0;0.0;0.0;0.0;2.6606110915781898;0.0;1.0915631893649946;-3.75247056193644;0.0;0.0;0.0;0.0;0.0;21.98852476911887;404.2564929654912;53.92426037301918;340.0899852039138;-0.10302237538762708
3170.0;0.0;-0.0008030546291946971;0.0;0.08090393960285011;0.0;0.0;0.0;0.0;0.0;0.0;2.6606110915781898;0.0;1.0915631893649946;-3.75247056193644;0.0;0.0;0.0;0.0;0.0;21.98852476911887;404.2564929654912;53.92426037301918;340.0899852039138;-0.10302237538762708
3171.0;0.0;-0.0008030546291946971;0.0;0.08090393960285011;0.0;0.0;0.0;0.0;0.0;0.0;2.6606110915781898;0.0;1.0915631893649946;-3.75247056193644;0.0;0.0;0.0;0.0;0.0;21.98852476911887;404.2564929654912;53.92426037301918;340.0899852039138;-0.10302237538762708
3172.0;0.0;-0.0008030546291946971;0.0;0.08090393960285011;0.0;0.0;0.0;0.0;0.0;0.0;2.6606110915781898;0.0;1.0915631893649946;-3.75247056193644;0.0;0.0;0.0;0.0;0.0;21.98852476911887;404.2564929654912;53.92426037301918;340.0899852039138;-0.10302237538762708
3173.0;0.0;-0.0008030546291946971;0.0;0.08090393960285011;0.0;0.0;0.0;0.0;0.0;0.0;2.6606110915781898;0.0;1.0915631893649946;-3.75247056193644;0.0;0.0;0.0;0.0;0.0;21.98852476911887;404.2564929654912;53.92426037301918;340.0899852039138;-0.10302237538762708
3174.0;0.0;-0.0008030546291946971;0.0;0.08090393960285011;0.0;0.0;0.0;0.0;0.0;0.0;2.6606110915781898;0.0;1.0915631893649946;-3.75247056193644;0.0;0.0;0.0;0.0;0.0;21.98852476911887;404.2564929654912;53.92426037301918;340.0899852039138;-0.10302237538762708
3175.0;0.0;-0.0008030546291946971;0.0;0.08090393960285011;0.0;0.0;0.0;0.0;0.0;0.0;2.6606110915781898;0.0;1.0915631893649946;-3.75247056193644;0.0;0.0;0.0;0.0;0.0;21.98852476911887;404.2564929654912;53.92426037301918;340.0899852039138;-0.10302237538762708
3176.0;0.0;-0.0008030546291946971;0.0;0.08090393960285011;0.0;0.0;0.0;0.0;0.0;0.0;2.6606110915781898;0.0;1.0915631893649946;-3.75247056193644;0.0;0.0;0.0;0.0;0.0;21.98852476911887;404.2564929654912;53.92426037301918;340.0899852039138;-0.10302237538762708
3177.0;0.0;-0.0008030546291946971;0.0;0.08090393960285011;0.0;0.0;0.0;0.0;0.0;0.0;2.6606110915781898;0.0;1.0915631893649946;-3.75247056193644;0.0;0.0;0.0;0.0;0.0;21.98852476911887;404.2564929654912;53.92426037301918;340.0899852039138;-0.10302237538762708
3178.0;0.0;-0.0008030546291946971;0.0;0.08090393960285011;0.0;0.0;0.0;0.0;0.0;0.0;2.6606110915781898;0.0;1.0915631893649946;-3.75247056193644;0.0;0.0;0.0;0.0;0.0;21.98852476911887;404.2564929654912;53.92426037301918;340.0899852039138;-0.10302237538762708
3179.0;0.0;-0.0008030546291946971;0.0;0.08090393960285011;0.0;0.0;0.0;0.0;0.0;0.0;2.6606110915781898;0.0;1.0915631893649946;-3.75247056193644;0.0;0.0;0.0;0.0;0.0;21.98852476911887;404.2564929654912;53.92426037301918;340.0899852039138;-0.10302237538762708
3180.0;0.0;-0.0008030546291946971;0.0;0.08090393960285011;0.0;0.0;0.0;0.0;0.0;0.0;2.6606110915781898;0.0;1.0915631893649946;-3.75247056193644;0.0;0.0;0.0;0.0;0.0;21.98852476911887;404.2564929654912;53.92426037301918;340.0899852039138;-0.10302237538762708
3181.0;0.0;-0.0008030546291946971;0.0;0.08090393960285011;0.0;0.0;0.0;0.0;0.0;0.0;2.6606110915781898;0.0;1.0915631893649946;-3.75247056193644;0.0;0.0;0.0;0.0;0.0;21.98852476911887;404.2564929654912;53.92426037301918;340.0899852039138;-0.10302237538762708
3182.0;0.0;-0.0008030546291946971;0.0;0.08090393960285011;0.0;0.0;0.0;0.0;0.0;0.0;2.6606110915781898;0.0;1.0915631893649946;-3.75247056193644;0.0;0.0;0.0;0.0;0.0;21.98852476911887;404.2564929654912;53.92426037301918;340.0899852039138;-0.10302237538762708
3183.0;0.0;-0.0008030546291946971;0.0;0.08090393960285011;0.0;0.0;0.0;0.0;0.0;0.0;2.6606110915781898;0.0;1.0915631893649946;-3.75247056193644;0.0;0.0;0.0;0.0;0.0;21.98852476911887;404.2564929654912;53.92426037301918;340.0899852039138;-0.10302237538762708
3184.0;0.0;-0.0008030546291946971;0.0;0.08090393960285011;0.0;0.0;0.0;0.0;0.0;0.0;2.6606110915781898;0.0;1.0915631893649946;-3.75247056193644;0.0;0.0;0.0;0.0;0.0;21.98852476911887;404.2564929654912;53.92426037301918;340.0899852039138;-0.10302237538762708
3185.0;0.0;-0.0008030546291946971;0.0;0.08090393960285011;0.0;0.0;0.0;0.0;0.0;0.0;2.6606110915781898;0.0;1.0915631893649946;-3.75247056193644;0.0;0.0;0.0;0.0;0.0;21.98852476911887;404.2564929654912;53.92426037301918;340.0899852039138;-0.10302237538762708
3186.0;0.0;-0.0008030546291946971;0.0;0.08090393960285011;0.0;0.0;0.0;0.0;0.0;0.0;2.6606110915781898;0.0;1.0915631893649946;-3.75247056193644;0.0;0.0;0.0;0.0;0.0;21.98852476911887;404.2564929654912;53.92426037301918;340.0899852039138;-0.10302237538762708
3187.0;0.0;-0.0008030546291946971;0.0;0.08090393960285011;0.0;0.0;0.0;0.0;0.0;0.0;2.6606110915781898;0.0;1.0915631893649946;-3.75247056193644;0.0;0.0;0.0;0.0;0.0;21.98852476911887;404.2564929654912;53.92426037301918;340.0899852039138;-0.10302237538762708
3188.0;0.0;-0.0008030546291946971;0.0;0.08090393960285011;0.0;0.0;0.0;0.0;0.0;0.0;2.6606110915781898;0.0;1.0915631893649946;-3.75247056193644;0.0;0.0;0.0;0.0;0.0;21.98852476911887;404.2564929654912;53.92426037301918;340.0899852039138;-0.10302237538762708
3189.0;0.0;-0.0008030546291946971;0.0;0.08090393960285011;0.0;0.0;0.0;0.0;0.0;0.0;2.6606110915781898;0.0;1.0915631893649946;-3.75247056193644;0.0;0.0;0.0;0.0;0.0;21.98852476911887;404.2564929654912;53.92426037301918;340.0899852039138;-0.10302237538762708
3190.0;0.0;-0.0008030546291946971;0.0;0.08090393960285011;0.0;0.0;0.0;0.0;0.0;0.0;2.6606110915781898;0.0;1.0915631893649946;-3.75247056193644;0.0;0.0;0.0;0.0;0.0;21.98852476911887;404.2564929654912;53.92426037301918;340.0899852039138;-0.10302237538762708
3191.0;0.0;-0.0008030546291946971;0.0;0.08090393960285011;0.0;0.0;0.0;0.0;0.0;0.0;2.6606110915781898;0.0;1.0915631893649946;-3.75247056193644;0.0;0.0;0.0;0.0;0.0;21.98852476911887;404.2564929654912;53.92426037301918;340.0899852039138;-0.10302237538762708
3192.0;0.0;-0.0008030546291946971;0.0;0.08090393960285011;0.0;0.0;0.0;0.0;0.0;0.0;2.6606110915781898;0.0;1.0915631893649946;-3.75247056193644;0.0;0.0;0.0;0.0;0.0;21.98852476911887;404.2564929654912;53.92426037301918;340.0899852039138;-0.10302237538762708
3193.0;0.0;-0.0008088249794694007;0.0;0.08090393960285011;0.0;0.0;0.0;0.0;0.0;0.0;1.9411091651936452;0.0;0.5113717316845766;-2.4528914214394346;0.0;0.0;0.0;0.0;0.0;21.98852476911887;404.2564929654912;53.92426037301918;340.0899852039138;-0.10302237538762708
3194.0;0.0;-0.0008088249794694007;0.0;0.08090393960285011;0.0;0.0;0.0;0.0;0.0;0.0;1.9411091651936452;0.0;0.5113717316845766;-2.4528914214394346;0.0;0.0;0.0;0.0;0.0;21.98852476911887;404.2564929654912;53.92426037301918;340.0899852039138;-0.10302237538762708
3195.0;0.0;-0.0008088249794694007;0.0;0.08090393960285011;0.0;0.0;0.0;0.0;0.0;0.0;1.9411091651936452;0.0;0.5113717316845766;-2.4528914214394346;0.0;0.0;0.0;0.0;0.0;21.98852476911887;404.2564929654912;53.92426037301918;340.0899852039138;-0.10302237538762708
3196.0;0.0;-0.0008088249794694007;0.0;0.08090393960285011;0.0;0.0;0.0;0.0;0.0;0.0;1.9411091651936452;0.0;0.5113717316845766;-2.4528914214394346;0.0;0.0;0.0;0.0;0.0;21.98852476911887;404.2564929654912;53.92426037301918;340.0899852039138;-0.10302237538762708
3197.0;0.0;-0.0008088249794694007;0.0;0.08090393960285011;0.0;0.0;0.0;0.0;0.0;0.0;1.9411091651936452;0.0;0.5113717316845766;-2.4528914214394346;0.0;0.0;0.0;0.0;0.0;21.98852476911887;404.2564929654912;53.92426037301918;340.0899852039138;-0.10302237538762708
3198.0;0.0;-0.0008088249794694007;0.0;0.08090393960285011;0.0;0.0;0.0;0.0;0.0;0.0;1.9411091651936452;0.0;0.5113717316845766;-2.4528914214394346;0.0;0.0;0.0;0.0;0.0;21.98852476911887;404.2564929654912;53.92426037301918;340.0899852039138;-0.10302237538762708
3199.0;0.0;-0.0008088249794694007;0.0;0.08090393960285011;0.0;0.0;0.0;0.0;0.0;0.0;1.9411091651936452;0.0;0.5113717316845766;-2.4528914214394346;0.0;0.0;0.0;0.0;0.0;21.98852476911887;404.2564929654912;53.92426037301918;340.0899852039138;-0.10302237538762708
3200.0;0.0;-0.0008088249794694007;0.0;0.08090393960285011;0.0;0.0;0.0;0.0;0.0;0.0;1.9411091651936452;0.0;0.5113717316845766;-2.4528914214394346;0.0;0.0;0.0;0.0;0.0;21.98852476911887;404.2564929654912;53.92426037301918;340.0899852039138;-0.10302237538762708
3201.0;0.0;-0.0008088249794694007;0.0;0.08090393960285011;0.0;0.0;0.0;0.0;0.0;0.0;1.9411091651936452;0.0;0.5113717316845766;-2.4528914214394346;0.0;0.0;0.0;0.0;0.0;21.98852476911887;404.2564929654912;53.92426037301918;340.0899852039138;-0.10302237538762708
3202.0;0.0;-0.0008088249794694007;0.0;0.08090393960285011;0.0;0.0;0.0;0.0;0.0;0.0;1.9411091651936452;0.0;0.5113717316845766;-2.4528914214394346;0.0;0.0;0.0;0.0;0.0;21.98852476911887;404.2564929654912;53.92426037301918;340.0899852039138;-0.10302237538762708
3203.0;0.0;-0.0008088249794694007;0.0;0.08090393960285011;0.0;0.0;0.0;0.0;0.0;0.0;1.9411091651936452;0.0;0.5113717316845766;-2.4528914214394346;0.0;0.0;0.0;0.0;0.0;21.98852476911887;404.2564929654912;53.92426037301918;340.0899852039138;-0.10302237538762708
3204.0;0.0;-0.0008088249794694007;0.0;0.08090393960285011;0.0;0.0;0.0;0.0;0.0;0.0;1.9411091651936452;0.0;0.5113717316845766;-2.4528914214394346;0.0;0.0;0.0;0.0;0.0;21.98852476911887;404.2564929654912;53.92426037301918;340.0899852039138;-0.10302237538762708
3205.0;0.0;-0.0008088249794694007;0.0;0.08090393960285011;0.0;0.0;0.0;0.0;0.0;0.0;1.9411091651936452;0.0;0.5113717316845766;-2.4528914214394346;0.0;0.0;0.0;0.0;0.0;21.98852476911887;404.2564929654912;53.92426037301918;340.0899852039138;-0.10302237538762708
3206.0;0.0;-0.0008088249794694007;0.0;0.08090393960285011;0.0;0.0;0.0;0.0;0.0;0.0;1.9411091651936452;0.0;0.5113717316845766;-2.4528914214394346;0.0;0.0;0.0;0.0;0.0;21.98852476911887;404.2564929654912;53.92426037301918;340.0899852039138;-0.10302237538762708
3207.0;0.0;-0.0008088249794694007;0.0;0.08090393960285011;0.0;0.0;0.0;0.0;0.0;0.0;1.9411091651936452;0.0;0.5113717316845766;-2.4528914214394346;0.0;0.0;0.0;0.0;0.0;21.98852476911887;404.2564929654912;53.92426037301918;340.0899852039138;-0.10302237538762708
3208.0;0.0;-0.0008088249794694007;0.0;0.08090393960285011;0.0;0.0;0.0;0.0;0.0;0.0;1.9411091651936452;0.0;0.5113717316845766;-2.4528914214394346;0.0;0.0;0.0;0.0;0.0;21.98852476911887;404.2564929654912;53.92426037301918;340.0899852039138;-0.10302237538762708
3209.0;0.0;-0.0008088249794694007;0.0;0.08090393960285011;0.0;0.0;0.0;0.0;0.0;0.0;1.9411091651936452;0.0;0.5113717316845766;-2.4528914214394346;0.0;0.0;0.0;0.0;0.0;21.98852476911887;404.2564929654912;53.92426037301918;340.0899852039138;-0.10302237538762708
3210.0;0.0;-0.0008088249794694007;0.0;0.08090393960285011;0.0;0.0;0.0;0.0;0.0;0.0;1.9411091651936452;0.0;0.5113717316845766;-2.4528914214394346;0.0;0.0;0.0;0.0;0.0;21.98852476911887;404.2564929654912;53.92426037301918;340.0899852039138;-0.10302237538762708
3211.0;0.0;-0.0008088249794694007;0.0;0.08090393960285011;0.0;0.0;0.0;0.0;0.0;0.0;1.9411091651936452;0.0;0.5113717316845766;-2.4528914214394346;0.0;0.0;0.0;0.0;0.0;21.98852476911887;404.2564929654912;53.92426037301918;340.0899852039138;-0.10302237538762708
3212.0;0.0;-0.0008088249794694007;0.0;0.08090393960285011;0.0;0.0;0.0;0.0;0.0;0.0;1.9411091651936452;0.0;0.5113717316845766;-2.4528914214394346;0.0;0.0;0.0;0.0;0.0;21.98852476911887;404.2564929654912;53.92426037301918;340.0899852039138;-0.10302237538762708
3213.0;0.0;-0.0008088249794694007;0.0;0.08090393960285011;0.0;0.0;0.0;0.0;0.0;0.0;1.9411091651936452;0.0;0.5113717316845766;-2.4528914214394346;0.0;0.0;0.0;0.0;0.0;21.98852476911887;404.2564929654912;53.92426037301918;340.0899852039138;-0.10302237538762708
3214.0;0.0;-0.0008088249794694007;0.0;0.08090393960285011;0.0;0.0;0.0;0.0;0.0;0.0;1.9411091651936452;0.0;0.5113717316845766;-2.4528914214394346;0.0;0.0;0.0;0.0;0.0;21.98852476911887;404.2564929654912;53.92426037301918;340.0899852039138;-0.10302237538762708
3215.0;0.0;-0.0008088249794694007;0.0;0.08090393960285011;0.0;0.0;0.0;0.0;0.0;0.0;1.9411091651936452;0.0;0.5113717316845766;-2.4528914214394346;0.0;0.0;0.0;0.0;0.0;21.98852476911887;404.2564929654912;53.92426037301918;340.0899852039138;-0.10302237538762708
3216.0;0.0;-0.0008088249794694007;0.0;0.08090393960285011;0.0;0.0;0.0;0.0;0.0;0.0;1.9411091651936452;0.0;0.5113717316845766;-2.4528914214394346;0.0;0.0;0.0;0.0;0.0;21.98852476911887;404.2564929654912;53.92426037301918;340.0899852039138;-0.10302237538762708
3217.0;0.0;-0.0008152277505729057;0.0;0.08090393960285011;0.0;0.0;0.0;0.0;0.0;0.0;2.6085910895554765;0.0;1.1775744299867468;-3.7863058934684517;0.0;0.0;0.0;0.0;0.0;21.98852476911887;404.2564929654912;53.92426037301918;340.0899852039138;-0.10302237538762708
3218.0;0.0;-0.0008152277505729057;0.0;0.08090393960285011;0.0;0.0;0.0;0.0;0.0;0.0;2.6085910895554765;0.0;1.1775744299867468;-3.7863058934684517;0.0;0.0;0.0;0.0;0.0;21.98852476911887;404.2564929654912;53.92426037301918;340.0899852039138;-0.10302237538762708
3219.0;0.0;-0.0008152277505729057;0.0;0.08090393960285011;0.0;0.0;0.0;0.0;0.0;0.0;2.6085910895554765;0.0;1.1775744299867468;-3.7863058934684517;0.0;0.0;0.0;0.0;0.0;21.98852476911887;404.2564929654912;53.92426037301918;340.0899852039138;-0.10302237538762708
3220.0;0.0;-0.0008152277505729057;0.0;0.08090393960285011;0.0;0.0;0.0;0.0;0.0;0.0;2.6085910895554765;0.0;1.1775744299867468;-3.7863058934684517;0.0;0.0;0.0;0.0;0.0;21.98852476911887;404.2564929654912;53.92426037301918;340.0899852039138;-0.10302237538762708
3221.0;0.0;-0.0008152277505729057;0.0;0.08090393960285011;0.0;0.0;0.0;0.0;0.0;0.0;2.6085910895554765;0.0;1.1775744299867468;-3.7863058934684517;0.0;0.0;0.0;0.0;0.0;21.98852476911887;404.2564929654912;53.92426037301918;340.0899852039138;-0.10302237538762708
3222.0;0.0;-0.0008152277505729057;0.0;0.08090393960285011;0.0;0.0;0.0;0.0;0.0;0.0;2.6085910895554765;0.0;1.1775744299867468;-3.7863058934684517;0.0;0.0;0.0;0.0;0.0;21.98852476911887;404.2564929654912;53.92426037301918;340.0899852039138;-0.10302237538762708
3223.0;0.0;-0.0008152277505729057;0.0;0.08090393960285011;0.0;0.0;0.0;0.0;0.0;0.0;2.6085910895554765;0.0;1.1775744299867468;-3.7863058934684517;0.0;0.0;0.0;0.0;0.0;21.98852476911887;404.2564929654912;53.92426037301918;340.0899852039138;-0.10302237538762708
3224.0;0.0;-0.0008152277505729057;0.0;0.08090393960285011;0.0;0.0;0.0;0.0;0.0;0.0;2.6085910895554765;0.0;1.1775744299867468;-3.7863058934684517;0.0;0.0;0.0;0.0;0.0;21.98852476911887;404.2564929654912;53.92426037301918;340.0899852039138;-0.10302237538762708
3225.0;0.0;-0.0008152277505729057;0.0;0.08090393960285011;0.0;0.0;0.0;0.0;0.0;0.0;2.6085910895554765;0.0;1.1775744299867468;-3.7863058934684517;0.0;0.0;0.0;0.0;0.0;21.98852476911887;404.2564929654912;53.92426037301918;340.0899852039138;-0.10302237538762708
3226.0;0.0;-0.0008152277505729057;0.0;0.08090393960285011;0.0;0.0;0.0;0.0;0.0;0.0;2.6085910895554765;0.0;1.1775744299867468;-3.7863058934684517;0.0;0.0;0.0;0.0;0.0;21.98852476911887;404.2564929654912;53.92426037301918;340.0899852039138;-0.10302237538762708
3227.0;0.0;-0.0008152277505729057;0.0;0.08090393960285011;0.0;0.0;0.0;0.0;0.0;0.0;2.6085910895554765;0.0;1.1775744299867468;-3.7863058934684517;0.0;0.0;0.0;0.0;0.0;21.98852476911887;404.2564929654912;53.92426037301918;340.0899852039138;-0.10302237538762708
3228.0;0.0;-0.0008152277505729057;0.0;0.08090393960285011;0.0;0.0;0.0;0.0;0.0;0.0;2.6085910895554765;0.0;1.1775744299867468;-3.7863058934684517;0.0;0.0;0.0;0.0;0.0;21.98852476911887;404.2564929654912;53.92426037301918;340.0899852039138;-0.10302237538762708
3229.0;0.0;-0.0008152277505729057;0.0;0.08090393960285011;0.0;0.0;0.0;0.0;0.0;0.0;2.6085910895554765;0.0;1.1775744299867468;-3.7863058934684517;0.0;0.0;0.0;0.0;0.0;21.98852476911887;404.2564929654912;53.92426037301918;340.0899852039138;-0.10302237538762708
3230.0;0.0;-0.0008152277505729057;0.0;0.08090393960285011;0.0;0.0;0.0;0.0;0.0;0.0;2.6085910895554765;0.0;1.1775744299867468;-3.7863058934684517;0.0;0.0;0.0;0.0;0.0;21.98852476911887;404.2564929654912;53.92426037301918;340.0899852039138;-0.10302237538762708
3231.0;0.0;-0.0008152277505729057;0.0;0.08090393960285011;0.0;0.0;0.0;0.0;0.0;0.0;2.6085910895554765;0.0;1.1775744299867468;-3.7863058934684517;0.0;0.0;0.0;0.0;0.0;21.98852476911887;404.2564929654912;53.92426037301918;340.0899852039138;-0.10302237538762708
3232.0;0.0;-0.0008152277505729057;0.0;0.08090393960285011;0.0;0.0;0.0;0.0;0.0;0.0;2.6085910895554765;0.0;1.1775744299867468;-3.7863058934684517;0.0;0.0;0.0;0.0;0.0;21.98852476911887;404.2564929654912;53.92426037301918;340.0899852039138;-0.10302237538762708
3233.0;0.0;-0.0008152277505729057;0.0;0.08090393960285011;0.0;0.0;0.0;0.0;0.0;0.0;2.6085910895554765;0.0;1.1775744299867468;-3.7863058934684517;0.0;0.0;0.0;0.0;0.0;21.98852476911887;404.2564929654912;53.92426037301918;340.0899852039138;-0.10302237538762708
3234.0;0.0;-0.0008152277505729057;0.0;0.08090393960285011;0.0;0.0;0.0;0.0;0.0;0.0;2.6085910895554765;0.0;1.1775744299867468;-3.7863058934684517;0.0;0.0;0.0;0.0;0.0;21.98852476911887;404.2564929654912;53.92426037301918;340.0899852039138;-0.10302237538762708
3235.0;0.0;-0.0008152277505729057;0.0;0.08090393960285011;0.0;0.0;0.0;0.0;0.0;0.0;2.6085910895554765;0.0;1.1775744299867468;-3.7863058934684517;0.0;0.0;0.0;0.0;0.0;21.98852476911887;404.2564929654912;53.92426037301918;340.0899852039138;-0.10302237538762708
3236.0;0.0;-0.0008152277505729057;0.0;0.08090393960285011;0.0;0.0;0.0;0.0;0.0;0.0;2.6085910895554765;0.0;1.1775744299867468;-3.7863058934684517;0.0;0.0;0.0;0.0;0.0;21.98852476911887;404.2564929654912;53.92426037301918;340.0899852039138;-0.10302237538762708
3237.0;0.0;-0.0008152277505729057;0.0;0.08090393960285011;0.0;0.0;0.0;0.0;0.0;0.0;2.6085910895554765;0.0;1.1775744299867468;-3.7863058934684517;0.0;0.0;0.0;0.0;0.0;21.98852476911887;404.2564929654912;53.92426037301918;340.0899852039138;-0.10302237538762708
3238.0;0.0;-0.0008152277505729057;0.0;0.08090393960285011;0.0;0.0;0.0;0.0;0.0;0.0;2.6085910895554765;0.0;1.1775744299867468;-3.7863058934684517;0.0;0.0;0.0;0.0;0.0;21.98852476911887;404.2564929654912;53.92426037301918;340.0899852039138;-0.10302237538762708
3239.0;0.0;-0.0008152277505729057;0.0;0.08090393960285011;0.0;0.0;0.0;0.0;0.0;0.0;2.6085910895554765;0.0;1.1775744299867468;-3.7863058934684517;0.0;0.0;0.0;0.0;0.0;21.98852476911887;404.2564929654912;53.92426037301918;340.0899852039138;-0.10302237538762708
3240.0;0.0;-0.0008152277505729057;0.0;0.08090393960285011;0.0;0.0;0.0;0.0;0.0;0.0;2.6085910895554765;0.0;1.1775744299867468;-3.7863058934684517;0.0;0.0;0.0;0.0;0.0;21.98852476911887;404.2564929654912;53.92426037301918;340.0899852039138;-0.10302237538762708
3241.0;0.0;-4.227451837779413e-5;0.0;0.08090393960285011;0.0;0.0;0.0;0.0;0.0;0.00011781615660191675;1.6868599224460594;0.0;2.4949440807351935;-4.181984878445371;0.0;0.0;0.0;0.0;0.0;21.98852476911887;404.2564929654912;53.92426037301918;340.0899852039138;-0.10302237538762708
3242.0;0.0;-4.227451837779413e-5;0.0;0.08090393960285011;0.0;0.0;0.0;0.0;0.0;0.00011781615660191675;1.6868599224460594;0.0;2.4949440807351935;-4.181984878445371;0.0;0.0;0.0;0.0;0.0;21.98852476911887;404.2564929654912;53.92426037301918;340.0899852039138;-0.10302237538762708
3243.0;0.0;-4.227451837779413e-5;0.0;0.08090393960285011;0.0;0.0;0.0;0.0;0.0;0.00011781615660191675;1.6868599224460594;0.0;2.4949440807351935;-4.181984878445371;0.0;0.0;0.0;0.0;0.0;21.98852476911887;404.2564929654912;53.92426037301918;340.0899852039138;-0.10302237538762708
3244.0;0.0;-4.227451837779413e-5;0.0;0.08090393960285011;0.0;0.0;0.0;0.0;0.0;0.00011781615660191675;1.6868599224460594;0.0;2.4949440807351935;-4.181984878445371;0.0;0.0;0.0;0.0;0.0;21.98852476911887;404.2564929654912;53.92426037301918;340.0899852039138;-0.10302237538762708
3245.0;0.0;-4.227451837779413e-5;0.0;0.08090393960285011;0.0;0.0;0.0;0.0;0.0;0.00011781615660191675;1.6868599224460594;0.0;2.4949440807351935;-4.181984878445371;0.0;0.0;0.0;0.0;0.0;21.98852476911887;404.2564929654912;53.92426037301918;340.0899852039138;-0.10302237538762708
3246.0;0.0;-4.227451837779413e-5;0.0;0.08090393960285011;0.0;0.0;0.0;0.0;0.0;0.00011781615660191675;1.6868599224460594;0.0;2.4949440807351935;-4.181984878445371;0.0;0.0;0.0;0.0;0.0;21.98852476911887;404.2564929654912;53.92426037301918;340.0899852039138;-0.10302237538762708
3247.0;0.0;-4.227451837779413e-5;0.0;0.08090393960285011;0.0;0.0;0.0;0.0;0.0;0.00011781615660191675;1.6868599224460594;0.0;2.4949440807351935;-4.181984878445371;0.0;0.0;0.0;0.0;0.0;21.98852476911887;404.2564929654912;53.92426037301918;340.0899852039138;-0.10302237538762708
3248.0;0.0;-4.227451837779413e-5;0.0;0.08090393960285011;0.0;0.0;0.0;0.0;0.0;0.00011781615660191675;1.6868599224460594;0.0;2.4949440807351935;-4.181984878445371;0.0;0.0;0.0;0.0;0.0;21.98852476911887;404.2564929654912;53.92426037301918;340.0899852039138;-0.10302237538762708
3249.0;0.0;-4.227451837779413e-5;0.0;0.08090393960285011;0.0;0.0;0.0;0.0;0.0;0.00011781615660191675;1.6868599224460594;0.0;2.4949440807351935;-4.181984878445371;0.0;0.0;0.0;0.0;0.0;21.98852476911887;404.2564929654912;53.92426037301918;340.0899852039138;-0.10302237538762708
3250.0;0.0;-4.227451837779413e-5;0.0;0.08090393960285011;0.0;0.0;0.0;0.0;0.0;0.00011781615660191675;1.6868599224460594;0.0;2.4949440807351935;-4.181984878445371;0.0;0.0;0.0;0.0;0.0;21.98852476911887;404.2564929654912;53.92426037301918;340.0899852039138;-0.10302237538762708
3251.0;0.0;-4.227451837779413e-5;0.0;0.08090393960285011;0.0;0.0;0.0;0.0;0.0;0.00011781615660191675;1.6868599224460594;0.0;2.4949440807351935;-4.181984878445371;0.0;0.0;0.0;0.0;0.0;21.98852476911887;404.2564929654912;53.92426037301918;340.0899852039138;-0.10302237538762708
3252.0;0.0;-4.227451837779413e-5;0.0;0.08090393960285011;0.0;0.0;0.0;0.0;0.0;0.00011781615660191675;1.6868599224460594;0.0;2.4949440807351935;-4.181984878445371;0.0;0.0;0.0;0.0;0.0;21.98852476911887;404.2564929654912;53.92426037301918;340.0899852039138;-0.10302237538762708
3253.0;0.0;-4.227451837779413e-5;0.0;0.08090393960285011;0.0;0.0;0.0;0.0;0.0;0.00011781615660191675;1.6868599224460594;0.0;2.4949440807351935;-4.181984878445371;0.0;0.0;0.0;0.0;0.0;21.98852476911887;404.2564929654912;53.92426037301918;340.0899852039138;-0.10302237538762708
3254.0;0.0;-4.227451837779413e-5;0.0;0.08090393960285011;0.0;0.0;0.0;0.0;0.0;0.00011781615660191675;1.6868599224460594;0.0;2.4949440807351935;-4.181984878445371;0.0;0.0;0.0;0.0;0.0;21.98852476911887;404.2564929654912;53.92426037301918;340.0899852039138;-0.10302237538762708
3255.0;0.0;-4.227451837779413e-5;0.0;0.08090393960285011;0.0;0.0;0.0;0.0;0.0;0.00011781615660191675;1.6868599224460594;0.0;2.4949440807351935;-4.181984878445371;0.0;0.0;0.0;0.0;0.0;21.98852476911887;404.2564929654912;53.92426037301918;340.0899852039138;-0.10302237538762708
3256.0;0.0;-4.227451837779413e-5;0.0;0.08090393960285011;0.0;0.0;0.0;0.0;0.0;0.00011781615660191675;1.6868599224460594;0.0;2.4949440807351935;-4.181984878445371;0.0;0.0;0.0;0.0;0.0;21.98852476911887;404.2564929654912;53.92426037301918;340.0899852039138;-0.10302237538762708
3257.0;0.0;-4.227451837779413e-5;0.0;0.08090393960285011;0.0;0.0;0.0;0.0;0.0;0.00011781615660191675;1.6868599224460594;0.0;2.4949440807351935;-4.181984878445371;0.0;0.0;0.0;0.0;0.0;21.98852476911887;404.2564929654912;53.92426037301918;340.0899852039138;-0.10302237538762708
3258.0;0.0;-4.227451837779413e-5;0.0;0.08090393960285011;0.0;0.0;0.0;0.0;0.0;0.00011781615660191675;1.6868599224460594;0.0;2.4949440807351935;-4.181984878445371;0.0;0.0;0.0;0.0;0.0;21.98852476911887;404.2564929654912;53.92426037301918;340.0899852039138;-0.10302237538762708
3259.0;0.0;-4.227451837779413e-5;0.0;0.08090393960285011;0.0;0.0;0.0;0.0;0.0;0.00011781615660191675;1.6868599224460594;0.0;2.4949440807351935;-4.181984878445371;0.0;0.0;0.0;0.0;0.0;21.98852476911887;404.2564929654912;53.92426037301918;340.0899852039138;-0.10302237538762708
3260.0;0.0;-4.227451837779413e-5;0.0;0.08090393960285011;0.0;0.0;0.0;0.0;0.0;0.00011781615660191675;1.6868599224460594;0.0;2.4949440807351935;-4.181984878445371;0.0;0.0;0.0;0.0;0.0;21.98852476911887;404.2564929654912;53.92426037301918;340.0899852039138;-0.10302237538762708
3261.0;0.0;-4.227451837779413e-5;0.0;0.08090393960285011;0.0;0.0;0.0;0.0;0.0;0.00011781615660191675;1.6868599224460594;0.0;2.4949440807351935;-4.181984878445371;0.0;0.0;0.0;0.0;0.0;21.98852476911887;404.2564929654912;53.92426037301918;340.0899852039138;-0.10302237538762708
3262.0;0.0;-4.227451837779413e-5;0.0;0.08090393960285011;0.0;0.0;0.0;0.0;0.0;0.00011781615660191675;1.6868599224460594;0.0;2.4949440807351935;-4.181984878445371;0.0;0.0;0.0;0.0;0.0;21.98852476911887;404.2564929654912;53.92426037301918;340.0899852039138;-0.10302237538762708
3263.0;0.0;-4.227451837779413e-5;0.0;0.08090393960285011;0.0;0.0;0.0;0.0;0.0;0.00011781615660191675;1.6868599224460594;0.0;2.4949440807351935;-4.181984878445371;0.0;0.0;0.0;0.0;0.0;21.98852476911887;404.2564929654912;53.92426037301918;340.0899852039138;-0.10302237538762708
3264.0;0.0;-4.227451837779413e-5;0.0;0.08090393960285011;0.0;0.0;0.0;0.0;0.0;0.00011781615660191675;1.6868599224460594;0.0;2.4949440807351935;-4.181984878445371;0.0;0.0;0.0;0.0;0.0;21.98852476911887;404.2564929654912;53.92426037301918;340.0899852039138;-0.10302237538762708
3265.0;0.0;-1.5029199833825256e-5;0.0;0.10771992373393467;0.0;0.0;0.0;0.0;0.0;0.00014153354896059524;1.1300208616303058;5.204827458124343e-5;3.258268112912272;-4.388478478479082;0.0;0.0;0.0;0.0;0.0;40.25418732745484;401.74686720424;51.39301907582559;335.61900434916663;-0.10327260644640007
3266.0;0.0;-1.5029199833825256e-5;0.0;0.10771992373393467;0.0;0.0;0.0;0.0;0.0;0.00014153354896059524;1.1300208616303058;5.204827458124343e-5;3.258268112912272;-4.388478478479082;0.0;0.0;0.0;0.0;0.0;40.25418732745484;401.74686720424;51.39301907582559;335.61900434916663;-0.10327260644640007
3267.0;0.0;-1.5029199833825256e-5;0.0;0.10771992373393467;0.0;0.0;0.0;0.0;0.0;0.00014153354896059524;1.1300208616303058;5.204827458124343e-5;3.258268112912272;-4.388478478479082;0.0;0.0;0.0;0.0;0.0;40.25418732745484;401.74686720424;51.39301907582559;335.61900434916663;-0.10327260644640007
3268.0;0.0;-1.5029199833825256e-5;0.0;0.10771992373393467;0.0;0.0;0.0;0.0;0.0;0.00014153354896059524;1.1300208616303058;5.204827458124343e-5;3.258268112912272;-4.388478478479082;0.0;0.0;0.0;0.0;0.0;40.25418732745484;401.74686720424;51.39301907582559;335.61900434916663;-0.10327260644640007
3269.0;0.0;-1.5029199833825256e-5;0.0;0.10771992373393467;0.0;0.0;0.0;0.0;0.0;0.00014153354896059524;1.1300208616303058;5.204827458124343e-5;3.258268112912272;-4.388478478479082;0.0;0.0;0.0;0.0;0.0;40.25418732745484;401.74686720424;51.39301907582559;335.61900434916663;-0.10327260644640007
3270.0;0.0;-1.5029199833825256e-5;0.0;0.10771992373393467;0.0;0.0;0.0;0.0;0.0;0.00014153354896059524;1.1300208616303058;5.204827458124343e-5;3.258268112912272;-4.388478478479082;0.0;0.0;0.0;0.0;0.0;40.25418732745484;401.74686720424;51.39301907582559;335.61900434916663;-0.10327260644640007
3271.0;0.0;-1.5029199833825256e-5;0.0;0.10771992373393467;0.0;0.0;0.0;0.0;0.0;0.00014153354896059524;1.1300208616303058;5.204827458124343e-5;3.258268112912272;-4.388478478479082;0.0;0.0;0.0;0.0;0.0;40.25418732745484;401.74686720424;51.39301907582559;335.61900434916663;-0.10327260644640007
3272.0;0.0;-1.5029199833825256e-5;0.0;0.10771992373393467;0.0;0.0;0.0;0.0;0.0;0.00014153354896059524;1.1300208616303058;5.204827458124343e-5;3.258268112912272;-4.388478478479082;0.0;0.0;0.0;0.0;0.0;40.25418732745484;401.74686720424;51.39301907582559;335.61900434916663;-0.10327260644640007
3273.0;0.0;-1.5029199833825256e-5;0.0;0.10771992373393467;0.0;0.0;0.0;0.0;0.0;0.00014153354896059524;1.1300208616303058;5.204827458124343e-5;3.258268112912272;-4.388478478479082;0.0;0.0;0.0;0.0;0.0;40.25418732745484;401.74686720424;51.39301907582559;335.61900434916663;-0.10327260644640007
3274.0;0.0;-1.5029199833825256e-5;0.0;0.10771992373393467;0.0;0.0;0.0;0.0;0.0;0.00014153354896059524;1.1300208616303058;5.204827458124343e-5;3.258268112912272;-4.388478478479082;0.0;0.0;0.0;0.0;0.0;40.25418732745484;401.74686720424;51.39301907582559;335.61900434916663;-0.10327260644640007
3275.0;0.0;-1.5029199833825256e-5;0.0;0.10771992373393467;0.0;0.0;0.0;0.0;0.0;0.00014153354896059524;1.1300208616303058;5.204827458124343e-5;3.258268112912272;-4.388478478479082;0.0;0.0;0.0;0.0;0.0;40.25418732745484;401.74686720424;51.39301907582559;335.61900434916663;-0.10327260644640007
3276.0;0.0;-1.5029199833825256e-5;0.0;0.10771992373393467;0.0;0.0;0.0;0.0;0.0;0.00014153354896059524;1.1300208616303058;5.204827458124343e-5;3.258268112912272;-4.388478478479082;0.0;0.0;0.0;0.0;0.0;40.25418732745484;401.74686720424;51.39301907582559;335.61900434916663;-0.10327260644640007
3277.0;0.0;-1.5029199833825256e-5;0.0;0.10771992373393467;0.0;0.0;0.0;0.0;0.0;0.00014153354896059524;1.1300208616303058;5.204827458124343e-5;3.258268112912272;-4.388478478479082;0.0;0.0;0.0;0.0;0.0;40.25418732745484;401.74686720424;51.39301907582559;335.61900434916663;-0.10327260644640007
3278.0;0.0;-1.5029199833825256e-5;0.0;0.10771992373393467;0.0;0.0;0.0;0.0;0.0;0.00014153354896059524;1.1300208616303058;5.204827458124343e-5;3.258268112912272;-4.388478478479082;0.0;0.0;0.0;0.0;0.0;40.25418732745484;401.74686720424;51.39301907582559;335.61900434916663;-0.10327260644640007
3279.0;0.0;-1.5029199833825256e-5;0.0;0.10771992373393467;0.0;0.0;0.0;0.0;0.0;0.00014153354896059524;1.1300208616303058;5.204827458124343e-5;3.258268112912272;-4.388478478479082;0.0;0.0;0.0;0.0;0.0;40.25418732745484;401.74686720424;51.39301907582559;335.61900434916663;-0.10327260644640007
3280.0;0.0;-1.5029199833825256e-5;0.0;0.10771992373393467;0.0;0.0;0.0;0.0;0.0;0.00014153354896059524;1.1300208616303058;5.204827458124343e-5;3.258268112912272;-4.388478478479082;0.0;0.0;0.0;0.0;0.0;40.25418732745484;401.74686720424;51.39301907582559;335.61900434916663;-0.10327260644640007
3281.0;0.0;-1.5029199833825256e-5;0.0;0.10771992373393467;0.0;0.0;0.0;0.0;0.0;0.00014153354896059524;1.1300208616303058;5.204827458124343e-5;3.258268112912272;-4.388478478479082;0.0;0.0;0.0;0.0;0.0;40.25418732745484;401.74686720424;51.39301907582559;335.61900434916663;-0.10327260644640007
3282.0;0.0;-1.5029199833825256e-5;0.0;0.10771992373393467;0.0;0.0;0.0;0.0;0.0;0.00014153354896059524;1.1300208616303058;5.204827458124343e-5;3.258268112912272;-4.388478478479082;0.0;0.0;0.0;0.0;0.0;40.25418732745484;401.74686720424;51.39301907582559;335.61900434916663;-0.10327260644640007
3283.0;0.0;-1.5029199833825256e-5;0.0;0.10771992373393467;0.0;0.0;0.0;0.0;0.0;0.00014153354896059524;1.1300208616303058;5.204827458124343e-5;3.258268112912272;-4.388478478479082;0.0;0.0;0.0;0.0;0.0;40.25418732745484;401.74686720424;51.39301907582559;335.61900434916663;-0.10327260644640007
3284.0;0.0;-1.5029199833825256e-5;0.0;0.10771992373393467;0.0;0.0;0.0;0.0;0.0;0.00014153354896059524;1.1300208616303058;5.204827458124343e-5;3.258268112912272;-4.388478478479082;0.0;0.0;0.0;0.0;0.0;40.25418732745484;401.74686720424;51.39301907582559;335.61900434916663;-0.10327260644640007
3285.0;0.0;-1.5029199833825256e-5;0.0;0.10771992373393467;0.0;0.0;0.0;0.0;0.0;0.00014153354896059524;1.1300208616303058;5.204827458124343e-5;3.258268112912272;-4.388478478479082;0.0;0.0;0.0;0.0;0.0;40.25418732745484;401.74686720424;51.39301907582559;335.61900434916663;-0.10327260644640007
3286.0;0.0;-1.5029199833825256e-5;0.0;0.10771992373393467;0.0;0.0;0.0;0.0;0.0;0.00014153354896059524;1.1300208616303058;5.204827458124343e-5;3.258268112912272;-4.388478478479082;0.0;0.0;0.0;0.0;0.0;40.25418732745484;401.74686720424;51.39301907582559;335.61900434916663;-0.10327260644640007
3287.0;0.0;-1.5029199833825256e-5;0.0;0.10771992373393467;0.0;0.0;0.0;0.0;0.0;0.00014153354896059524;1.1300208616303058;5.204827458124343e-5;3.258268112912272;-4.388478478479082;0.0;0.0;0.0;0.0;0.0;40.25418732745484;401.74686720424;51.39301907582559;335.61900434916663;-0.10327260644640007
3288.0;0.0;-1.5029199833825256e-5;0.0;0.10771992373393467;0.0;0.0;0.0;0.0;0.0;0.00014153354896059524;1.1300208616303058;5.204827458124343e-5;3.258268112912272;-4.388478478479082;0.0;0.0;0.0;0.0;0.0;40.25418732745484;401.74686720424;51.39301907582559;335.61900434916663;-0.10327260644640007
3289.0;0.0;-0.00047359382141677414;0.0;0.10771992373393467;0.0;0.0;0.0;0.0;0.0;0.0;1.0441169324080826;0.0;1.630691756296962;-2.6749053189679044;0.0;0.0;0.0;0.0;0.0;40.25418732745484;401.74686720424;51.39301907582559;335.61900434916663;-0.10327260644640007
3290.0;0.0;-0.00047359382141677414;0.0;0.10771992373393467;0.0;0.0;0.0;0.0;0.0;0.0;1.0441169324080826;0.0;1.630691756296962;-2.6749053189679044;0.0;0.0;0.0;0.0;0.0;40.25418732745484;401.74686720424;51.39301907582559;335.61900434916663;-0.10327260644640007
3291.0;0.0;-0.00047359382141677414;0.0;0.10771992373393467;0.0;0.0;0.0;0.0;0.0;0.0;1.0441169324080826;0.0;1.630691756296962;-2.6749053189679044;0.0;0.0;0.0;0.0;0.0;40.25418732745484;401.74686720424;51.39301907582559;335.61900434916663;-0.10327260644640007
3292.0;0.0;-0.00047359382141677414;0.0;0.10771992373393467;0.0;0.0;0.0;0.0;0.0;0.0;1.0441169324080826;0.0;1.630691756296962;-2.6749053189679044;0.0;0.0;0.0;0.0;0.0;40.25418732745484;401.74686720424;51.39301907582559;335.61900434916663;-0.10327260644640007
3293.0;0.0;-0.00047359382141677414;0.0;0.10771992373393467;0.0;0.0;0.0;0.0;0.0;0.0;1.0441169324080826;0.0;1.630691756296962;-2.6749053189679044;0.0;0.0;0.0;0.0;0.0;40.25418732745484;401.74686720424;51.39301907582559;335.61900434916663;-0.10327260644640007
3294.0;0.0;-0.00047359382141677414;0.0;0.10771992373393467;0.0;0.0;0.0;0.0;0.0;0.0;1.0441169324080826;0.0;1.630691756296962;-2.6749053189679044;0.0;0.0;0.0;0.0;0.0;40.25418732745484;401.74686720424;51.39301907582559;335.61900434916663;-0.10327260644640007
3295.0;0.0;-0.00047359382141677414;0.0;0.10771992373393467;0.0;0.0;0.0;0.0;0.0;0.0;1.0441169324080826;0.0;1.630691756296962;-2.6749053189679044;0.0;0.0;0.0;0.0;0.0;40.25418732745484;401.74686720424;51.39301907582559;335.61900434916663;-0.10327260644640007
3296.0;0.0;-0.00047359382141677414;0.0;0.10771992373393467;0.0;0.0;0.0;0.0;0.0;0.0;1.0441169324080826;0.0;1.630691756296962;-2.6749053189679044;0.0;0.0;0.0;0.0;0.0;40.25418732745484;401.74686720424;51.39301907582559;335.61900434916663;-0.10327260644640007
3297.0;0.0;-0.00047359382141677414;0.0;0.10771992373393467;0.0;0.0;0.0;0.0;0.0;0.0;1.0441169324080826;0.0;1.630691756296962;-2.6749053189679044;0.0;0.0;0.0;0.0;0.0;40.25418732745484;401.74686720424;51.39301907582559;335.61900434916663;-0.10327260644640007
3298.0;0.0;-0.00047359382141677414;0.0;0.10771992373393467;0.0;0.0;0.0;0.0;0.0;0.0;1.0441169324080826;0.0;1.630691756296962;-2.6749053189679044;0.0;0.0;0.0;0.0;0.0;40.25418732745484;401.74686720424;51.39301907582559;335.61900434916663;-0.10327260644640007
3299.0;0.0;-0.00047359382141677414;0.0;0.10771992373393467;0.0;0.0;0.0;0.0;0.0;0.0;1.0441169324080826;0.0;1.630691756296962;-2.6749053189679044;0.0;0.0;0.0;0.0;0.0;40.25418732745484;401.74686720424;51.39301907582559;335.61900434916663;-0.10327260644640007
3300.0;0.0;-0.00047359382141677414;0.0;0.10771992373393467;0.0;0.0;0.0;0.0;0.0;0.0;1.0441169324080826;0.0;1.630691756296962;-2.6749053189679044;0.0;0.0;0.0;0.0;0.0;40.25418732745484;401.74686720424;51.39301907582559;335.61900434916663;-0.10327260644640007
3301.0;0.0;-0.00047359382141677414;0.0;0.10771992373393467;0.0;0.0;0.0;0.0;0.0;0.0;1.0441169324080826;0.0;1.630691756296962;-2.6749053189679044;0.0;0.0;0.0;0.0;0.0;40.25418732745484;401.74686720424;51.39301907582559;335.61900434916663;-0.10327260644640007
3302.0;0.0;-0.00047359382141677414;0.0;0.10771992373393467;0.0;0.0;0.0;0.0;0.0;0.0;1.0441169324080826;0.0;1.630691756296962;-2.6749053189679044;0.0;0.0;0.0;0.0;0.0;40.25418732745484;401.74686720424;51.39301907582559;335.61900434916663;-0.10327260644640007
3303.0;0.0;-0.00047359382141677414;0.0;0.10771992373393467;0.0;0.0;0.0;0.0;0.0;0.0;1.0441169324080826;0.0;1.630691756296962;-2.6749053189679044;0.0;0.0;0.0;0.0;0.0;40.25418732745484;401.74686720424;51.39301907582559;335.61900434916663;-0.10327260644640007
3304.0;0.0;-0.00047359382141677414;0.0;0.10771992373393467;0.0;0.0;0.0;0.0;0.0;0.0;1.0441169324080826;0.0;1.630691756296962;-2.6749053189679044;0.0;0.0;0.0;0.0;0.0;40.25418732745484;401.74686720424;51.39301907582559;335.61900434916663;-0.10327260644640007
3305.0;0.0;-0.00047359382141677414;0.0;0.10771992373393467;0.0;0.0;0.0;0.0;0.0;0.0;1.0441169324080826;0.0;1.630691756296962;-2.6749053189679044;0.0;0.0;0.0;0.0;0.0;40.25418732745484;401.74686720424;51.39301907582559;335.61900434916663;-0.10327260644640007
3306.0;0.0;-0.00047359382141677414;0.0;0.10771992373393467;0.0;0.0;0.0;0.0;0.0;0.0;1.0441169324080826;0.0;1.630691756296962;-2.6749053189679044;0.0;0.0;0.0;0.0;0.0;40.25418732745484;401.74686720424;51.39301907582559;335.61900434916663;-0.10327260644640007
3307.0;0.0;-0.00047359382141677414;0.0;0.10771992373393467;0.0;0.0;0.0;0.0;0.0;0.0;1.0441169324080826;0.0;1.630691756296962;-2.6749053189679044;0.0;0.0;0.0;0.0;0.0;40.25418732745484;401.74686720424;51.39301907582559;335.61900434916663;-0.10327260644640007
3308.0;0.0;-0.00047359382141677414;0.0;0.10771992373393467;0.0;0.0;0.0;0.0;0.0;0.0;1.0441169324080826;0.0;1.630691756296962;-2.6749053189679044;0.0;0.0;0.0;0.0;0.0;40.25418732745484;401.74686720424;51.39301907582559;335.61900434916663;-0.10327260644640007
3309.0;0.0;-0.00047359382141677414;0.0;0.10771992373393467;0.0;0.0;0.0;0.0;0.0;0.0;1.0441169324080826;0.0;1.630691756296962;-2.6749053189679044;0.0;0.0;0.0;0.0;0.0;40.25418732745484;401.74686720424;51.39301907582559;335.61900434916663;-0.10327260644640007
3310.0;0.0;-0.00047359382141677414;0.0;0.10771992373393467;0.0;0.0;0.0;0.0;0.0;0.0;1.0441169324080826;0.0;1.630691756296962;-2.6749053189679044;0.0;0.0;0.0;0.0;0.0;40.25418732745484;401.74686720424;51.39301907582559;335.61900434916663;-0.10327260644640007
3311.0;0.0;-0.00047359382141677414;0.0;0.10771992373393467;0.0;0.0;0.0;0.0;0.0;0.0;1.0441169324080826;0.0;1.630691756296962;-2.6749053189679044;0.0;0.0;0.0;0.0;0.0;40.25418732745484;401.74686720424;51.39301907582559;335.61900434916663;-0.10327260644640007
3312.0;0.0;-0.00047359382141677414;0.0;0.10771992373393467;0.0;0.0;0.0;0.0;0.0;0.0;1.0441169324080826;0.0;1.630691756296962;-2.6749053189679044;0.0;0.0;0.0;0.0;0.0;40.25418732745484;401.74686720424;51.39301907582559;335.61900434916663;-0.10327260644640007
3313.0;0.0;-0.0007050855367077426;0.0;0.10771992373393467;0.0;0.0;0.0;0.0;0.0;0.0;2.729051827557659;0.0;0.4053269954370359;-3.1338176677164076;0.0;0.0;0.0;0.0;0.0;40.25418732745484;401.74686720424;51.39301907582559;335.61900434916663;-0.10327260644640007
3314.0;0.0;-0.0007050855367077426;0.0;0.10771992373393467;0.0;0.0;0.0;0.0;0.0;0.0;2.729051827557659;0.0;0.4053269954370359;-3.1338176677164076;0.0;0.0;0.0;0.0;0.0;40.25418732745484;401.74686720424;51.39301907582559;335.61900434916663;-0.10327260644640007
3315.0;0.0;-0.0007050855367077426;0.0;0.10771992373393467;0.0;0.0;0.0;0.0;0.0;0.0;2.729051827557659;0.0;0.4053269954370359;-3.1338176677164076;0.0;0.0;0.0;0.0;0.0;40.25418732745484;401.74686720424;51.39301907582559;335.61900434916663;-0.10327260644640007
3316.0;0.0;-0.0007050855367077426;0.0;0.10771992373393467;0.0;0.0;0.0;0.0;0.0;0.0;2.729051827557659;0.0;0.4053269954370359;-3.1338176677164076;0.0;0.0;0.0;0.0;0.0;40.25418732745484;401.74686720424;51.39301907582559;335.61900434916663;-0.10327260644640007
3317.0;0.0;-0.0007050855367077426;0.0;0.10771992373393467;0.0;0.0;0.0;0.0;0.0;0.0;2.729051827557659;0.0;0.4053269954370359;-3.1338176677164076;0.0;0.0;0.0;0.0;0.0;40.25418732745484;401.74686720424;51.39301907582559;335.61900434916663;-0.10327260644640007
3318.0;0.0;-0.0007050855367077426;0.0;0.10771992373393467;0.0;0.0;0.0;0.0;0.0;0.0;2.729051827557659;0.0;0.4053269954370359;-3.1338176677164076;0.0;0.0;0.0;0.0;0.0;40.25418732745484;401.74686720424;51.39301907582559;335.61900434916663;-0.10327260644640007
3319.0;0.0;-0.0007050855367077426;0.0;0.10771992373393467;0.0;0.0;0.0;0.0;0.0;0.0;2.729051827557659;0.0;0.4053269954370359;-3.1338176677164076;0.0;0.0;0.0;0.0;0.0;40.25418732745484;401.74686720424;51.39301907582559;335.61900434916663;-0.10327260644640007
3320.0;0.0;-0.0007050855367077426;0.0;0.10771992373393467;0.0;0.0;0.0;0.0;0.0;0.0;2.729051827557659;0.0;0.4053269954370359;-3.1338176677164076;0.0;0.0;0.0;0.0;0.0;40.25418732745484;401.74686720424;51.39301907582559;335.61900434916663;-0.10327260644640007
3321.0;0.0;-0.0007050855367077426;0.0;0.10771992373393467;0.0;0.0;0.0;0.0;0.0;0.0;2.729051827557659;0.0;0.4053269954370359;-3.1338176677164076;0.0;0.0;0.0;0.0;0.0;40.25418732745484;401.74686720424;51.39301907582559;335.61900434916663;-0.10327260644640007
3322.0;0.0;-0.0007050855367077426;0.0;0.10771992373393467;0.0;0.0;0.0;0.0;0.0;0.0;2.729051827557659;0.0;0.4053269954370359;-3.1338176677164076;0.0;0.0;0.0;0.0;0.0;40.25418732745484;401.74686720424;51.39301907582559;335.61900434916663;-0.10327260644640007
3323.0;0.0;-0.0007050855367077426;0.0;0.10771992373393467;0.0;0.0;0.0;0.0;0.0;0.0;2.729051827557659;0.0;0.4053269954370359;-3.1338176677164076;0.0;0.0;0.0;0.0;0.0;40.25418732745484;401.74686720424;51.39301907582559;335.61900434916663;-0.10327260644640007
3324.0;0.0;-0.0007050855367077426;0.0;0.10771992373393467;0.0;0.0;0.0;0.0;0.0;0.0;2.729051827557659;0.0;0.4053269954370359;-3.1338176677164076;0.0;0.0;0.0;0.0;0.0;40.25418732745484;401.74686720424;51.39301907582559;335.61900434916663;-0.10327260644640007
3325.0;0.0;-0.0007050855367077426;0.0;0.10771992373393467;0.0;0.0;0.0;0.0;0.0;0.0;2.729051827557659;0.0;0.4053269954370359;-3.1338176677164076;0.0;0.0;0.0;0.0;0.0;40.25418732745484;401.74686720424;51.39301907582559;335.61900434916663;-0.10327260644640007
3326.0;0.0;-0.0007050855367077426;0.0;0.10771992373393467;0.0;0.0;0.0;0.0;0.0;0.0;2.729051827557659;0.0;0.4053269954370359;-3.1338176677164076;0.0;0.0;0.0;0.0;0.0;40.25418732745484;401.74686720424;51.39301907582559;335.61900434916663;-0.10327260644640007
3327.0;0.0;-0.0007050855367077426;0.0;0.10771992373393467;0.0;0.0;0.0;0.0;0.0;0.0;2.729051827557659;0.0;0.4053269954370359;-3.1338176677164076;0.0;0.0;0.0;0.0;0.0;40.25418732745484;401.74686720424;51.39301907582559;335.61900434916663;-0.10327260644640007
3328.0;0.0;-0.0007050855367077426;0.0;0.10771992373393467;0.0;0.0;0.0;0.0;0.0;0.0;2.729051827557659;0.0;0.4053269954370359;-3.1338176677164076;0.0;0.0;0.0;0.0;0.0;40.25418732745484;401.74686720424;51.39301907582559;335.61900434916663;-0.10327260644640007
3329.0;0.0;-0.0007050855367077426;0.0;0.10771992373393467;0.0;0.0;0.0;0.0;0.0;0.0;2.729051827557659;0.0;0.4053269954370359;-3.1338176677164076;0.0;0.0;0.0;0.0;0.0;40.25418732745484;401.74686720424;51.39301907582559;335.61900434916663;-0.10327260644640007
3330.0;0.0;-0.0007050855367077426;0.0;0.10771992373393467;0.0;0.0;0.0;0.0;0.0;0.0;2.729051827557659;0.0;0.4053269954370359;-3.1338176677164076;0.0;0.0;0.0;0.0;0.0;40.25418732745484;401.74686720424;51.39301907582559;335.61900434916663;-0.10327260644640007
3331.0;0.0;-0.0007050855367077426;0.0;0.10771992373393467;0.0;0.0;0.0;0.0;0.0;0.0;2.729051827557659;0.0;0.4053269954370359;-3.1338176677164076;0.0;0.0;0.0;0.0;0.0;40.25418732745484;401.74686720424;51.39301907582559;335.61900434916663;-0.10327260644640007
3332.0;0.0;-0.0007050855367077426;0.0;0.10771992373393467;0.0;0.0;0.0;0.0;0.0;0.0;2.729051827557659;0.0;0.4053269954370359;-3.1338176677164076;0.0;0.0;0.0;0.0;0.0;40.25418732745484;401.74686720424;51.39301907582559;335.61900434916663;-0.10327260644640007
3333.0;0.0;-0.0007050855367077426;0.0;0.10771992373393467;0.0;0.0;0.0;0.0;0.0;0.0;2.729051827557659;0.0;0.4053269954370359;-3.1338176677164076;0.0;0.0;0.0;0.0;0.0;40.25418732745484;401.74686720424;51.39301907582559;335.61900434916663;-0.10327260644640007
3334.0;0.0;-0.0007050855367077426;0.0;0.10771992373393467;0.0;0.0;0.0;0.0;0.0;0.0;2.729051827557659;0.0;0.4053269954370359;-3.1338176677164076;0.0;0.0;0.0;0.0;0.0;40.25418732745484;401.74686720424;51.39301907582559;335.61900434916663;-0.10327260644640007
3335.0;0.0;-0.0007050855367077426;0.0;0.10771992373393467;0.0;0.0;0.0;0.0;0.0;0.0;2.729051827557659;0.0;0.4053269954370359;-3.1338176677164076;0.0;0.0;0.0;0.0;0.0;40.25418732745484;401.74686720424;51.39301907582559;335.61900434916663;-0.10327260644640007
3336.0;0.0;-0.0007050855367077426;0.0;0.10771992373393467;0.0;0.0;0.0;0.0;0.0;0.0;2.729051827557659;0.0;0.4053269954370359;-3.1338176677164076;0.0;0.0;0.0;0.0;0.0;40.25418732745484;401.74686720424;51.39301907582559;335.61900434916663;-0.10327260644640007
3337.0;0.0;-0.0006213075357313987;0.0;0.10771992373393467;0.0;0.0;0.0;0.0;0.0;0.0;3.2004451563797773;0.0;0.6361080137478691;-3.836153313853218;0.0;0.0;0.0;0.0;0.0;40.25418732745484;401.74686720424;51.39301907582559;335.61900434916663;-0.10327260644640007
3338.0;0.0;-0.0006213075357313987;0.0;0.10771992373393467;0.0;0.0;0.0;0.0;0.0;0.0;3.2004451563797773;0.0;0.6361080137478691;-3.836153313853218;0.0;0.0;0.0;0.0;0.0;40.25418732745484;401.74686720424;51.39301907582559;335.61900434916663;-0.10327260644640007
3339.0;0.0;-0.0006213075357313987;0.0;0.10771992373393467;0.0;0.0;0.0;0.0;0.0;0.0;3.2004451563797773;0.0;0.6361080137478691;-3.836153313853218;0.0;0.0;0.0;0.0;0.0;40.25418732745484;401.74686720424;51.39301907582559;335.61900434916663;-0.10327260644640007
3340.0;0.0;-0.0006213075357313987;0.0;0.10771992373393467;0.0;0.0;0.0;0.0;0.0;0.0;3.2004451563797773;0.0;0.6361080137478691;-3.836153313853218;0.0;0.0;0.0;0.0;0.0;40.25418732745484;401.74686720424;51.39301907582559;335.61900434916663;-0.10327260644640007
3341.0;0.0;-0.0006213075357313987;0.0;0.10771992373393467;0.0;0.0;0.0;0.0;0.0;0.0;3.2004451563797773;0.0;0.6361080137478691;-3.836153313853218;0.0;0.0;0.0;0.0;0.0;40.25418732745484;401.74686720424;51.39301907582559;335.61900434916663;-0.10327260644640007
3342.0;0.0;-0.0006213075357313987;0.0;0.10771992373393467;0.0;0.0;0.0;0.0;0.0;0.0;3.2004451563797773;0.0;0.6361080137478691;-3.836153313853218;0.0;0.0;0.0;0.0;0.0;40.25418732745484;401.74686720424;51.39301907582559;335.61900434916663;-0.10327260644640007
3343.0;0.0;-0.0006213075357313987;0.0;0.10771992373393467;0.0;0.0;0.0;0.0;0.0;0.0;3.2004451563797773;0.0;0.6361080137478691;-3.836153313853218;0.0;0.0;0.0;0.0;0.0;40.25418732745484;401.74686720424;51.39301907582559;335.61900434916663;-0.10327260644640007
3344.0;0.0;-0.0006213075357313987;0.0;0.10771992373393467;0.0;0.0;0.0;0.0;0.0;0.0;3.2004451563797773;0.0;0.6361080137478691;-3.836153313853218;0.0;0.0;0.0;0.0;0.0;40.25418732745484;401.74686720424;51.39301907582559;335.61900434916663;-0.10327260644640007
3345.0;0.0;-0.0006213075357313987;0.0;0.10771992373393467;0.0;0.0;0.0;0.0;0.0;0.0;3.2004451563797773;0.0;0.6361080137478691;-3.836153313853218;0.0;0.0;0.0;0.0;0.0;40.25418732745484;401.74686720424;51.39301907582559;335.61900434916663;-0.10327260644640007
3346.0;0.0;-0.0006213075357313987;0.0;0.10771992373393467;0.0;0.0;0.0;0.0;0.0;0.0;3.2004451563797773;0.0;0.6361080137478691;-3.836153313853218;0.0;0.0;0.0;0.0;0.0;40.25418732745484;401.74686720424;51.39301907582559;335.61900434916663;-0.10327260644640007
3347.0;0.0;-0.0006213075357313987;0.0;0.10771992373393467;0.0;0.0;0.0;0.0;0.0;0.0;3.2004451563797773;0.0;0.6361080137478691;-3.836153313853218;0.0;0.0;0.0;0.0;0.0;40.25418732745484;401.74686720424;51.39301907582559;335.61900434916663;-0.10327260644640007
3348.0;0.0;-0.0006213075357313987;0.0;0.10771992373393467;0.0;0.0;0.0;0.0;0.0;0.0;3.2004451563797773;0.0;0.6361080137478691;-3.836153313853218;0.0;0.0;0.0;0.0;0.0;40.25418732745484;401.74686720424;51.39301907582559;335.61900434916663;-0.10327260644640007
3349.0;0.0;-0.0006213075357313987;0.0;0.10771992373393467;0.0;0.0;0.0;0.0;0.0;0.0;3.2004451563797773;0.0;0.6361080137478691;-3.836153313853218;0.0;0.0;0.0;0.0;0.0;40.25418732745484;401.74686720424;51.39301907582559;335.61900434916663;-0.10327260644640007
3350.0;0.0;-0.0006213075357313987;0.0;0.10771992373393467;0.0;0.0;0.0;0.0;0.0;0.0;3.2004451563797773;0.0;0.6361080137478691;-3.836153313853218;0.0;0.0;0.0;0.0;0.0;40.25418732745484;401.74686720424;51.39301907582559;335.61900434916663;-0.10327260644640007
3351.0;0.0;-0.0006213075357313987;0.0;0.10771992373393467;0.0;0.0;0.0;0.0;0.0;0.0;3.2004451563797773;0.0;0.6361080137478691;-3.836153313853218;0.0;0.0;0.0;0.0;0.0;40.25418732745484;401.74686720424;51.39301907582559;335.61900434916663;-0.10327260644640007
3352.0;0.0;-0.0006213075357313987;0.0;0.10771992373393467;0.0;0.0;0.0;0.0;0.0;0.0;3.2004451563797773;0.0;0.6361080137478691;-3.836153313853218;0.0;0.0;0.0;0.0;0.0;40.25418732745484;401.74686720424;51.39301907582559;335.61900434916663;-0.10327260644640007
3353.0;0.0;-0.0006213075357313987;0.0;0.10771992373393467;0.0;0.0;0.0;0.0;0.0;0.0;3.2004451563797773;0.0;0.6361080137478691;-3.836153313853218;0.0;0.0;0.0;0.0;0.0;40.25418732745484;401.74686720424;51.39301907582559;335.61900434916663;-0.10327260644640007
3354.0;0.0;-0.0006213075357313987;0.0;0.10771992373393467;0.0;0.0;0.0;0.0;0.0;0.0;3.2004451563797773;0.0;0.6361080137478691;-3.836153313853218;0.0;0.0;0.0;0.0;0.0;40.25418732745484;401.74686720424;51.39301907582559;335.61900434916663;-0.10327260644640007
3355.0;0.0;-0.0006213075357313987;0.0;0.10771992373393467;0.0;0.0;0.0;0.0;0.0;0.0;3.2004451563797773;0.0;0.6361080137478691;-3.836153313853218;0.0;0.0;0.0;0.0;0.0;40.25418732745484;401.74686720424;51.39301907582559;335.61900434916663;-0.10327260644640007
3356.0;0.0;-0.0006213075357313987;0.0;0.10771992373393467;0.0;0.0;0.0;0.0;0.0;0.0;3.2004451563797773;0.0;0.6361080137478691;-3.836153313853218;0.0;0.0;0.0;0.0;0.0;40.25418732745484;401.74686720424;51.39301907582559;335.61900434916663;-0.10327260644640007
3357.0;0.0;-0.0006213075357313987;0.0;0.10771992373393467;0.0;0.0;0.0;0.0;0.0;0.0;3.2004451563797773;0.0;0.6361080137478691;-3.836153313853218;0.0;0.0;0.0;0.0;0.0;40.25418732745484;401.74686720424;51.39301907582559;335.61900434916663;-0.10327260644640007
3358.0;0.0;-0.0006213075357313987;0.0;0.10771992373393467;0.0;0.0;0.0;0.0;0.0;0.0;3.2004451563797773;0.0;0.6361080137478691;-3.836153313853218;0.0;0.0;0.0;0.0;0.0;40.25418732745484;401.74686720424;51.39301907582559;335.61900434916663;-0.10327260644640007
3359.0;0.0;-0.0006213075357313987;0.0;0.10771992373393467;0.0;0.0;0.0;0.0;0.0;0.0;3.2004451563797773;0.0;0.6361080137478691;-3.836153313853218;0.0;0.0;0.0;0.0;0.0;40.25418732745484;401.74686720424;51.39301907582559;335.61900434916663;-0.10327260644640007
3360.0;0.0;-0.0006213075357313987;0.0;0.10771992373393467;0.0;0.0;0.0;0.0;0.0;0.0;3.2004451563797773;0.0;0.6361080137478691;-3.836153313853218;0.0;0.0;0.0;0.0;0.0;40.25418732745484;401.74686720424;51.39301907582559;335.61900434916663;-0.10327260644640007
3361.0;0.0;-0.0008134319091985244;0.0;0.10771992373393467;0.0;0.0;0.0;0.0;0.0;0.0;3.399152446978546;0.0;0.669078468147619;-4.067230448927808;0.0;0.0;0.0;0.0;0.0;40.25418732745484;401.74686720424;51.39301907582559;335.61900434916663;-0.10327260644640007
3362.0;0.0;-0.0008134319091985244;0.0;0.10771992373393467;0.0;0.0;0.0;0.0;0.0;0.0;3.399152446978546;0.0;0.669078468147619;-4.067230448927808;0.0;0.0;0.0;0.0;0.0;40.25418732745484;401.74686720424;51.39301907582559;335.61900434916663;-0.10327260644640007
3363.0;0.0;-0.0008134319091985244;0.0;0.10771992373393467;0.0;0.0;0.0;0.0;0.0;0.0;3.399152446978546;0.0;0.669078468147619;-4.067230448927808;0.0;0.0;0.0;0.0;0.0;40.25418732745484;401.74686720424;51.39301907582559;335.61900434916663;-0.10327260644640007
3364.0;0.0;-0.0008134319091985244;0.0;0.10771992373393467;0.0;0.0;0.0;0.0;0.0;0.0;3.399152446978546;0.0;0.669078468147619;-4.067230448927808;0.0;0.0;0.0;0.0;0.0;40.25418732745484;401.74686720424;51.39301907582559;335.61900434916663;-0.10327260644640007
3365.0;0.0;-0.0008134319091985244;0.0;0.10771992373393467;0.0;0.0;0.0;0.0;0.0;0.0;3.399152446978546;0.0;0.669078468147619;-4.067230448927808;0.0;0.0;0.0;0.0;0.0;40.25418732745484;401.74686720424;51.39301907582559;335.61900434916663;-0.10327260644640007
3366.0;0.0;-0.0008134319091985244;0.0;0.10771992373393467;0.0;0.0;0.0;0.0;0.0;0.0;3.399152446978546;0.0;0.669078468147619;-4.067230448927808;0.0;0.0;0.0;0.0;0.0;40.25418732745484;401.74686720424;51.39301907582559;335.61900434916663;-0.10327260644640007
3367.0;0.0;-0.0008134319091985244;0.0;0.10771992373393467;0.0;0.0;0.0;0.0;0.0;0.0;3.399152446978546;0.0;0.669078468147619;-4.067230448927808;0.0;0.0;0.0;0.0;0.0;40.25418732745484;401.74686720424;51.39301907582559;335.61900434916663;-0.10327260644640007
3368.0;0.0;-0.0008134319091985244;0.0;0.10771992373393467;0.0;0.0;0.0;0.0;0.0;0.0;3.399152446978546;0.0;0.669078468147619;-4.067230448927808;0.0;0.0;0.0;0.0;0.0;40.25418732745484;401.74686720424;51.39301907582559;335.61900434916663;-0.10327260644640007
3369.0;0.0;-0.0008134319091985244;0.0;0.10771992373393467;0.0;0.0;0.0;0.0;0.0;0.0;3.399152446978546;0.0;0.669078468147619;-4.067230448927808;0.0;0.0;0.0;0.0;0.0;40.25418732745484;401.74686720424;51.39301907582559;335.61900434916663;-0.10327260644640007
3370.0;0.0;-0.0008134319091985244;0.0;0.10771992373393467;0.0;0.0;0.0;0.0;0.0;0.0;3.399152446978546;0.0;0.669078468147619;-4.067230448927808;0.0;0.0;0.0;0.0;0.0;40.25418732745484;401.74686720424;51.39301907582559;335.61900434916663;-0.10327260644640007
3371.0;0.0;-0.0008134319091985244;0.0;0.10771992373393467;0.0;0.0;0.0;0.0;0.0;0.0;3.399152446978546;0.0;0.669078468147619;-4.067230448927808;0.0;0.0;0.0;0.0;0.0;40.25418732745484;401.74686720424;51.39301907582559;335.61900434916663;-0.10327260644640007
3372.0;0.0;-0.0008134319091985244;0.0;0.10771992373393467;0.0;0.0;0.0;0.0;0.0;0.0;3.399152446978546;0.0;0.669078468147619;-4.067230448927808;0.0;0.0;0.0;0.0;0.0;40.25418732745484;401.74686720424;51.39301907582559;335.61900434916663;-0.10327260644640007
3373.0;0.0;-0.0008134319091985244;0.0;0.10771992373393467;0.0;0.0;0.0;0.0;0.0;0.0;3.399152446978546;0.0;0.669078468147619;-4.067230448927808;0.0;0.0;0.0;0.0;0.0;40.25418732745484;401.74686720424;51.39301907582559;335.61900434916663;-0.10327260644640007
3374.0;0.0;-0.0008134319091985244;0.0;0.10771992373393467;0.0;0.0;0.0;0.0;0.0;0.0;3.399152446978546;0.0;0.669078468147619;-4.067230448927808;0.0;0.0;0.0;0.0;0.0;40.25418732745484;401.74686720424;51.39301907582559;335.61900434916663;-0.10327260644640007
3375.0;0.0;-0.0008134319091985244;0.0;0.10771992373393467;0.0;0.0;0.0;0.0;0.0;0.0;3.399152446978546;0.0;0.669078468147619;-4.067230448927808;0.0;0.0;0.0;0.0;0.0;40.25418732745484;401.74686720424;51.39301907582559;335.61900434916663;-0.10327260644640007
3376.0;0.0;-0.0008134319091985244;0.0;0.10771992373393467;0.0;0.0;0.0;0.0;0.0;0.0;3.399152446978546;0.0;0.669078468147619;-4.067230448927808;0.0;0.0;0.0;0.0;0.0;40.25418732745484;401.74686720424;51.39301907582559;335.61900434916663;-0.10327260644640007
3377.0;0.0;-0.0008134319091985244;0.0;0.10771992373393467;0.0;0.0;0.0;0.0;0.0;0.0;3.399152446978546;0.0;0.669078468147619;-4.067230448927808;0.0;0.0;0.0;0.0;0.0;40.25418732745484;401.74686720424;51.39301907582559;335.61900434916663;-0.10327260644640007
3378.0;0.0;-0.0008134319091985244;0.0;0.10771992373393467;0.0;0.0;0.0;0.0;0.0;0.0;3.399152446978546;0.0;0.669078468147619;-4.067230448927808;0.0;0.0;0.0;0.0;0.0;40.25418732745484;401.74686720424;51.39301907582559;335.61900434916663;-0.10327260644640007
3379.0;0.0;-0.0008134319091985244;0.0;0.10771992373393467;0.0;0.0;0.0;0.0;0.0;0.0;3.399152446978546;0.0;0.669078468147619;-4.067230448927808;0.0;0.0;0.0;0.0;0.0;40.25418732745484;401.74686720424;51.39301907582559;335.61900434916663;-0.10327260644640007
3380.0;0.0;-0.0008134319091985244;0.0;0.10771992373393467;0.0;0.0;0.0;0.0;0.0;0.0;3.399152446978546;0.0;0.669078468147619;-4.067230448927808;0.0;0.0;0.0;0.0;0.0;40.25418732745484;401.74686720424;51.39301907582559;335.61900434916663;-0.10327260644640007
3381.0;0.0;-0.0008134319091985244;0.0;0.10771992373393467;0.0;0.0;0.0;0.0;0.0;0.0;3.399152446978546;0.0;0.669078468147619;-4.067230448927808;0.0;0.0;0.0;0.0;0.0;40.25418732745484;401.74686720424;51.39301907582559;335.61900434916663;-0.10327260644640007
3382.0;0.0;-0.0008134319091985244;0.0;0.10771992373393467;0.0;0.0;0.0;0.0;0.0;0.0;3.399152446978546;0.0;0.669078468147619;-4.067230448927808;0.0;0.0;0.0;0.0;0.0;40.25418732745484;401.74686720424;51.39301907582559;335.61900434916663;-0.10327260644640007
3383.0;0.0;-0.0008134319091985244;0.0;0.10771992373393467;0.0;0.0;0.0;0.0;0.0;0.0;3.399152446978546;0.0;0.669078468147619;-4.067230448927808;0.0;0.0;0.0;0.0;0.0;40.25418732745484;401.74686720424;51.39301907582559;335.61900434916663;-0.10327260644640007
3384.0;0.0;-0.0008134319091985244;0.0;0.10771992373393467;0.0;0.0;0.0;0.0;0.0;0.0;3.399152446978546;0.0;0.669078468147619;-4.067230448927808;0.0;0.0;0.0;0.0;0.0;40.25418732745484;401.74686720424;51.39301907582559;335.61900434916663;-0.10327260644640007
3385.0;0.0;-0.00048624833657153756;0.0;0.10771992373393467;0.0;0.0;0.0;0.0;0.0;0.0;2.3594670525387227;0.0;0.31804786578721356;-2.677009431090941;0.0;0.0;0.0;0.0;0.0;40.25418732745484;401.74686720424;51.39301907582559;335.61900434916663;-0.10327260644640007
3386.0;0.0;-0.00048624833657153756;0.0;0.10771992373393467;0.0;0.0;0.0;0.0;0.0;0.0;2.3594670525387227;0.0;0.31804786578721356;-2.677009431090941;0.0;0.0;0.0;0.0;0.0;40.25418732745484;401.74686720424;51.39301907582559;335.61900434916663;-0.10327260644640007
3387.0;0.0;-0.00048624833657153756;0.0;0.10771992373393467;0.0;0.0;0.0;0.0;0.0;0.0;2.3594670525387227;0.0;0.31804786578721356;-2.677009431090941;0.0;0.0;0.0;0.0;0.0;40.25418732745484;401.74686720424;51.39301907582559;335.61900434916663;-0.10327260644640007
3388.0;0.0;-0.00048624833657153756;0.0;0.10771992373393467;0.0;0.0;0.0;0.0;0.0;0.0;2.3594670525387227;0.0;0.31804786578721356;-2.677009431090941;0.0;0.0;0.0;0.0;0.0;40.25418732745484;401.74686720424;51.39301907582559;335.61900434916663;-0.10327260644640007
3389.0;0.0;-0.00048624833657153756;0.0;0.10771992373393467;0.0;0.0;0.0;0.0;0.0;0.0;2.3594670525387227;0.0;0.31804786578721356;-2.677009431090941;0.0;0.0;0.0;0.0;0.0;40.25418732745484;401.74686720424;51.39301907582559;335.61900434916663;-0.10327260644640007
3390.0;0.0;-0.00048624833657153756;0.0;0.10771992373393467;0.0;0.0;0.0;0.0;0.0;0.0;2.3594670525387227;0.0;0.31804786578721356;-2.677009431090941;0.0;0.0;0.0;0.0;0.0;40.25418732745484;401.74686720424;51.39301907582559;335.61900434916663;-0.10327260644640007
3391.0;0.0;-0.00048624833657153756;0.0;0.10771992373393467;0.0;0.0;0.0;0.0;0.0;0.0;2.3594670525387227;0.0;0.31804786578721356;-2.677009431090941;0.0;0.0;0.0;0.0;0.0;40.25418732745484;401.74686720424;51.39301907582559;335.61900434916663;-0.10327260644640007
3392.0;0.0;-0.00048624833657153756;0.0;0.10771992373393467;0.0;0.0;0.0;0.0;0.0;0.0;2.3594670525387227;0.0;0.31804786578721356;-2.677009431090941;0.0;0.0;0.0;0.0;0.0;40.25418732745484;401.74686720424;51.39301907582559;335.61900434916663;-0.10327260644640007
3393.0;0.0;-0.00048624833657153756;0.0;0.10771992373393467;0.0;0.0;0.0;0.0;0.0;0.0;2.3594670525387227;0.0;0.31804786578721356;-2.677009431090941;0.0;0.0;0.0;0.0;0.0;40.25418732745484;401.74686720424;51.39301907582559;335.61900434916663;-0.10327260644640007
3394.0;0.0;-0.00048624833657153756;0.0;0.10771992373393467;0.0;0.0;0.0;0.0;0.0;0.0;2.3594670525387227;0.0;0.31804786578721356;-2.677009431090941;0.0;0.0;0.0;0.0;0.0;40.25418732745484;401.74686720424;51.39301907582559;335.61900434916663;-0.10327260644640007
3395.0;0.0;-0.00048624833657153756;0.0;0.10771992373393467;0.0;0.0;0.0;0.0;0.0;0.0;2.3594670525387227;0.0;0.31804786578721356;-2.677009431090941;0.0;0.0;0.0;0.0;0.0;40.25418732745484;401.74686720424;51.39301907582559;335.61900434916663;-0.10327260644640007
3396.0;0.0;-0.00048624833657153756;0.0;0.10771992373393467;0.0;0.0;0.0;0.0;0.0;0.0;2.3594670525387227;0.0;0.31804786578721356;-2.677009431090941;0.0;0.0;0.0;0.0;0.0;40.25418732745484;401.74686720424;51.39301907582559;335.61900434916663;-0.10327260644640007
3397.0;0.0;-0.00048624833657153756;0.0;0.10771992373393467;0.0;0.0;0.0;0.0;0.0;0.0;2.3594670525387227;0.0;0.31804786578721356;-2.677009431090941;0.0;0.0;0.0;0.0;0.0;40.25418732745484;401.74686720424;51.39301907582559;335.61900434916663;-0.10327260644640007
3398.0;0.0;-0.00048624833657153756;0.0;0.10771992373393467;0.0;0.0;0.0;0.0;0.0;0.0;2.3594670525387227;0.0;0.31804786578721356;-2.677009431090941;0.0;0.0;0.0;0.0;0.0;40.25418732745484;401.74686720424;51.39301907582559;335.61900434916663;-0.10327260644640007
3399.0;0.0;-0.00048624833657153756;0.0;0.10771992373393467;0.0;0.0;0.0;0.0;0.0;0.0;2.3594670525387227;0.0;0.31804786578721356;-2.677009431090941;0.0;0.0;0.0;0.0;0.0;40.25418732745484;401.74686720424;51.39301907582559;335.61900434916663;-0.10327260644640007
3400.0;0.0;-0.00048624833657153756;0.0;0.10771992373393467;0.0;0.0;0.0;0.0;0.0;0.0;2.3594670525387227;0.0;0.31804786578721356;-2.677009431090941;0.0;0.0;0.0;0.0;0.0;40.25418732745484;401.74686720424;51.39301907582559;335.61900434916663;-0.10327260644640007
3401.0;0.0;-0.00048624833657153756;0.0;0.10771992373393467;0.0;0.0;0.0;0.0;0.0;0.0;2.3594670525387227;0.0;0.31804786578721356;-2.677009431090941;0.0;0.0;0.0;0.0;0.0;40.25418732745484;401.74686720424;51.39301907582559;335.61900434916663;-0.10327260644640007
3402.0;0.0;-0.00048624833657153756;0.0;0.10771992373393467;0.0;0.0;0.0;0.0;0.0;0.0;2.3594670525387227;0.0;0.31804786578721356;-2.677009431090941;0.0;0.0;0.0;0.0;0.0;40.25418732745484;401.74686720424;51.39301907582559;335.61900434916663;-0.10327260644640007
3403.0;0.0;-0.00048624833657153756;0.0;0.10771992373393467;0.0;0.0;0.0;0.0;0.0;0.0;2.3594670525387227;0.0;0.31804786578721356;-2.677009431090941;0.0;0.0;0.0;0.0;0.0;40.25418732745484;401.74686720424;51.39301907582559;335.61900434916663;-0.10327260644640007
3404.0;0.0;-0.00048624833657153756;0.0;0.10771992373393467;0.0;0.0;0.0;0.0;0.0;0.0;2.3594670525387227;0.0;0.31804786578721356;-2.677009431090941;0.0;0.0;0.0;0.0;0.0;40.25418732745484;401.74686720424;51.39301907582559;335.61900434916663;-0.10327260644640007
3405.0;0.0;-0.00048624833657153756;0.0;0.10771992373393467;0.0;0.0;0.0;0.0;0.0;0.0;2.3594670525387227;0.0;0.31804786578721356;-2.677009431090941;0.0;0.0;0.0;0.0;0.0;40.25418732745484;401.74686720424;51.39301907582559;335.61900434916663;-0.10327260644640007
3406.0;0.0;-0.00048624833657153756;0.0;0.10771992373393467;0.0;0.0;0.0;0.0;0.0;0.0;2.3594670525387227;0.0;0.31804786578721356;-2.677009431090941;0.0;0.0;0.0;0.0;0.0;40.25418732745484;401.74686720424;51.39301907582559;335.61900434916663;-0.10327260644640007
3407.0;0.0;-0.00048624833657153756;0.0;0.10771992373393467;0.0;0.0;0.0;0.0;0.0;0.0;2.3594670525387227;0.0;0.31804786578721356;-2.677009431090941;0.0;0.0;0.0;0.0;0.0;40.25418732745484;401.74686720424;51.39301907582559;335.61900434916663;-0.10327260644640007
3408.0;0.0;-0.00048624833657153756;0.0;0.10771992373393467;0.0;0.0;0.0;0.0;0.0;0.0;2.3594670525387227;0.0;0.31804786578721356;-2.677009431090941;0.0;0.0;0.0;0.0;0.0;40.25418732745484;401.74686720424;51.39301907582559;335.61900434916663;-0.10327260644640007
3409.0;0.0;-0.000828481037675125;0.0;0.10771992373393467;0.0;0.0;0.0;0.0;0.0;0.0;3.267249720634953;0.0;0.857817120206532;-4.124587056414783;0.0;0.0;0.0;0.0;0.0;40.25418732745484;401.74686720424;51.39301907582559;335.61900434916663;-0.10327260644640007
3410.0;0.0;-0.000828481037675125;0.0;0.10771992373393467;0.0;0.0;0.0;0.0;0.0;0.0;3.267249720634953;0.0;0.857817120206532;-4.124587056414783;0.0;0.0;0.0;0.0;0.0;40.25418732745484;401.74686720424;51.39301907582559;335.61900434916663;-0.10327260644640007
3411.0;0.0;-0.000828481037675125;0.0;0.10771992373393467;0.0;0.0;0.0;0.0;0.0;0.0;3.267249720634953;0.0;0.857817120206532;-4.124587056414783;0.0;0.0;0.0;0.0;0.0;40.25418732745484;401.74686720424;51.39301907582559;335.61900434916663;-0.10327260644640007
3412.0;0.0;-0.000828481037675125;0.0;0.10771992373393467;0.0;0.0;0.0;0.0;0.0;0.0;3.267249720634953;0.0;0.857817120206532;-4.124587056414783;0.0;0.0;0.0;0.0;0.0;40.25418732745484;401.74686720424;51.39301907582559;335.61900434916663;-0.10327260644640007
3413.0;0.0;-0.000828481037675125;0.0;0.10771992373393467;0.0;0.0;0.0;0.0;0.0;0.0;3.267249720634953;0.0;0.857817120206532;-4.124587056414783;0.0;0.0;0.0;0.0;0.0;40.25418732745484;401.74686720424;51.39301907582559;335.61900434916663;-0.10327260644640007
3414.0;0.0;-0.000828481037675125;0.0;0.10771992373393467;0.0;0.0;0.0;0.0;0.0;0.0;3.267249720634953;0.0;0.857817120206532;-4.124587056414783;0.0;0.0;0.0;0.0;0.0;40.25418732745484;401.74686720424;51.39301907582559;335.61900434916663;-0.10327260644640007
3415.0;0.0;-0.000828481037675125;0.0;0.10771992373393467;0.0;0.0;0.0;0.0;0.0;0.0;3.267249720634953;0.0;0.857817120206532;-4.124587056414783;0.0;0.0;0.0;0.0;0.0;40.25418732745484;401.74686720424;51.39301907582559;335.61900434916663;-0.10327260644640007
3416.0;0.0;-0.000828481037675125;0.0;0.10771992373393467;0.0;0.0;0.0;0.0;0.0;0.0;3.267249720634953;0.0;0.857817120206532;-4.124587056414783;0.0;0.0;0.0;0.0;0.0;40.25418732745484;401.74686720424;51.39301907582559;335.61900434916663;-0.10327260644640007
3417.0;0.0;-0.000828481037675125;0.0;0.10771992373393467;0.0;0.0;0.0;0.0;0.0;0.0;3.267249720634953;0.0;0.857817120206532;-4.124587056414783;0.0;0.0;0.0;0.0;0.0;40.25418732745484;401.74686720424;51.39301907582559;335.61900434916663;-0.10327260644640007
3418.0;0.0;-0.000828481037675125;0.0;0.10771992373393467;0.0;0.0;0.0;0.0;0.0;0.0;3.267249720634953;0.0;0.857817120206532;-4.124587056414783;0.0;0.0;0.0;0.0;0.0;40.25418732745484;401.74686720424;51.39301907582559;335.61900434916663;-0.10327260644640007
3419.0;0.0;-0.000828481037675125;0.0;0.10771992373393467;0.0;0.0;0.0;0.0;0.0;0.0;3.267249720634953;0.0;0.857817120206532;-4.124587056414783;0.0;0.0;0.0;0.0;0.0;40.25418732745484;401.74686720424;51.39301907582559;335.61900434916663;-0.10327260644640007
3420.0;0.0;-0.000828481037675125;0.0;0.10771992373393467;0.0;0.0;0.0;0.0;0.0;0.0;3.267249720634953;0.0;0.857817120206532;-4.124587056414783;0.0;0.0;0.0;0.0;0.0;40.25418732745484;401.74686720424;51.39301907582559;335.61900434916663;-0.10327260644640007
3421.0;0.0;-0.000828481037675125;0.0;0.10771992373393467;0.0;0.0;0.0;0.0;0.0;0.0;3.267249720634953;0.0;0.857817120206532;-4.124587056414783;0.0;0.0;0.0;0.0;0.0;40.25418732745484;401.74686720424;51.39301907582559;335.61900434916663;-0.10327260644640007
3422.0;0.0;-0.000828481037675125;0.0;0.10771992373393467;0.0;0.0;0.0;0.0;0.0;0.0;3.267249720634953;0.0;0.857817120206532;-4.124587056414783;0.0;0.0;0.0;0.0;0.0;40.25418732745484;401.74686720424;51.39301907582559;335.61900434916663;-0.10327260644640007
3423.0;0.0;-0.000828481037675125;0.0;0.10771992373393467;0.0;0.0;0.0;0.0;0.0;0.0;3.267249720634953;0.0;0.857817120206532;-4.124587056414783;0.0;0.0;0.0;0.0;0.0;40.25418732745484;401.74686720424;51.39301907582559;335.61900434916663;-0.10327260644640007
3424.0;0.0;-0.000828481037675125;0.0;0.10771992373393467;0.0;0.0;0.0;0.0;0.0;0.0;3.267249720634953;0.0;0.857817120206532;-4.124587056414783;0.0;0.0;0.0;0.0;0.0;40.25418732745484;401.74686720424;51.39301907582559;335.61900434916663;-0.10327260644640007
3425.0;0.0;-0.000828481037675125;0.0;0.10771992373393467;0.0;0.0;0.0;0.0;0.0;0.0;3.267249720634953;0.0;0.857817120206532;-4.124587056414783;0.0;0.0;0.0;0.0;0.0;40.25418732745484;401.74686720424;51.39301907582559;335.61900434916663;-0.10327260644640007
3426.0;0.0;-0.000828481037675125;0.0;0.10771992373393467;0.0;0.0;0.0;0.0;0.0;0.0;3.267249720634953;0.0;0.857817120206532;-4.124587056414783;0.0;0.0;0.0;0.0;0.0;40.25418732745484;401.74686720424;51.39301907582559;335.61900434916663;-0.10327260644640007
3427.0;0.0;-0.000828481037675125;0.0;0.10771992373393467;0.0;0.0;0.0;0.0;0.0;0.0;3.267249720634953;0.0;0.857817120206532;-4.124587056414783;0.0;0.0;0.0;0.0;0.0;40.25418732745484;401.74686720424;51.39301907582559;335.61900434916663;-0.10327260644640007
3428.0;0.0;-0.000828481037675125;0.0;0.10771992373393467;0.0;0.0;0.0;0.0;0.0;0.0;3.267249720634953;0.0;0.857817120206532;-4.124587056414783;0.0;0.0;0.0;0.0;0.0;40.25418732745484;401.74686720424;51.39301907582559;335.61900434916663;-0.10327260644640007
3429.0;0.0;-0.000828481037675125;0.0;0.10771992373393467;0.0;0.0;0.0;0.0;0.0;0.0;3.267249720634953;0.0;0.857817120206532;-4.124587056414783;0.0;0.0;0.0;0.0;0.0;40.25418732745484;401.74686720424;51.39301907582559;335.61900434916663;-0.10327260644640007
3430.0;0.0;-0.000828481037675125;0.0;0.10771992373393467;0.0;0.0;0.0;0.0;0.0;0.0;3.267249720634953;0.0;0.857817120206532;-4.124587056414783;0.0;0.0;0.0;0.0;0.0;40.25418732745484;401.74686720424;51.39301907582559;335.61900434916663;-0.10327260644640007
3431.0;0.0;-0.000828481037675125;0.0;0.10771992373393467;0.0;0.0;0.0;0.0;0.0;0.0;3.267249720634953;0.0;0.857817120206532;-4.124587056414783;0.0;0.0;0.0;0.0;0.0;40.25418732745484;401.74686720424;51.39301907582559;335.61900434916663;-0.10327260644640007
3432.0;0.0;-0.000828481037675125;0.0;0.10771992373393467;0.0;0.0;0.0;0.0;0.0;0.0;3.267249720634953;0.0;0.857817120206532;-4.124587056414783;0.0;0.0;0.0;0.0;0.0;40.25418732745484;401.74686720424;51.39301907582559;335.61900434916663;-0.10327260644640007
3433.0;0.0;-2.0729604678978107e-5;0.0;0.10771992373393467;0.0;0.0;0.0;0.0;0.0;0.00015163676452016638;2.084876139154415;4.9003101538077816e-5;2.3479838693927326;-4.43306258203045;0.0;0.0;0.0;0.0;0.0;40.25418732745484;401.74686720424;51.39301907582559;335.61900434916663;-0.10327260644640007
3434.0;0.0;-2.0729604678978107e-5;0.0;0.10771992373393467;0.0;0.0;0.0;0.0;0.0;0.00015163676452016638;2.084876139154415;4.9003101538077816e-5;2.3479838693927326;-4.43306258203045;0.0;0.0;0.0;0.0;0.0;40.25418732745484;401.74686720424;51.39301907582559;335.61900434916663;-0.10327260644640007
3435.0;0.0;-2.0729604678978107e-5;0.0;0.10771992373393467;0.0;0.0;0.0;0.0;0.0;0.00015163676452016638;2.084876139154415;4.9003101538077816e-5;2.3479838693927326;-4.43306258203045;0.0;0.0;0.0;0.0;0.0;40.25418732745484;401.74686720424;51.39301907582559;335.61900434916663;-0.10327260644640007
3436.0;0.0;-2.0729604678978107e-5;0.0;0.10771992373393467;0.0;0.0;0.0;0.0;0.0;0.00015163676452016638;2.084876139154415;4.9003101538077816e-5;2.3479838693927326;-4.43306258203045;0.0;0.0;0.0;0.0;0.0;40.25418732745484;401.74686720424;51.39301907582559;335.61900434916663;-0.10327260644640007
3437.0;0.0;-2.0729604678978107e-5;0.0;0.10771992373393467;0.0;0.0;0.0;0.0;0.0;0.00015163676452016638;2.084876139154415;4.9003101538077816e-5;2.3479838693927326;-4.43306258203045;0.0;0.0;0.0;0.0;0.0;40.25418732745484;401.74686720424;51.39301907582559;335.61900434916663;-0.10327260644640007
3438.0;0.0;-2.0729604678978107e-5;0.0;0.10771992373393467;0.0;0.0;0.0;0.0;0.0;0.00015163676452016638;2.084876139154415;4.9003101538077816e-5;2.3479838693927326;-4.43306258203045;0.0;0.0;0.0;0.0;0.0;40.25418732745484;401.74686720424;51.39301907582559;335.61900434916663;-0.10327260644640007
3439.0;0.0;-2.0729604678978107e-5;0.0;0.10771992373393467;0.0;0.0;0.0;0.0;0.0;0.00015163676452016638;2.084876139154415;4.9003101538077816e-5;2.3479838693927326;-4.43306258203045;0.0;0.0;0.0;0.0;0.0;40.25418732745484;401.74686720424;51.39301907582559;335.61900434916663;-0.10327260644640007
3440.0;0.0;-2.0729604678978107e-5;0.0;0.10771992373393467;0.0;0.0;0.0;0.0;0.0;0.00015163676452016638;2.084876139154415;4.9003101538077816e-5;2.3479838693927326;-4.43306258203045;0.0;0.0;0.0;0.0;0.0;40.25418732745484;401.74686720424;51.39301907582559;335.61900434916663;-0.10327260644640007
3441.0;0.0;-2.0729604678978107e-5;0.0;0.10771992373393467;0.0;0.0;0.0;0.0;0.0;0.00015163676452016638;2.084876139154415;4.9003101538077816e-5;2.3479838693927326;-4.43306258203045;0.0;0.0;0.0;0.0;0.0;40.25418732745484;401.74686720424;51.39301907582559;335.61900434916663;-0.10327260644640007
3442.0;0.0;-2.0729604678978107e-5;0.0;0.10771992373393467;0.0;0.0;0.0;0.0;0.0;0.00015163676452016638;2.084876139154415;4.9003101538077816e-5;2.3479838693927326;-4.43306258203045;0.0;0.0;0.0;0.0;0.0;40.25418732745484;401.74686720424;51.39301907582559;335.61900434916663;-0.10327260644640007
3443.0;0.0;-2.0729604678978107e-5;0.0;0.10771992373393467;0.0;0.0;0.0;0.0;0.0;0.00015163676452016638;2.084876139154415;4.9003101538077816e-5;2.3479838693927326;-4.43306258203045;0.0;0.0;0.0;0.0;0.0;40.25418732745484;401.74686720424;51.39301907582559;335.61900434916663;-0.10327260644640007
3444.0;0.0;-2.0729604678978107e-5;0.0;0.10771992373393467;0.0;0.0;0.0;0.0;0.0;0.00015163676452016638;2.084876139154415;4.9003101538077816e-5;2.3479838693927326;-4.43306258203045;0.0;0.0;0.0;0.0;0.0;40.25418732745484;401.74686720424;51.39301907582559;335.61900434916663;-0.10327260644640007
3445.0;0.0;-2.0729604678978107e-5;0.0;0.10771992373393467;0.0;0.0;0.0;0.0;0.0;0.00015163676452016638;2.084876139154415;4.9003101538077816e-5;2.3479838693927326;-4.43306258203045;0.0;0.0;0.0;0.0;0.0;40.25418732745484;401.74686720424;51.39301907582559;335.61900434916663;-0.10327260644640007
3446.0;0.0;-2.0729604678978107e-5;0.0;0.10771992373393467;0.0;0.0;0.0;0.0;0.0;0.00015163676452016638;2.084876139154415;4.9003101538077816e-5;2.3479838693927326;-4.43306258203045;0.0;0.0;0.0;0.0;0.0;40.25418732745484;401.74686720424;51.39301907582559;335.61900434916663;-0.10327260644640007
3447.0;0.0;-2.0729604678978107e-5;0.0;0.10771992373393467;0.0;0.0;0.0;0.0;0.0;0.00015163676452016638;2.084876139154415;4.9003101538077816e-5;2.3479838693927326;-4.43306258203045;0.0;0.0;0.0;0.0;0.0;40.25418732745484;401.74686720424;51.39301907582559;335.61900434916663;-0.10327260644640007
3448.0;0.0;-2.0729604678978107e-5;0.0;0.10771992373393467;0.0;0.0;0.0;0.0;0.0;0.00015163676452016638;2.084876139154415;4.9003101538077816e-5;2.3479838693927326;-4.43306258203045;0.0;0.0;0.0;0.0;0.0;40.25418732745484;401.74686720424;51.39301907582559;335.61900434916663;-0.10327260644640007
3449.0;0.0;-2.0729604678978107e-5;0.0;0.10771992373393467;0.0;0.0;0.0;0.0;0.0;0.00015163676452016638;2.084876139154415;4.9003101538077816e-5;2.3479838693927326;-4.43306258203045;0.0;0.0;0.0;0.0;0.0;40.25418732745484;401.74686720424;51.39301907582559;335.61900434916663;-0.10327260644640007
3450.0;0.0;-2.0729604678978107e-5;0.0;0.10771992373393467;0.0;0.0;0.0;0.0;0.0;0.00015163676452016638;2.084876139154415;4.9003101538077816e-5;2.3479838693927326;-4.43306258203045;0.0;0.0;0.0;0.0;0.0;40.25418732745484;401.74686720424;51.39301907582559;335.61900434916663;-0.10327260644640007
3451.0;0.0;-2.0729604678978107e-5;0.0;0.10771992373393467;0.0;0.0;0.0;0.0;0.0;0.00015163676452016638;2.084876139154415;4.9003101538077816e-5;2.3479838693927326;-4.43306258203045;0.0;0.0;0.0;0.0;0.0;40.25418732745484;401.74686720424;51.39301907582559;335.61900434916663;-0.10327260644640007
3452.0;0.0;-2.0729604678978107e-5;0.0;0.10771992373393467;0.0;0.0;0.0;0.0;0.0;0.00015163676452016638;2.084876139154415;4.9003101538077816e-5;2.3479838693927326;-4.43306258203045;0.0;0.0;0.0;0.0;0.0;40.25418732745484;401.74686720424;51.39301907582559;335.61900434916663;-0.10327260644640007
3453.0;0.0;-2.0729604678978107e-5;0.0;0.10771992373393467;0.0;0.0;0.0;0.0;0.0;0.00015163676452016638;2.084876139154415;4.9003101538077816e-5;2.3479838693927326;-4.43306258203045;0.0;0.0;0.0;0.0;0.0;40.25418732745484;401.74686720424;51.39301907582559;335.61900434916663;-0.10327260644640007
3454.0;0.0;-2.0729604678978107e-5;0.0;0.10771992373393467;0.0;0.0;0.0;0.0;0.0;0.00015163676452016638;2.084876139154415;4.9003101538077816e-5;2.3479838693927326;-4.43306258203045;0.0;0.0;0.0;0.0;0.0;40.25418732745484;401.74686720424;51.39301907582559;335.61900434916663;-0.10327260644640007
3455.0;0.0;-2.0729604678978107e-5;0.0;0.10771992373393467;0.0;0.0;0.0;0.0;0.0;0.00015163676452016638;2.084876139154415;4.9003101538077816e-5;2.3479838693927326;-4.43306258203045;0.0;0.0;0.0;0.0;0.0;40.25418732745484;401.74686720424;51.39301907582559;335.61900434916663;-0.10327260644640007
3456.0;0.0;-2.0729604678978107e-5;0.0;0.10771992373393467;0.0;0.0;0.0;0.0;0.0;0.00015163676452016638;2.084876139154415;4.9003101538077816e-5;2.3479838693927326;-4.43306258203045;0.0;0.0;0.0;0.0;0.0;40.25418732745484;401.74686720424;51.39301907582559;335.61900434916663;-0.10327260644640007
3457.0;0.0;-1.579285783970814e-5;0.0;0.1742672733289609;0.0;0.0;0.0;0.0;0.0;0.00013289594148399776;1.1954170244777365;4.448133730778282e-5;3.3978074095708624;-4.593396117177605;0.0;0.0;0.0;0.0;0.0;40.25155995825016;404.34584201320797;48.844418440337165;344.3086487253461;-0.03740994120422494
3458.0;0.0;-1.579285783970814e-5;0.0;0.1742672733289609;0.0;0.0;0.0;0.0;0.0;0.00013289594148399776;1.1954170244777365;4.448133730778282e-5;3.3978074095708624;-4.593396117177605;0.0;0.0;0.0;0.0;0.0;40.25155995825016;404.34584201320797;48.844418440337165;344.3086487253461;-0.03740994120422494
3459.0;0.0;-1.579285783970814e-5;0.0;0.1742672733289609;0.0;0.0;0.0;0.0;0.0;0.00013289594148399776;1.1954170244777365;4.448133730778282e-5;3.3978074095708624;-4.593396117177605;0.0;0.0;0.0;0.0;0.0;40.25155995825016;404.34584201320797;48.844418440337165;344.3086487253461;-0.03740994120422494
3460.0;0.0;-1.579285783970814e-5;0.0;0.1742672733289609;0.0;0.0;0.0;0.0;0.0;0.00013289594148399776;1.1954170244777365;4.448133730778282e-5;3.3978074095708624;-4.593396117177605;0.0;0.0;0.0;0.0;0.0;40.25155995825016;404.34584201320797;48.844418440337165;344.3086487253461;-0.03740994120422494
3461.0;0.0;-1.579285783970814e-5;0.0;0.1742672733289609;0.0;0.0;0.0;0.0;0.0;0.00013289594148399776;1.1954170244777365;4.448133730778282e-5;3.3978074095708624;-4.593396117177605;0.0;0.0;0.0;0.0;0.0;40.25155995825016;404.34584201320797;48.844418440337165;344.3086487253461;-0.03740994120422494
3462.0;0.0;-1.579285783970814e-5;0.0;0.1742672733289609;0.0;0.0;0.0;0.0;0.0;0.00013289594148399776;1.1954170244777365;4.448133730778282e-5;3.3978074095708624;-4.593396117177605;0.0;0.0;0.0;0.0;0.0;40.25155995825016;404.34584201320797;48.844418440337165;344.3086487253461;-0.03740994120422494
3463.0;0.0;-1.579285783970814e-5;0.0;0.1742672733289609;0.0;0.0;0.0;0.0;0.0;0.00013289594148399776;1.1954170244777365;4.448133730778282e-5;3.3978074095708624;-4.593396117177605;0.0;0.0;0.0;0.0;0.0;40.25155995825016;404.34584201320797;48.844418440337165;344.3086487253461;-0.03740994120422494
3464.0;0.0;-1.579285783970814e-5;0.0;0.1742672733289609;0.0;0.0;0.0;0.0;0.0;0.00013289594148399776;1.1954170244777365;4.448133730778282e-5;3.3978074095708624;-4.593396117177605;0.0;0.0;0.0;0.0;0.0;40.25155995825016;404.34584201320797;48.844418440337165;344.3086487253461;-0.03740994120422494
3465.0;0.0;-1.579285783970814e-5;0.0;0.1742672733289609;0.0;0.0;0.0;0.0;0.0;0.00013289594148399776;1.1954170244777365;4.448133730778282e-5;3.3978074095708624;-4.593396117177605;0.0;0.0;0.0;0.0;0.0;40.25155995825016;404.34584201320797;48.844418440337165;344.3086487253461;-0.03740994120422494
3466.0;0.0;-1.579285783970814e-5;0.0;0.1742672733289609;0.0;0.0;0.0;0.0;0.0;0.00013289594148399776;1.1954170244777365;4.448133730778282e-5;3.3978074095708624;-4.593396117177605;0.0;0.0;0.0;0.0;0.0;40.25155995825016;404.34584201320797;48.844418440337165;344.3086487253461;-0.03740994120422494
3467.0;0.0;-1.579285783970814e-5;0.0;0.1742672733289609;0.0;0.0;0.0;0.0;0.0;0.00013289594148399776;1.1954170244777365;4.448133730778282e-5;3.3978074095708624;-4.593396117177605;0.0;0.0;0.0;0.0;0.0;40.25155995825016;404.34584201320797;48.844418440337165;344.3086487253461;-0.03740994120422494
3468.0;0.0;-1.579285783970814e-5;0.0;0.1742672733289609;0.0;0.0;0.0;0.0;0.0;0.00013289594148399776;1.1954170244777365;4.448133730778282e-5;3.3978074095708624;-4.593396117177605;0.0;0.0;0.0;0.0;0.0;40.25155995825016;404.34584201320797;48.844418440337165;344.3086487253461;-0.03740994120422494
3469.0;0.0;-1.579285783970814e-5;0.0;0.1742672733289609;0.0;0.0;0.0;0.0;0.0;0.00013289594148399776;1.1954170244777365;4.448133730778282e-5;3.3978074095708624;-4.593396117177605;0.0;0.0;0.0;0.0;0.0;40.25155995825016;404.34584201320797;48.844418440337165;344.3086487253461;-0.03740994120422494
3470.0;0.0;-1.579285783970814e-5;0.0;0.1742672733289609;0.0;0.0;0.0;0.0;0.0;0.00013289594148399776;1.1954170244777365;4.448133730778282e-5;3.3978074095708624;-4.593396117177605;0.0;0.0;0.0;0.0;0.0;40.25155995825016;404.34584201320797;48.844418440337165;344.3086487253461;-0.03740994120422494
3471.0;0.0;-1.579285783970814e-5;0.0;0.1742672733289609;0.0;0.0;0.0;0.0;0.0;0.00013289594148399776;1.1954170244777365;4.448133730778282e-5;3.3978074095708624;-4.593396117177605;0.0;0.0;0.0;0.0;0.0;40.25155995825016;404.34584201320797;48.844418440337165;344.3086487253461;-0.03740994120422494
3472.0;0.0;-1.579285783970814e-5;0.0;0.1742672733289609;0.0;0.0;0.0;0.0;0.0;0.00013289594148399776;1.1954170244777365;4.448133730778282e-5;3.3978074095708624;-4.593396117177605;0.0;0.0;0.0;0.0;0.0;40.25155995825016;404.34584201320797;48.844418440337165;344.3086487253461;-0.03740994120422494
3473.0;0.0;-1.579285783970814e-5;0.0;0.1742672733289609;0.0;0.0;0.0;0.0;0.0;0.00013289594148399776;1.1954170244777365;4.448133730778282e-5;3.3978074095708624;-4.593396117177605;0.0;0.0;0.0;0.0;0.0;40.25155995825016;404.34584201320797;48.844418440337165;344.3086487253461;-0.03740994120422494
3474.0;0.0;-1.579285783970814e-5;0.0;0.1742672733289609;0.0;0.0;0.0;0.0;0.0;0.00013289594148399776;1.1954170244777365;4.448133730778282e-5;3.3978074095708624;-4.593396117177605;0.0;0.0;0.0;0.0;0.0;40.25155995825016;404.34584201320797;48.844418440337165;344.3086487253461;-0.03740994120422494
3475.0;0.0;-1.579285783970814e-5;0.0;0.1742672733289609;0.0;0.0;0.0;0.0;0.0;0.00013289594148399776;1.1954170244777365;4.448133730778282e-5;3.3978074095708624;-4.593396117177605;0.0;0.0;0.0;0.0;0.0;40.25155995825016;404.34584201320797;48.844418440337165;344.3086487253461;-0.03740994120422494
3476.0;0.0;-1.579285783970814e-5;0.0;0.1742672733289609;0.0;0.0;0.0;0.0;0.0;0.00013289594148399776;1.1954170244777365;4.448133730778282e-5;3.3978074095708624;-4.593396117177605;0.0;0.0;0.0;0.0;0.0;40.25155995825016;404.34584201320797;48.844418440337165;344.3086487253461;-0.03740994120422494
3477.0;0.0;-1.579285783970814e-5;0.0;0.1742672733289609;0.0;0.0;0.0;0.0;0.0;0.00013289594148399776;1.1954170244777365;4.448133730778282e-5;3.3978074095708624;-4.593396117177605;0.0;0.0;0.0;0.0;0.0;40.25155995825016;404.34584201320797;48.844418440337165;344.3086487253461;-0.03740994120422494
3478.0;0.0;-1.579285783970814e-5;0.0;0.1742672733289609;0.0;0.0;0.0;0.0;0.0;0.00013289594148399776;1.1954170244777365;4.448133730778282e-5;3.3978074095708624;-4.593396117177605;0.0;0.0;0.0;0.0;0.0;40.25155995825016;404.34584201320797;48.844418440337165;344.3086487253461;-0.03740994120422494
3479.0;0.0;-1.579285783970814e-5;0.0;0.1742672733289609;0.0;0.0;0.0;0.0;0.0;0.00013289594148399776;1.1954170244777365;4.448133730778282e-5;3.3978074095708624;-4.593396117177605;0.0;0.0;0.0;0.0;0.0;40.25155995825016;404.34584201320797;48.844418440337165;344.3086487253461;-0.03740994120422494
3480.0;0.0;-1.579285783970814e-5;0.0;0.1742672733289609;0.0;0.0;0.0;0.0;0.0;0.00013289594148399776;1.1954170244777365;4.448133730778282e-5;3.3978074095708624;-4.593396117177605;0.0;0.0;0.0;0.0;0.0;40.25155995825016;404.34584201320797;48.844418440337165;344.3086487253461;-0.03740994120422494
3481.0;0.0;-0.000545584150371942;0.0;0.1742672733289609;0.0;0.0;0.0;0.0;0.0;0.0;1.1105015013335124;0.0;1.7639310843603628;-2.874118796331539;0.0;0.0;0.0;0.0;0.0;40.25155995825016;404.34584201320797;48.844418440337165;344.3086487253461;-0.03740994120422494
3482.0;0.0;-0.000545584150371942;0.0;0.1742672733289609;0.0;0.0;0.0;0.0;0.0;0.0;1.1105015013335124;0.0;1.7639310843603628;-2.874118796331539;0.0;0.0;0.0;0.0;0.0;40.25155995825016;404.34584201320797;48.844418440337165;344.3086487253461;-0.03740994120422494
3483.0;0.0;-0.000545584150371942;0.0;0.1742672733289609;0.0;0.0;0.0;0.0;0.0;0.0;1.1105015013335124;0.0;1.7639310843603628;-2.874118796331539;0.0;0.0;0.0;0.0;0.0;40.25155995825016;404.34584201320797;48.844418440337165;344.3086487253461;-0.03740994120422494
3484.0;0.0;-0.000545584150371942;0.0;0.1742672733289609;0.0;0.0;0.0;0.0;0.0;0.0;1.1105015013335124;0.0;1.7639310843603628;-2.874118796331539;0.0;0.0;0.0;0.0;0.0;40.25155995825016;404.34584201320797;48.844418440337165;344.3086487253461;-0.03740994120422494
3485.0;0.0;-0.000545584150371942;0.0;0.1742672733289609;0.0;0.0;0.0;0.0;0.0;0.0;1.1105015013335124;0.0;1.7639310843603628;-2.874118796331539;0.0;0.0;0.0;0.0;0.0;40.25155995825016;404.34584201320797;48.844418440337165;344.3086487253461;-0.03740994120422494
3486.0;0.0;-0.000545584150371942;0.0;0.1742672733289609;0.0;0.0;0.0;0.0;0.0;0.0;1.1105015013335124;0.0;1.7639310843603628;-2.874118796331539;0.0;0.0;0.0;0.0;0.0;40.25155995825016;404.34584201320797;48.844418440337165;344.3086487253461;-0.03740994120422494
3487.0;0.0;-0.000545584150371942;0.0;0.1742672733289609;0.0;0.0;0.0;0.0;0.0;0.0;1.1105015013335124;0.0;1.7639310843603628;-2.874118796331539;0.0;0.0;0.0;0.0;0.0;40.25155995825016;404.34584201320797;48.844418440337165;344.3086487253461;-0.03740994120422494
3488.0;0.0;-0.000545584150371942;0.0;0.1742672733289609;0.0;0.0;0.0;0.0;0.0;0.0;1.1105015013335124;0.0;1.7639310843603628;-2.874118796331539;0.0;0.0;0.0;0.0;0.0;40.25155995825016;404.34584201320797;48.844418440337165;344.3086487253461;-0.03740994120422494
3489.0;0.0;-0.000545584150371942;0.0;0.1742672733289609;0.0;0.0;0.0;0.0;0.0;0.0;1.1105015013335124;0.0;1.7639310843603628;-2.874118796331539;0.0;0.0;0.0;0.0;0.0;40.25155995825016;404.34584201320797;48.844418440337165;344.3086487253461;-0.03740994120422494
3490.0;0.0;-0.000545584150371942;0.0;0.1742672733289609;0.0;0.0;0.0;0.0;0.0;0.0;1.1105015013335124;0.0;1.7639310843603628;-2.874118796331539;0.0;0.0;0.0;0.0;0.0;40.25155995825016;404.34584201320797;48.844418440337165;344.3086487253461;-0.03740994120422494
3491.0;0.0;-0.000545584150371942;0.0;0.1742672733289609;0.0;0.0;0.0;0.0;0.0;0.0;1.1105015013335124;0.0;1.7639310843603628;-2.874118796331539;0.0;0.0;0.0;0.0;0.0;40.25155995825016;404.34584201320797;48.844418440337165;344.3086487253461;-0.03740994120422494
3492.0;0.0;-0.000545584150371942;0.0;0.1742672733289609;0.0;0.0;0.0;0.0;0.0;0.0;1.1105015013335124;0.0;1.7639310843603628;-2.874118796331539;0.0;0.0;0.0;0.0;0.0;40.25155995825016;404.34584201320797;48.844418440337165;344.3086487253461;-0.03740994120422494
3493.0;0.0;-0.000545584150371942;0.0;0.1742672733289609;0.0;0.0;0.0;0.0;0.0;0.0;1.1105015013335124;0.0;1.7639310843603628;-2.874118796331539;0.0;0.0;0.0;0.0;0.0;40.25155995825016;404.34584201320797;48.844418440337165;344.3086487253461;-0.03740994120422494
3494.0;0.0;-0.000545584150371942;0.0;0.1742672733289609;0.0;0.0;0.0;0.0;0.0;0.0;1.1105015013335124;0.0;1.7639310843603628;-2.874118796331539;0.0;0.0;0.0;0.0;0.0;40.25155995825016;404.34584201320797;48.844418440337165;344.3086487253461;-0.03740994120422494
3495.0;0.0;-0.000545584150371942;0.0;0.1742672733289609;0.0;0.0;0.0;0.0;0.0;0.0;1.1105015013335124;0.0;1.7639310843603628;-2.874118796331539;0.0;0.0;0.0;0.0;0.0;40.25155995825016;404.34584201320797;48.844418440337165;344.3086487253461;-0.03740994120422494
3496.0;0.0;-0.000545584150371942;0.0;0.1742672733289609;0.0;0.0;0.0;0.0;0.0;0.0;1.1105015013335124;0.0;1.7639310843603628;-2.874118796331539;0.0;0.0;0.0;0.0;0.0;40.25155995825016;404.34584201320797;48.844418440337165;344.3086487253461;-0.03740994120422494
3497.0;0.0;-0.000545584150371942;0.0;0.1742672733289609;0.0;0.0;0.0;0.0;0.0;0.0;1.1105015013335124;0.0;1.7639310843603628;-2.874118796331539;0.0;0.0;0.0;0.0;0.0;40.25155995825016;404.34584201320797;48.844418440337165;344.3086487253461;-0.03740994120422494
3498.0;0.0;-0.000545584150371942;0.0;0.1742672733289609;0.0;0.0;0.0;0.0;0.0;0.0;1.1105015013335124;0.0;1.7639310843603628;-2.874118796331539;0.0;0.0;0.0;0.0;0.0;40.25155995825016;404.34584201320797;48.844418440337165;344.3086487253461;-0.03740994120422494
3499.0;0.0;-0.000545584150371942;0.0;0.1742672733289609;0.0;0.0;0.0;0.0;0.0;0.0;1.1105015013335124;0.0;1.7639310843603628;-2.874118796331539;0.0;0.0;0.0;0.0;0.0;40.25155995825016;404.34584201320797;48.844418440337165;344.3086487253461;-0.03740994120422494
3500.0;0.0;-0.000545584150371942;0.0;0.1742672733289609;0.0;0.0;0.0;0.0;0.0;0.0;1.1105015013335124;0.0;1.7639310843603628;-2.874118796331539;0.0;0.0;0.0;0.0;0.0;40.25155995825016;404.34584201320797;48.844418440337165;344.3086487253461;-0.03740994120422494
3501.0;0.0;-0.000545584150371942;0.0;0.1742672733289609;0.0;0.0;0.0;0.0;0.0;0.0;1.1105015013335124;0.0;1.7639310843603628;-2.874118796331539;0.0;0.0;0.0;0.0;0.0;40.25155995825016;404.34584201320797;48.844418440337165;344.3086487253461;-0.03740994120422494
3502.0;0.0;-0.000545584150371942;0.0;0.1742672733289609;0.0;0.0;0.0;0.0;0.0;0.0;1.1105015013335124;0.0;1.7639310843603628;-2.874118796331539;0.0;0.0;0.0;0.0;0.0;40.25155995825016;404.34584201320797;48.844418440337165;344.3086487253461;-0.03740994120422494
3503.0;0.0;-0.000545584150371942;0.0;0.1742672733289609;0.0;0.0;0.0;0.0;0.0;0.0;1.1105015013335124;0.0;1.7639310843603628;-2.874118796331539;0.0;0.0;0.0;0.0;0.0;40.25155995825016;404.34584201320797;48.844418440337165;344.3086487253461;-0.03740994120422494
3504.0;0.0;-0.000545584150371942;0.0;0.1742672733289609;0.0;0.0;0.0;0.0;0.0;0.0;1.1105015013335124;0.0;1.7639310843603628;-2.874118796331539;0.0;0.0;0.0;0.0;0.0;40.25155995825016;404.34584201320797;48.844418440337165;344.3086487253461;-0.03740994120422494
3505.0;0.0;-0.00028506106811555543;0.0;0.1742672733289609;0.0;0.0;0.0;0.0;0.0;0.0;3.0170301257050034;0.0;0.3339203570385015;-3.3509446948922585;0.0;0.0;0.0;0.0;0.0;40.25155995825016;404.34584201320797;48.844418440337165;344.3086487253461;-0.03740994120422494
3506.0;0.0;-0.00028506106811555543;0.0;0.1742672733289609;0.0;0.0;0.0;0.0;0.0;0.0;3.0170301257050034;0.0;0.3339203570385015;-3.3509446948922585;0.0;0.0;0.0;0.0;0.0;40.25155995825016;404.34584201320797;48.844418440337165;344.3086487253461;-0.03740994120422494
3507.0;0.0;-0.00028506106811555543;0.0;0.1742672733289609;0.0;0.0;0.0;0.0;0.0;0.0;3.0170301257050034;0.0;0.3339203570385015;-3.3509446948922585;0.0;0.0;0.0;0.0;0.0;40.25155995825016;404.34584201320797;48.844418440337165;344.3086487253461;-0.03740994120422494
3508.0;0.0;-0.00028506106811555543;0.0;0.1742672733289609;0.0;0.0;0.0;0.0;0.0;0.0;3.0170301257050034;0.0;0.3339203570385015;-3.3509446948922585;0.0;0.0;0.0;0.0;0.0;40.25155995825016;404.34584201320797;48.844418440337165;344.3086487253461;-0.03740994120422494
3509.0;0.0;-0.00028506106811555543;0.0;0.1742672733289609;0.0;0.0;0.0;0.0;0.0;0.0;3.0170301257050034;0.0;0.3339203570385015;-3.3509446948922585;0.0;0.0;0.0;0.0;0.0;40.25155995825016;404.34584201320797;48.844418440337165;344.3086487253461;-0.03740994120422494
3510.0;0.0;-0.00028506106811555543;0.0;0.1742672733289609;0.0;0.0;0.0;0.0;0.0;0.0;3.0170301257050034;0.0;0.3339203570385015;-3.3509446948922585;0.0;0.0;0.0;0.0;0.0;40.25155995825016;404.34584201320797;48.844418440337165;344.3086487253461;-0.03740994120422494
3511.0;0.0;-0.00028506106811555543;0.0;0.1742672733289609;0.0;0.0;0.0;0.0;0.0;0.0;3.0170301257050034;0.0;0.3339203570385015;-3.3509446948922585;0.0;0.0;0.0;0.0;0.0;40.25155995825016;404.34584201320797;48.844418440337165;344.3086487253461;-0.03740994120422494
3512.0;0.0;-0.00028506106811555543;0.0;0.1742672733289609;0.0;0.0;0.0;0.0;0.0;0.0;3.0170301257050034;0.0;0.3339203570385015;-3.3509446948922585;0.0;0.0;0.0;0.0;0.0;40.25155995825016;404.34584201320797;48.844418440337165;344.3086487253461;-0.03740994120422494
3513.0;0.0;-0.00028506106811555543;0.0;0.1742672733289609;0.0;0.0;0.0;0.0;0.0;0.0;3.0170301257050034;0.0;0.3339203570385015;-3.3509446948922585;0.0;0.0;0.0;0.0;0.0;40.25155995825016;404.34584201320797;48.844418440337165;344.3086487253461;-0.03740994120422494
3514.0;0.0;-0.00028506106811555543;0.0;0.1742672733289609;0.0;0.0;0.0;0.0;0.0;0.0;3.0170301257050034;0.0;0.3339203570385015;-3.3509446948922585;0.0;0.0;0.0;0.0;0.0;40.25155995825016;404.34584201320797;48.844418440337165;344.3086487253461;-0.03740994120422494
3515.0;0.0;-0.00028506106811555543;0.0;0.1742672733289609;0.0;0.0;0.0;0.0;0.0;0.0;3.0170301257050034;0.0;0.3339203570385015;-3.3509446948922585;0.0;0.0;0.0;0.0;0.0;40.25155995825016;404.34584201320797;48.844418440337165;344.3086487253461;-0.03740994120422494
3516.0;0.0;-0.00028506106811555543;0.0;0.1742672733289609;0.0;0.0;0.0;0.0;0.0;0.0;3.0170301257050034;0.0;0.3339203570385015;-3.3509446948922585;0.0;0.0;0.0;0.0;0.0;40.25155995825016;404.34584201320797;48.844418440337165;344.3086487253461;-0.03740994120422494
3517.0;0.0;-0.00028506106811555543;0.0;0.1742672733289609;0.0;0.0;0.0;0.0;0.0;0.0;3.0170301257050034;0.0;0.3339203570385015;-3.3509446948922585;0.0;0.0;0.0;0.0;0.0;40.25155995825016;404.34584201320797;48.844418440337165;344.3086487253461;-0.03740994120422494
3518.0;0.0;-0.00028506106811555543;0.0;0.1742672733289609;0.0;0.0;0.0;0.0;0.0;0.0;3.0170301257050034;0.0;0.3339203570385015;-3.3509446948922585;0.0;0.0;0.0;0.0;0.0;40.25155995825016;404.34584201320797;48.844418440337165;344.3086487253461;-0.03740994120422494
3519.0;0.0;-0.00028506106811555543;0.0;0.1742672733289609;0.0;0.0;0.0;0.0;0.0;0.0;3.0170301257050034;0.0;0.3339203570385015;-3.3509446948922585;0.0;0.0;0.0;0.0;0.0;40.25155995825016;404.34584201320797;48.844418440337165;344.3086487253461;-0.03740994120422494
3520.0;0.0;-0.00028506106811555543;0.0;0.1742672733289609;0.0;0.0;0.0;0.0;0.0;0.0;3.0170301257050034;0.0;0.3339203570385015;-3.3509446948922585;0.0;0.0;0.0;0.0;0.0;40.25155995825016;404.34584201320797;48.844418440337165;344.3086487253461;-0.03740994120422494
3521.0;0.0;-0.00028506106811555543;0.0;0.1742672733289609;0.0;0.0;0.0;0.0;0.0;0.0;3.0170301257050034;0.0;0.3339203570385015;-3.3509446948922585;0.0;0.0;0.0;0.0;0.0;40.25155995825016;404.34584201320797;48.844418440337165;344.3086487253461;-0.03740994120422494
3522.0;0.0;-0.00028506106811555543;0.0;0.1742672733289609;0.0;0.0;0.0;0.0;0.0;0.0;3.0170301257050034;0.0;0.3339203570385015;-3.3509446948922585;0.0;0.0;0.0;0.0;0.0;40.25155995825016;404.34584201320797;48.844418440337165;344.3086487253461;-0.03740994120422494
3523.0;0.0;-0.00028506106811555543;0.0;0.1742672733289609;0.0;0.0;0.0;0.0;0.0;0.0;3.0170301257050034;0.0;0.3339203570385015;-3.3509446948922585;0.0;0.0;0.0;0.0;0.0;40.25155995825016;404.34584201320797;48.844418440337165;344.3086487253461;-0.03740994120422494
3524.0;0.0;-0.00028506106811555543;0.0;0.1742672733289609;0.0;0.0;0.0;0.0;0.0;0.0;3.0170301257050034;0.0;0.3339203570385015;-3.3509446948922585;0.0;0.0;0.0;0.0;0.0;40.25155995825016;404.34584201320797;48.844418440337165;344.3086487253461;-0.03740994120422494
3525.0;0.0;-0.00028506106811555543;0.0;0.1742672733289609;0.0;0.0;0.0;0.0;0.0;0.0;3.0170301257050034;0.0;0.3339203570385015;-3.3509446948922585;0.0;0.0;0.0;0.0;0.0;40.25155995825016;404.34584201320797;48.844418440337165;344.3086487253461;-0.03740994120422494
3526.0;0.0;-0.00028506106811555543;0.0;0.1742672733289609;0.0;0.0;0.0;0.0;0.0;0.0;3.0170301257050034;0.0;0.3339203570385015;-3.3509446948922585;0.0;0.0;0.0;0.0;0.0;40.25155995825016;404.34584201320797;48.844418440337165;344.3086487253461;-0.03740994120422494
3527.0;0.0;-0.00028506106811555543;0.0;0.1742672733289609;0.0;0.0;0.0;0.0;0.0;0.0;3.0170301257050034;0.0;0.3339203570385015;-3.3509446948922585;0.0;0.0;0.0;0.0;0.0;40.25155995825016;404.34584201320797;48.844418440337165;344.3086487253461;-0.03740994120422494
3528.0;0.0;-0.00028506106811555543;0.0;0.1742672733289609;0.0;0.0;0.0;0.0;0.0;0.0;3.0170301257050034;0.0;0.3339203570385015;-3.3509446948922585;0.0;0.0;0.0;0.0;0.0;40.25155995825016;404.34584201320797;48.844418440337165;344.3086487253461;-0.03740994120422494
3529.0;0.0;-0.00020836705229751597;0.0;0.1742672733289609;0.0;0.0;0.0;0.0;0.0;0.0;3.5234945844500087;0.0;0.5400710434851956;-4.06365591026431;0.0;0.0;0.0;0.0;0.0;40.25155995825016;404.34584201320797;48.844418440337165;344.3086487253461;-0.03740994120422494
3530.0;0.0;-0.00020836705229751597;0.0;0.1742672733289609;0.0;0.0;0.0;0.0;0.0;0.0;3.5234945844500087;0.0;0.5400710434851956;-4.06365591026431;0.0;0.0;0.0;0.0;0.0;40.25155995825016;404.34584201320797;48.844418440337165;344.3086487253461;-0.03740994120422494
3531.0;0.0;-0.00020836705229751597;0.0;0.1742672733289609;0.0;0.0;0.0;0.0;0.0;0.0;3.5234945844500087;0.0;0.5400710434851956;-4.06365591026431;0.0;0.0;0.0;0.0;0.0;40.25155995825016;404.34584201320797;48.844418440337165;344.3086487253461;-0.03740994120422494
3532.0;0.0;-0.00020836705229751597;0.0;0.1742672733289609;0.0;0.0;0.0;0.0;0.0;0.0;3.5234945844500087;0.0;0.5400710434851956;-4.06365591026431;0.0;0.0;0.0;0.0;0.0;40.25155995825016;404.34584201320797;48.844418440337165;344.3086487253461;-0.03740994120422494
3533.0;0.0;-0.00020836705229751597;0.0;0.1742672733289609;0.0;0.0;0.0;0.0;0.0;0.0;3.5234945844500087;0.0;0.5400710434851956;-4.06365591026431;0.0;0.0;0.0;0.0;0.0;40.25155995825016;404.34584201320797;48.844418440337165;344.3086487253461;-0.03740994120422494
3534.0;0.0;-0.00020836705229751597;0.0;0.1742672733289609;0.0;0.0;0.0;0.0;0.0;0.0;3.5234945844500087;0.0;0.5400710434851956;-4.06365591026431;0.0;0.0;0.0;0.0;0.0;40.25155995825016;404.34584201320797;48.844418440337165;344.3086487253461;-0.03740994120422494
3535.0;0.0;-0.00020836705229751597;0.0;0.1742672733289609;0.0;0.0;0.0;0.0;0.0;0.0;3.5234945844500087;0.0;0.5400710434851956;-4.06365591026431;0.0;0.0;0.0;0.0;0.0;40.25155995825016;404.34584201320797;48.844418440337165;344.3086487253461;-0.03740994120422494
3536.0;0.0;-0.00020836705229751597;0.0;0.1742672733289609;0.0;0.0;0.0;0.0;0.0;0.0;3.5234945844500087;0.0;0.5400710434851956;-4.06365591026431;0.0;0.0;0.0;0.0;0.0;40.25155995825016;404.34584201320797;48.844418440337165;344.3086487253461;-0.03740994120422494
3537.0;0.0;-0.00020836705229751597;0.0;0.1742672733289609;0.0;0.0;0.0;0.0;0.0;0.0;3.5234945844500087;0.0;0.5400710434851956;-4.06365591026431;0.0;0.0;0.0;0.0;0.0;40.25155995825016;404.34584201320797;48.844418440337165;344.3086487253461;-0.03740994120422494
3538.0;0.0;-0.00020836705229751597;0.0;0.1742672733289609;0.0;0.0;0.0;0.0;0.0;0.0;3.5234945844500087;0.0;0.5400710434851956;-4.06365591026431;0.0;0.0;0.0;0.0;0.0;40.25155995825016;404.34584201320797;48.844418440337165;344.3086487253461;-0.03740994120422494
3539.0;0.0;-0.00020836705229751597;0.0;0.1742672733289609;0.0;0.0;0.0;0.0;0.0;0.0;3.5234945844500087;0.0;0.5400710434851956;-4.06365591026431;0.0;0.0;0.0;0.0;0.0;40.25155995825016;404.34584201320797;48.844418440337165;344.3086487253461;-0.03740994120422494
3540.0;0.0;-0.00020836705229751597;0.0;0.1742672733289609;0.0;0.0;0.0;0.0;0.0;0.0;3.5234945844500087;0.0;0.5400710434851956;-4.06365591026431;0.0;0.0;0.0;0.0;0.0;40.25155995825016;404.34584201320797;48.844418440337165;344.3086487253461;-0.03740994120422494
3541.0;0.0;-0.00020836705229751597;0.0;0.1742672733289609;0.0;0.0;0.0;0.0;0.0;0.0;3.5234945844500087;0.0;0.5400710434851956;-4.06365591026431;0.0;0.0;0.0;0.0;0.0;40.25155995825016;404.34584201320797;48.844418440337165;344.3086487253461;-0.03740994120422494
3542.0;0.0;-0.00020836705229751597;0.0;0.1742672733289609;0.0;0.0;0.0;0.0;0.0;0.0;3.5234945844500087;0.0;0.5400710434851956;-4.06365591026431;0.0;0.0;0.0;0.0;0.0;40.25155995825016;404.34584201320797;48.844418440337165;344.3086487253461;-0.03740994120422494
3543.0;0.0;-0.00020836705229751597;0.0;0.1742672733289609;0.0;0.0;0.0;0.0;0.0;0.0;3.5234945844500087;0.0;0.5400710434851956;-4.06365591026431;0.0;0.0;0.0;0.0;0.0;40.25155995825016;404.34584201320797;48.844418440337165;344.3086487253461;-0.03740994120422494
3544.0;0.0;-0.00020836705229751597;0.0;0.1742672733289609;0.0;0.0;0.0;0.0;0.0;0.0;3.5234945844500087;0.0;0.5400710434851956;-4.06365591026431;0.0;0.0;0.0;0.0;0.0;40.25155995825016;404.34584201320797;48.844418440337165;344.3086487253461;-0.03740994120422494
3545.0;0.0;-0.00020836705229751597;0.0;0.1742672733289609;0.0;0.0;0.0;0.0;0.0;0.0;3.5234945844500087;0.0;0.5400710434851956;-4.06365591026431;0.0;0.0;0.0;0.0;0.0;40.25155995825016;404.34584201320797;48.844418440337165;344.3086487253461;-0.03740994120422494
3546.0;0.0;-0.00020836705229751597;0.0;0.1742672733289609;0.0;0.0;0.0;0.0;0.0;0.0;3.5234945844500087;0.0;0.5400710434851956;-4.06365591026431;0.0;0.0;0.0;0.0;0.0;40.25155995825016;404.34584201320797;48.844418440337165;344.3086487253461;-0.03740994120422494
3547.0;0.0;-0.00020836705229751597;0.0;0.1742672733289609;0.0;0.0;0.0;0.0;0.0;0.0;3.5234945844500087;0.0;0.5400710434851956;-4.06365591026431;0.0;0.0;0.0;0.0;0.0;40.25155995825016;404.34584201320797;48.844418440337165;344.3086487253461;-0.03740994120422494
3548.0;0.0;-0.00020836705229751597;0.0;0.1742672733289609;0.0;0.0;0.0;0.0;0.0;0.0;3.5234945844500087;0.0;0.5400710434851956;-4.06365591026431;0.0;0.0;0.0;0.0;0.0;40.25155995825016;404.34584201320797;48.844418440337165;344.3086487253461;-0.03740994120422494
3549.0;0.0;-0.00020836705229751597;0.0;0.1742672733289609;0.0;0.0;0.0;0.0;0.0;0.0;3.5234945844500087;0.0;0.5400710434851956;-4.06365591026431;0.0;0.0;0.0;0.0;0.0;40.25155995825016;404.34584201320797;48.844418440337165;344.3086487253461;-0.03740994120422494
3550.0;0.0;-0.00020836705229751597;0.0;0.1742672733289609;0.0;0.0;0.0;0.0;0.0;0.0;3.5234945844500087;0.0;0.5400710434851956;-4.06365591026431;0.0;0.0;0.0;0.0;0.0;40.25155995825016;404.34584201320797;48.844418440337165;344.3086487253461;-0.03740994120422494
3551.0;0.0;-0.00020836705229751597;0.0;0.1742672733289609;0.0;0.0;0.0;0.0;0.0;0.0;3.5234945844500087;0.0;0.5400710434851956;-4.06365591026431;0.0;0.0;0.0;0.0;0.0;40.25155995825016;404.34584201320797;48.844418440337165;344.3086487253461;-0.03740994120422494
3552.0;0.0;-0.00020836705229751597;0.0;0.1742672733289609;0.0;0.0;0.0;0.0;0.0;0.0;3.5234945844500087;0.0;0.5400710434851956;-4.06365591026431;0.0;0.0;0.0;0.0;0.0;40.25155995825016;404.34584201320797;48.844418440337165;344.3086487253461;-0.03740994120422494
3553.0;0.0;-0.0003610115510381933;0.0;0.1742672733289609;0.0;0.0;0.0;0.0;0.0;0.0;3.8040727374578567;0.0;0.5313305719816207;-4.335326418585988;0.0;0.0;0.0;0.0;0.0;40.25155995825016;404.34584201320797;48.844418440337165;344.3086487253461;-0.03740994120422494
3554.0;0.0;-0.0003610115510381933;0.0;0.1742672733289609;0.0;0.0;0.0;0.0;0.0;0.0;3.8040727374578567;0.0;0.5313305719816207;-4.335326418585988;0.0;0.0;0.0;0.0;0.0;40.25155995825016;404.34584201320797;48.844418440337165;344.3086487253461;-0.03740994120422494
3555.0;0.0;-0.0003610115510381933;0.0;0.1742672733289609;0.0;0.0;0.0;0.0;0.0;0.0;3.8040727374578567;0.0;0.5313305719816207;-4.335326418585988;0.0;0.0;0.0;0.0;0.0;40.25155995825016;404.34584201320797;48.844418440337165;344.3086487253461;-0.03740994120422494
3556.0;0.0;-0.0003610115510381933;0.0;0.1742672733289609;0.0;0.0;0.0;0.0;0.0;0.0;3.8040727374578567;0.0;0.5313305719816207;-4.335326418585988;0.0;0.0;0.0;0.0;0.0;40.25155995825016;404.34584201320797;48.844418440337165;344.3086487253461;-0.03740994120422494
3557.0;0.0;-0.0003610115510381933;0.0;0.1742672733289609;0.0;0.0;0.0;0.0;0.0;0.0;3.8040727374578567;0.0;0.5313305719816207;-4.335326418585988;0.0;0.0;0.0;0.0;0.0;40.25155995825016;404.34584201320797;48.844418440337165;344.3086487253461;-0.03740994120422494
3558.0;0.0;-0.0003610115510381933;0.0;0.1742672733289609;0.0;0.0;0.0;0.0;0.0;0.0;3.8040727374578567;0.0;0.5313305719816207;-4.335326418585988;0.0;0.0;0.0;0.0;0.0;40.25155995825016;404.34584201320797;48.844418440337165;344.3086487253461;-0.03740994120422494
3559.0;0.0;-0.0003610115510381933;0.0;0.1742672733289609;0.0;0.0;0.0;0.0;0.0;0.0;3.8040727374578567;0.0;0.5313305719816207;-4.335326418585988;0.0;0.0;0.0;0.0;0.0;40.25155995825016;404.34584201320797;48.844418440337165;344.3086487253461;-0.03740994120422494
3560.0;0.0;-0.0003610115510381933;0.0;0.1742672733289609;0.0;0.0;0.0;0.0;0.0;0.0;3.8040727374578567;0.0;0.5313305719816207;-4.335326418585988;0.0;0.0;0.0;0.0;0.0;40.25155995825016;404.34584201320797;48.844418440337165;344.3086487253461;-0.03740994120422494
3561.0;0.0;-0.0003610115510381933;0.0;0.1742672733289609;0.0;0.0;0.0;0.0;0.0;0.0;3.8040727374578567;0.0;0.5313305719816207;-4.335326418585988;0.0;0.0;0.0;0.0;0.0;40.25155995825016;404.34584201320797;48.844418440337165;344.3086487253461;-0.03740994120422494
3562.0;0.0;-0.0003610115510381933;0.0;0.1742672733289609;0.0;0.0;0.0;0.0;0.0;0.0;3.8040727374578567;0.0;0.5313305719816207;-4.335326418585988;0.0;0.0;0.0;0.0;0.0;40.25155995825016;404.34584201320797;48.844418440337165;344.3086487253461;-0.03740994120422494
3563.0;0.0;-0.0003610115510381933;0.0;0.1742672733289609;0.0;0.0;0.0;0.0;0.0;0.0;3.8040727374578567;0.0;0.5313305719816207;-4.335326418585988;0.0;0.0;0.0;0.0;0.0;40.25155995825016;404.34584201320797;48.844418440337165;344.3086487253461;-0.03740994120422494
3564.0;0.0;-0.0003610115510381933;0.0;0.1742672733289609;0.0;0.0;0.0;0.0;0.0;0.0;3.8040727374578567;0.0;0.5313305719816207;-4.335326418585988;0.0;0.0;0.0;0.0;0.0;40.25155995825016;404.34584201320797;48.844418440337165;344.3086487253461;-0.03740994120422494
3565.0;0.0;-0.0003610115510381933;0.0;0.1742672733289609;0.0;0.0;0.0;0.0;0.0;0.0;3.8040727374578567;0.0;0.5313305719816207;-4.335326418585988;0.0;0.0;0.0;0.0;0.0;40.25155995825016;404.34584201320797;48.844418440337165;344.3086487253461;-0.03740994120422494
3566.0;0.0;-0.0003610115510381933;0.0;0.1742672733289609;0.0;0.0;0.0;0.0;0.0;0.0;3.8040727374578567;0.0;0.5313305719816207;-4.335326418585988;0.0;0.0;0.0;0.0;0.0;40.25155995825016;404.34584201320797;48.844418440337165;344.3086487253461;-0.03740994120422494
3567.0;0.0;-0.0003610115510381933;0.0;0.1742672733289609;0.0;0.0;0.0;0.0;0.0;0.0;3.8040727374578567;0.0;0.5313305719816207;-4.335326418585988;0.0;0.0;0.0;0.0;0.0;40.25155995825016;404.34584201320797;48.844418440337165;344.3086487253461;-0.03740994120422494
3568.0;0.0;-0.0003610115510381933;0.0;0.1742672733289609;0.0;0.0;0.0;0.0;0.0;0.0;3.8040727374578567;0.0;0.5313305719816207;-4.335326418585988;0.0;0.0;0.0;0.0;0.0;40.25155995825016;404.34584201320797;48.844418440337165;344.3086487253461;-0.03740994120422494
3569.0;0.0;-0.0003610115510381933;0.0;0.1742672733289609;0.0;0.0;0.0;0.0;0.0;0.0;3.8040727374578567;0.0;0.5313305719816207;-4.335326418585988;0.0;0.0;0.0;0.0;0.0;40.25155995825016;404.34584201320797;48.844418440337165;344.3086487253461;-0.03740994120422494
3570.0;0.0;-0.0003610115510381933;0.0;0.1742672733289609;0.0;0.0;0.0;0.0;0.0;0.0;3.8040727374578567;0.0;0.5313305719816207;-4.335326418585988;0.0;0.0;0.0;0.0;0.0;40.25155995825016;404.34584201320797;48.844418440337165;344.3086487253461;-0.03740994120422494
3571.0;0.0;-0.0003610115510381933;0.0;0.1742672733289609;0.0;0.0;0.0;0.0;0.0;0.0;3.8040727374578567;0.0;0.5313305719816207;-4.335326418585988;0.0;0.0;0.0;0.0;0.0;40.25155995825016;404.34584201320797;48.844418440337165;344.3086487253461;-0.03740994120422494
3572.0;0.0;-0.0003610115510381933;0.0;0.1742672733289609;0.0;0.0;0.0;0.0;0.0;0.0;3.8040727374578567;0.0;0.5313305719816207;-4.335326418585988;0.0;0.0;0.0;0.0;0.0;40.25155995825016;404.34584201320797;48.844418440337165;344.3086487253461;-0.03740994120422494
3573.0;0.0;-0.0003610115510381933;0.0;0.1742672733289609;0.0;0.0;0.0;0.0;0.0;0.0;3.8040727374578567;0.0;0.5313305719816207;-4.335326418585988;0.0;0.0;0.0;0.0;0.0;40.25155995825016;404.34584201320797;48.844418440337165;344.3086487253461;-0.03740994120422494
3574.0;0.0;-0.0003610115510381933;0.0;0.1742672733289609;0.0;0.0;0.0;0.0;0.0;0.0;3.8040727374578567;0.0;0.5313305719816207;-4.335326418585988;0.0;0.0;0.0;0.0;0.0;40.25155995825016;404.34584201320797;48.844418440337165;344.3086487253461;-0.03740994120422494
3575.0;0.0;-0.0003610115510381933;0.0;0.1742672733289609;0.0;0.0;0.0;0.0;0.0;0.0;3.8040727374578567;0.0;0.5313305719816207;-4.335326418585988;0.0;0.0;0.0;0.0;0.0;40.25155995825016;404.34584201320797;48.844418440337165;344.3086487253461;-0.03740994120422494
3576.0;0.0;-0.0003610115510381933;0.0;0.1742672733289609;0.0;0.0;0.0;0.0;0.0;0.0;3.8040727374578567;0.0;0.5313305719816207;-4.335326418585988;0.0;0.0;0.0;0.0;0.0;40.25155995825016;404.34584201320797;48.844418440337165;344.3086487253461;-0.03740994120422494
3577.0;0.0;-0.0002451428349668115;0.0;0.1742672733289609;0.0;0.0;0.0;0.0;0.0;0.0;2.6458586414207654;0.0;0.22891670222317884;-2.874953144610603;0.0;0.0;0.0;0.0;0.0;40.25155995825016;404.34584201320797;48.844418440337165;344.3086487253461;-0.03740994120422494
3578.0;0.0;-0.0002451428349668115;0.0;0.1742672733289609;0.0;0.0;0.0;0.0;0.0;0.0;2.6458586414207654;0.0;0.22891670222317884;-2.874953144610603;0.0;0.0;0.0;0.0;0.0;40.25155995825016;404.34584201320797;48.844418440337165;344.3086487253461;-0.03740994120422494
3579.0;0.0;-0.0002451428349668115;0.0;0.1742672733289609;0.0;0.0;0.0;0.0;0.0;0.0;2.6458586414207654;0.0;0.22891670222317884;-2.874953144610603;0.0;0.0;0.0;0.0;0.0;40.25155995825016;404.34584201320797;48.844418440337165;344.3086487253461;-0.03740994120422494
3580.0;0.0;-0.0002451428349668115;0.0;0.1742672733289609;0.0;0.0;0.0;0.0;0.0;0.0;2.6458586414207654;0.0;0.22891670222317884;-2.874953144610603;0.0;0.0;0.0;0.0;0.0;40.25155995825016;404.34584201320797;48.844418440337165;344.3086487253461;-0.03740994120422494
3581.0;0.0;-0.0002451428349668115;0.0;0.1742672733289609;0.0;0.0;0.0;0.0;0.0;0.0;2.6458586414207654;0.0;0.22891670222317884;-2.874953144610603;0.0;0.0;0.0;0.0;0.0;40.25155995825016;404.34584201320797;48.844418440337165;344.3086487253461;-0.03740994120422494
3582.0;0.0;-0.0002451428349668115;0.0;0.1742672733289609;0.0;0.0;0.0;0.0;0.0;0.0;2.6458586414207654;0.0;0.22891670222317884;-2.874953144610603;0.0;0.0;0.0;0.0;0.0;40.25155995825016;404.34584201320797;48.844418440337165;344.3086487253461;-0.03740994120422494
3583.0;0.0;-0.0002451428349668115;0.0;0.1742672733289609;0.0;0.0;0.0;0.0;0.0;0.0;2.6458586414207654;0.0;0.22891670222317884;-2.874953144610603;0.0;0.0;0.0;0.0;0.0;40.25155995825016;404.34584201320797;48.844418440337165;344.3086487253461;-0.03740994120422494
3584.0;0.0;-0.0002451428349668115;0.0;0.1742672733289609;0.0;0.0;0.0;0.0;0.0;0.0;2.6458586414207654;0.0;0.22891670222317884;-2.874953144610603;0.0;0.0;0.0;0.0;0.0;40.25155995825016;404.34584201320797;48.844418440337165;344.3086487253461;-0.03740994120422494
3585.0;0.0;-0.0002451428349668115;0.0;0.1742672733289609;0.0;0.0;0.0;0.0;0.0;0.0;2.6458586414207654;0.0;0.22891670222317884;-2.874953144610603;0.0;0.0;0.0;0.0;0.0;40.25155995825016;404.34584201320797;48.844418440337165;344.3086487253461;-0.03740994120422494
3586.0;0.0;-0.0002451428349668115;0.0;0.1742672733289609;0.0;0.0;0.0;0.0;0.0;0.0;2.6458586414207654;0.0;0.22891670222317884;-2.874953144610603;0.0;0.0;0.0;0.0;0.0;40.25155995825016;404.34584201320797;48.844418440337165;344.3086487253461;-0.03740994120422494
3587.0;0.0;-0.0002451428349668115;0.0;0.1742672733289609;0.0;0.0;0.0;0.0;0.0;0.0;2.6458586414207654;0.0;0.22891670222317884;-2.874953144610603;0.0;0.0;0.0;0.0;0.0;40.25155995825016;404.34584201320797;48.844418440337165;344.3086487253461;-0.03740994120422494
3588.0;0.0;-0.0002451428349668115;0.0;0.1742672733289609;0.0;0.0;0.0;0.0;0.0;0.0;2.6458586414207654;0.0;0.22891670222317884;-2.874953144610603;0.0;0.0;0.0;0.0;0.0;40.25155995825016;404.34584201320797;48.844418440337165;344.3086487253461;-0.03740994120422494
3589.0;0.0;-0.0002451428349668115;0.0;0.1742672733289609;0.0;0.0;0.0;0.0;0.0;0.0;2.6458586414207654;0.0;0.22891670222317884;-2.874953144610603;0.0;0.0;0.0;0.0;0.0;40.25155995825016;404.34584201320797;48.844418440337165;344.3086487253461;-0.03740994120422494
3590.0;0.0;-0.0002451428349668115;0.0;0.1742672733289609;0.0;0.0;0.0;0.0;0.0;0.0;2.6458586414207654;0.0;0.22891670222317884;-2.874953144610603;0.0;0.0;0.0;0.0;0.0;40.25155995825016;404.34584201320797;48.844418440337165;344.3086487253461;-0.03740994120422494
3591.0;0.0;-0.0002451428349668115;0.0;0.1742672733289609;0.0;0.0;0.0;0.0;0.0;0.0;2.6458586414207654;0.0;0.22891670222317884;-2.874953144610603;0.0;0.0;0.0;0.0;0.0;40.25155995825016;404.34584201320797;48.844418440337165;344.3086487253461;-0.03740994120422494
3592.0;0.0;-0.0002451428349668115;0.0;0.1742672733289609;0.0;0.0;0.0;0.0;0.0;0.0;2.6458586414207654;0.0;0.22891670222317884;-2.874953144610603;0.0;0.0;0.0;0.0;0.0;40.25155995825016;404.34584201320797;48.844418440337165;344.3086487253461;-0.03740994120422494
3593.0;0.0;-0.0002451428349668115;0.0;0.1742672733289609;0.0;0.0;0.0;0.0;0.0;0.0;2.6458586414207654;0.0;0.22891670222317884;-2.874953144610603;0.0;0.0;0.0;0.0;0.0;40.25155995825016;404.34584201320797;48.844418440337165;344.3086487253461;-0.03740994120422494
3594.0;0.0;-0.0002451428349668115;0.0;0.1742672733289609;0.0;0.0;0.0;0.0;0.0;0.0;2.6458586414207654;0.0;0.22891670222317884;-2.874953144610603;0.0;0.0;0.0;0.0;0.0;40.25155995825016;404.34584201320797;48.844418440337165;344.3086487253461;-0.03740994120422494
3595.0;0.0;-0.0002451428349668115;0.0;0.1742672733289609;0.0;0.0;0.0;0.0;0.0;0.0;2.6458586414207654;0.0;0.22891670222317884;-2.874953144610603;0.0;0.0;0.0;0.0;0.0;40.25155995825016;404.34584201320797;48.844418440337165;344.3086487253461;-0.03740994120422494
3596.0;0.0;-0.0002451428349668115;0.0;0.1742672733289609;0.0;0.0;0.0;0.0;0.0;0.0;2.6458586414207654;0.0;0.22891670222317884;-2.874953144610603;0.0;0.0;0.0;0.0;0.0;40.25155995825016;404.34584201320797;48.844418440337165;344.3086487253461;-0.03740994120422494
3597.0;0.0;-0.0002451428349668115;0.0;0.1742672733289609;0.0;0.0;0.0;0.0;0.0;0.0;2.6458586414207654;0.0;0.22891670222317884;-2.874953144610603;0.0;0.0;0.0;0.0;0.0;40.25155995825016;404.34584201320797;48.844418440337165;344.3086487253461;-0.03740994120422494
3598.0;0.0;-0.0002451428349668115;0.0;0.1742672733289609;0.0;0.0;0.0;0.0;0.0;0.0;2.6458586414207654;0.0;0.22891670222317884;-2.874953144610603;0.0;0.0;0.0;0.0;0.0;40.25155995825016;404.34584201320797;48.844418440337165;344.3086487253461;-0.03740994120422494
3599.0;0.0;-0.0002451428349668115;0.0;0.1742672733289609;0.0;0.0;0.0;0.0;0.0;0.0;2.6458586414207654;0.0;0.22891670222317884;-2.874953144610603;0.0;0.0;0.0;0.0;0.0;40.25155995825016;404.34584201320797;48.844418440337165;344.3086487253461;-0.03740994120422494
3600.0;0.0;-0.0002451428349668115;0.0;0.1742672733289609;0.0;0.0;0.0;0.0;0.0;0.0;2.6458586414207654;0.0;0.22891670222317884;-2.874953144610603;0.0;0.0;0.0;0.0;0.0;40.25155995825016;404.34584201320797;48.844418440337165;344.3086487253461;-0.03740994120422494
3601.0;0.0;-0.0005431371089239708;0.0;0.1742672733289609;0.0;0.0;0.0;0.0;0.0;0.0;3.5818431460962223;0.0;0.8115365213428971;-4.393151511353106;0.0;0.0;0.0;0.0;0.0;40.25155995825016;404.34584201320797;48.844418440337165;344.3086487253461;-0.03740994120422494
3602.0;0.0;-0.0005431371089239708;0.0;0.1742672733289609;0.0;0.0;0.0;0.0;0.0;0.0;3.5818431460962223;0.0;0.8115365213428971;-4.393151511353106;0.0;0.0;0.0;0.0;0.0;40.25155995825016;404.34584201320797;48.844418440337165;344.3086487253461;-0.03740994120422494
3603.0;0.0;-0.0005431371089239708;0.0;0.1742672733289609;0.0;0.0;0.0;0.0;0.0;0.0;3.5818431460962223;0.0;0.8115365213428971;-4.393151511353106;0.0;0.0;0.0;0.0;0.0;40.25155995825016;404.34584201320797;48.844418440337165;344.3086487253461;-0.03740994120422494
3604.0;0.0;-0.0005431371089239708;0.0;0.1742672733289609;0.0;0.0;0.0;0.0;0.0;0.0;3.5818431460962223;0.0;0.8115365213428971;-4.393151511353106;0.0;0.0;0.0;0.0;0.0;40.25155995825016;404.34584201320797;48.844418440337165;344.3086487253461;-0.03740994120422494
3605.0;0.0;-0.0005431371089239708;0.0;0.1742672733289609;0.0;0.0;0.0;0.0;0.0;0.0;3.5818431460962223;0.0;0.8115365213428971;-4.393151511353106;0.0;0.0;0.0;0.0;0.0;40.25155995825016;404.34584201320797;48.844418440337165;344.3086487253461;-0.03740994120422494
3606.0;0.0;-0.0005431371089239708;0.0;0.1742672733289609;0.0;0.0;0.0;0.0;0.0;0.0;3.5818431460962223;0.0;0.8115365213428971;-4.393151511353106;0.0;0.0;0.0;0.0;0.0;40.25155995825016;404.34584201320797;48.844418440337165;344.3086487253461;-0.03740994120422494
3607.0;0.0;-0.0005431371089239708;0.0;0.1742672733289609;0.0;0.0;0.0;0.0;0.0;0.0;3.5818431460962223;0.0;0.8115365213428971;-4.393151511353106;0.0;0.0;0.0;0.0;0.0;40.25155995825016;404.34584201320797;48.844418440337165;344.3086487253461;-0.03740994120422494
3608.0;0.0;-0.0005431371089239708;0.0;0.1742672733289609;0.0;0.0;0.0;0.0;0.0;0.0;3.5818431460962223;0.0;0.8115365213428971;-4.393151511353106;0.0;0.0;0.0;0.0;0.0;40.25155995825016;404.34584201320797;48.844418440337165;344.3086487253461;-0.03740994120422494
3609.0;0.0;-0.0005431371089239708;0.0;0.1742672733289609;0.0;0.0;0.0;0.0;0.0;0.0;3.5818431460962223;0.0;0.8115365213428971;-4.393151511353106;0.0;0.0;0.0;0.0;0.0;40.25155995825016;404.34584201320797;48.844418440337165;344.3086487253461;-0.03740994120422494
3610.0;0.0;-0.0005431371089239708;0.0;0.1742672733289609;0.0;0.0;0.0;0.0;0.0;0.0;3.5818431460962223;0.0;0.8115365213428971;-4.393151511353106;0.0;0.0;0.0;0.0;0.0;40.25155995825016;404.34584201320797;48.844418440337165;344.3086487253461;-0.03740994120422494
3611.0;0.0;-0.0005431371089239708;0.0;0.1742672733289609;0.0;0.0;0.0;0.0;0.0;0.0;3.5818431460962223;0.0;0.8115365213428971;-4.393151511353106;0.0;0.0;0.0;0.0;0.0;40.25155995825016;404.34584201320797;48.844418440337165;344.3086487253461;-0.03740994120422494
3612.0;0.0;-0.0005431371089239708;0.0;0.1742672733289609;0.0;0.0;0.0;0.0;0.0;0.0;3.5818431460962223;0.0;0.8115365213428971;-4.393151511353106;0.0;0.0;0.0;0.0;0.0;40.25155995825016;404.34584201320797;48.844418440337165;344.3086487253461;-0.03740994120422494
3613.0;0.0;-0.0005431371089239708;0.0;0.1742672733289609;0.0;0.0;0.0;0.0;0.0;0.0;3.5818431460962223;0.0;0.8115365213428971;-4.393151511353106;0.0;0.0;0.0;0.0;0.0;40.25155995825016;404.34584201320797;48.844418440337165;344.3086487253461;-0.03740994120422494
3614.0;0.0;-0.0005431371089239708;0.0;0.1742672733289609;0.0;0.0;0.0;0.0;0.0;0.0;3.5818431460962223;0.0;0.8115365213428971;-4.393151511353106;0.0;0.0;0.0;0.0;0.0;40.25155995825016;404.34584201320797;48.844418440337165;344.3086487253461;-0.03740994120422494
3615.0;0.0;-0.0005431371089239708;0.0;0.1742672733289609;0.0;0.0;0.0;0.0;0.0;0.0;3.5818431460962223;0.0;0.8115365213428971;-4.393151511353106;0.0;0.0;0.0;0.0;0.0;40.25155995825016;404.34584201320797;48.844418440337165;344.3086487253461;-0.03740994120422494
3616.0;0.0;-0.0005431371089239708;0.0;0.1742672733289609;0.0;0.0;0.0;0.0;0.0;0.0;3.5818431460962223;0.0;0.8115365213428971;-4.393151511353106;0.0;0.0;0.0;0.0;0.0;40.25155995825016;404.34584201320797;48.844418440337165;344.3086487253461;-0.03740994120422494
3617.0;0.0;-0.0005431371089239708;0.0;0.1742672733289609;0.0;0.0;0.0;0.0;0.0;0.0;3.5818431460962223;0.0;0.8115365213428971;-4.393151511353106;0.0;0.0;0.0;0.0;0.0;40.25155995825016;404.34584201320797;48.844418440337165;344.3086487253461;-0.03740994120422494
3618.0;0.0;-0.0005431371089239708;0.0;0.1742672733289609;0.0;0.0;0.0;0.0;0.0;0.0;3.5818431460962223;0.0;0.8115365213428971;-4.393151511353106;0.0;0.0;0.0;0.0;0.0;40.25155995825016;404.34584201320797;48.844418440337165;344.3086487253461;-0.03740994120422494
3619.0;0.0;-0.0005431371089239708;0.0;0.1742672733289609;0.0;0.0;0.0;0.0;0.0;0.0;3.5818431460962223;0.0;0.8115365213428971;-4.393151511353106;0.0;0.0;0.0;0.0;0.0;40.25155995825016;404.34584201320797;48.844418440337165;344.3086487253461;-0.03740994120422494
3620.0;0.0;-0.0005431371089239708;0.0;0.1742672733289609;0.0;0.0;0.0;0.0;0.0;0.0;3.5818431460962223;0.0;0.8115365213428971;-4.393151511353106;0.0;0.0;0.0;0.0;0.0;40.25155995825016;404.34584201320797;48.844418440337165;344.3086487253461;-0.03740994120422494
3621.0;0.0;-0.0005431371089239708;0.0;0.1742672733289609;0.0;0.0;0.0;0.0;0.0;0.0;3.5818431460962223;0.0;0.8115365213428971;-4.393151511353106;0.0;0.0;0.0;0.0;0.0;40.25155995825016;404.34584201320797;48.844418440337165;344.3086487253461;-0.03740994120422494
3622.0;0.0;-0.0005431371089239708;0.0;0.1742672733289609;0.0;0.0;0.0;0.0;0.0;0.0;3.5818431460962223;0.0;0.8115365213428971;-4.393151511353106;0.0;0.0;0.0;0.0;0.0;40.25155995825016;404.34584201320797;48.844418440337165;344.3086487253461;-0.03740994120422494
3623.0;0.0;-0.0005431371089239708;0.0;0.1742672733289609;0.0;0.0;0.0;0.0;0.0;0.0;3.5818431460962223;0.0;0.8115365213428971;-4.393151511353106;0.0;0.0;0.0;0.0;0.0;40.25155995825016;404.34584201320797;48.844418440337165;344.3086487253461;-0.03740994120422494
3624.0;0.0;-0.0005431371089239708;0.0;0.1742672733289609;0.0;0.0;0.0;0.0;0.0;0.0;3.5818431460962223;0.0;0.8115365213428971;-4.393151511353106;0.0;0.0;0.0;0.0;0.0;40.25155995825016;404.34584201320797;48.844418440337165;344.3086487253461;-0.03740994120422494
3625.0;0.0;-4.956081888827273e-6;0.0;0.1742672733289609;0.0;0.0;0.0;0.0;0.0;0.0;2.2132127695748425;0.0;2.5588661304359377;-4.772081235504539;0.0;0.0;0.0;0.0;0.0;40.25155995825016;404.34584201320797;48.844418440337165;344.3086487253461;-0.03740994120422494
3626.0;0.0;-4.956081888827273e-6;0.0;0.1742672733289609;0.0;0.0;0.0;0.0;0.0;0.0;2.2132127695748425;0.0;2.5588661304359377;-4.772081235504539;0.0;0.0;0.0;0.0;0.0;40.25155995825016;404.34584201320797;48.844418440337165;344.3086487253461;-0.03740994120422494
3627.0;0.0;-4.956081888827273e-6;0.0;0.1742672733289609;0.0;0.0;0.0;0.0;0.0;0.0;2.2132127695748425;0.0;2.5588661304359377;-4.772081235504539;0.0;0.0;0.0;0.0;0.0;40.25155995825016;404.34584201320797;48.844418440337165;344.3086487253461;-0.03740994120422494
3628.0;0.0;-4.956081888827273e-6;0.0;0.1742672733289609;0.0;0.0;0.0;0.0;0.0;0.0;2.2132127695748425;0.0;2.5588661304359377;-4.772081235504539;0.0;0.0;0.0;0.0;0.0;40.25155995825016;404.34584201320797;48.844418440337165;344.3086487253461;-0.03740994120422494
3629.0;0.0;-4.956081888827273e-6;0.0;0.1742672733289609;0.0;0.0;0.0;0.0;0.0;0.0;2.2132127695748425;0.0;2.5588661304359377;-4.772081235504539;0.0;0.0;0.0;0.0;0.0;40.25155995825016;404.34584201320797;48.844418440337165;344.3086487253461;-0.03740994120422494
3630.0;0.0;-4.956081888827273e-6;0.0;0.1742672733289609;0.0;0.0;0.0;0.0;0.0;0.0;2.2132127695748425;0.0;2.5588661304359377;-4.772081235504539;0.0;0.0;0.0;0.0;0.0;40.25155995825016;404.34584201320797;48.844418440337165;344.3086487253461;-0.03740994120422494
3631.0;0.0;-4.956081888827273e-6;0.0;0.1742672733289609;0.0;0.0;0.0;0.0;0.0;0.0;2.2132127695748425;0.0;2.5588661304359377;-4.772081235504539;0.0;0.0;0.0;0.0;0.0;40.25155995825016;404.34584201320797;48.844418440337165;344.3086487253461;-0.03740994120422494
3632.0;0.0;-4.956081888827273e-6;0.0;0.1742672733289609;0.0;0.0;0.0;0.0;0.0;0.0;2.2132127695748425;0.0;2.5588661304359377;-4.772081235504539;0.0;0.0;0.0;0.0;0.0;40.25155995825016;404.34584201320797;48.844418440337165;344.3086487253461;-0.03740994120422494
3633.0;0.0;-4.956081888827273e-6;0.0;0.1742672733289609;0.0;0.0;0.0;0.0;0.0;0.0;2.2132127695748425;0.0;2.5588661304359377;-4.772081235504539;0.0;0.0;0.0;0.0;0.0;40.25155995825016;404.34584201320797;48.844418440337165;344.3086487253461;-0.03740994120422494
3634.0;0.0;-4.956081888827273e-6;0.0;0.1742672733289609;0.0;0.0;0.0;0.0;0.0;0.0;2.2132127695748425;0.0;2.5588661304359377;-4.772081235504539;0.0;0.0;0.0;0.0;0.0;40.25155995825016;404.34584201320797;48.844418440337165;344.3086487253461;-0.03740994120422494
3635.0;0.0;-4.956081888827273e-6;0.0;0.1742672733289609;0.0;0.0;0.0;0.0;0.0;0.0;2.2132127695748425;0.0;2.5588661304359377;-4.772081235504539;0.0;0.0;0.0;0.0;0.0;40.25155995825016;404.34584201320797;48.844418440337165;344.3086487253461;-0.03740994120422494
3636.0;0.0;-4.956081888827273e-6;0.0;0.1742672733289609;0.0;0.0;0.0;0.0;0.0;0.0;2.2132127695748425;0.0;2.5588661304359377;-4.772081235504539;0.0;0.0;0.0;0.0;0.0;40.25155995825016;404.34584201320797;48.844418440337165;344.3086487253461;-0.03740994120422494
3637.0;0.0;-4.956081888827273e-6;0.0;0.1742672733289609;0.0;0.0;0.0;0.0;0.0;0.0;2.2132127695748425;0.0;2.5588661304359377;-4.772081235504539;0.0;0.0;0.0;0.0;0.0;40.25155995825016;404.34584201320797;48.844418440337165;344.3086487253461;-0.03740994120422494
3638.0;0.0;-4.956081888827273e-6;0.0;0.1742672733289609;0.0;0.0;0.0;0.0;0.0;0.0;2.2132127695748425;0.0;2.5588661304359377;-4.772081235504539;0.0;0.0;0.0;0.0;0.0;40.25155995825016;404.34584201320797;48.844418440337165;344.3086487253461;-0.03740994120422494
3639.0;0.0;-4.956081888827273e-6;0.0;0.1742672733289609;0.0;0.0;0.0;0.0;0.0;0.0;2.2132127695748425;0.0;2.5588661304359377;-4.772081235504539;0.0;0.0;0.0;0.0;0.0;40.25155995825016;404.34584201320797;48.844418440337165;344.3086487253461;-0.03740994120422494
3640.0;0.0;-4.956081888827273e-6;0.0;0.1742672733289609;0.0;0.0;0.0;0.0;0.0;0.0;2.2132127695748425;0.0;2.5588661304359377;-4.772081235504539;0.0;0.0;0.0;0.0;0.0;40.25155995825016;404.34584201320797;48.844418440337165;344.3086487253461;-0.03740994120422494
3641.0;0.0;-4.956081888827273e-6;0.0;0.1742672733289609;0.0;0.0;0.0;0.0;0.0;0.0;2.2132127695748425;0.0;2.5588661304359377;-4.772081235504539;0.0;0.0;0.0;0.0;0.0;40.25155995825016;404.34584201320797;48.844418440337165;344.3086487253461;-0.03740994120422494
3642.0;0.0;-4.956081888827273e-6;0.0;0.1742672733289609;0.0;0.0;0.0;0.0;0.0;0.0;2.2132127695748425;0.0;2.5588661304359377;-4.772081235504539;0.0;0.0;0.0;0.0;0.0;40.25155995825016;404.34584201320797;48.844418440337165;344.3086487253461;-0.03740994120422494
3643.0;0.0;-4.956081888827273e-6;0.0;0.1742672733289609;0.0;0.0;0.0;0.0;0.0;0.0;2.2132127695748425;0.0;2.5588661304359377;-4.772081235504539;0.0;0.0;0.0;0.0;0.0;40.25155995825016;404.34584201320797;48.844418440337165;344.3086487253461;-0.03740994120422494
3644.0;0.0;-4.956081888827273e-6;0.0;0.1742672733289609;0.0;0.0;0.0;0.0;0.0;0.0;2.2132127695748425;0.0;2.5588661304359377;-4.772081235504539;0.0;0.0;0.0;0.0;0.0;40.25155995825016;404.34584201320797;48.844418440337165;344.3086487253461;-0.03740994120422494
3645.0;0.0;-4.956081888827273e-6;0.0;0.1742672733289609;0.0;0.0;0.0;0.0;0.0;0.0;2.2132127695748425;0.0;2.5588661304359377;-4.772081235504539;0.0;0.0;0.0;0.0;0.0;40.25155995825016;404.34584201320797;48.844418440337165;344.3086487253461;-0.03740994120422494
3646.0;0.0;-4.956081888827273e-6;0.0;0.1742672733289609;0.0;0.0;0.0;0.0;0.0;0.0;2.2132127695748425;0.0;2.5588661304359377;-4.772081235504539;0.0;0.0;0.0;0.0;0.0;40.25155995825016;404.34584201320797;48.844418440337165;344.3086487253461;-0.03740994120422494
3647.0;0.0;-4.956081888827273e-6;0.0;0.1742672733289609;0.0;0.0;0.0;0.0;0.0;0.0;2.2132127695748425;0.0;2.5588661304359377;-4.772081235504539;0.0;0.0;0.0;0.0;0.0;40.25155995825016;404.34584201320797;48.844418440337165;344.3086487253461;-0.03740994120422494
3648.0;0.0;-4.956081888827273e-6;0.0;0.1742672733289609;0.0;0.0;0.0;0.0;0.0;0.0;2.2132127695748425;0.0;2.5588661304359377;-4.772081235504539;0.0;0.0;0.0;0.0;0.0;40.25155995825016;404.34584201320797;48.844418440337165;344.3086487253461;-0.03740994120422494
3649.0;0.0;-7.379386426111519e-6;0.0;0.21521612984295263;0.0;0.0;0.0;0.0;0.0;0.00014819214947479653;1.2032151467748056;6.239810807970532e-5;3.596216246493829;-4.799660909139066;0.0;0.0;0.0;0.0;0.0;40.25183636779624;406.84097386481636;46.272884090905244;353.13560087022114;-0.033872946539683424
3650.0;0.0;-7.379386426111519e-6;0.0;0.21521612984295263;0.0;0.0;0.0;0.0;0.0;0.00014819214947479653;1.2032151467748056;6.239810807970532e-5;3.596216246493829;-4.799660909139066;0.0;0.0;0.0;0.0;0.0;40.25183636779624;406.84097386481636;46.272884090905244;353.13560087022114;-0.033872946539683424
3651.0;0.0;-7.379386426111519e-6;0.0;0.21521612984295263;0.0;0.0;0.0;0.0;0.0;0.00014819214947479653;1.2032151467748056;6.239810807970532e-5;3.596216246493829;-4.799660909139066;0.0;0.0;0.0;0.0;0.0;40.25183636779624;406.84097386481636;46.272884090905244;353.13560087022114;-0.033872946539683424
3652.0;0.0;-7.379386426111519e-6;0.0;0.21521612984295263;0.0;0.0;0.0;0.0;0.0;0.00014819214947479653;1.2032151467748056;6.239810807970532e-5;3.596216246493829;-4.799660909139066;0.0;0.0;0.0;0.0;0.0;40.25183636779624;406.84097386481636;46.272884090905244;353.13560087022114;-0.033872946539683424
3653.0;0.0;-7.379386426111519e-6;0.0;0.21521612984295263;0.0;0.0;0.0;0.0;0.0;0.00014819214947479653;1.2032151467748056;6.239810807970532e-5;3.596216246493829;-4.799660909139066;0.0;0.0;0.0;0.0;0.0;40.25183636779624;406.84097386481636;46.272884090905244;353.13560087022114;-0.033872946539683424
3654.0;0.0;-7.379386426111519e-6;0.0;0.21521612984295263;0.0;0.0;0.0;0.0;0.0;0.00014819214947479653;1.2032151467748056;6.239810807970532e-5;3.596216246493829;-4.799660909139066;0.0;0.0;0.0;0.0;0.0;40.25183636779624;406.84097386481636;46.272884090905244;353.13560087022114;-0.033872946539683424
3655.0;0.0;-7.379386426111519e-6;0.0;0.21521612984295263;0.0;0.0;0.0;0.0;0.0;0.00014819214947479653;1.2032151467748056;6.239810807970532e-5;3.596216246493829;-4.799660909139066;0.0;0.0;0.0;0.0;0.0;40.25183636779624;406.84097386481636;46.272884090905244;353.13560087022114;-0.033872946539683424
3656.0;0.0;-7.379386426111519e-6;0.0;0.21521612984295263;0.0;0.0;0.0;0.0;0.0;0.00014819214947479653;1.2032151467748056;6.239810807970532e-5;3.596216246493829;-4.799660909139066;0.0;0.0;0.0;0.0;0.0;40.25183636779624;406.84097386481636;46.272884090905244;353.13560087022114;-0.033872946539683424
3657.0;0.0;-7.379386426111519e-6;0.0;0.21521612984295263;0.0;0.0;0.0;0.0;0.0;0.00014819214947479653;1.2032151467748056;6.239810807970532e-5;3.596216246493829;-4.799660909139066;0.0;0.0;0.0;0.0;0.0;40.25183636779624;406.84097386481636;46.272884090905244;353.13560087022114;-0.033872946539683424
3658.0;0.0;-7.379386426111519e-6;0.0;0.21521612984295263;0.0;0.0;0.0;0.0;0.0;0.00014819214947479653;1.2032151467748056;6.239810807970532e-5;3.596216246493829;-4.799660909139066;0.0;0.0;0.0;0.0;0.0;40.25183636779624;406.84097386481636;46.272884090905244;353.13560087022114;-0.033872946539683424
3659.0;0.0;-7.379386426111519e-6;0.0;0.21521612984295263;0.0;0.0;0.0;0.0;0.0;0.00014819214947479653;1.2032151467748056;6.239810807970532e-5;3.596216246493829;-4.799660909139066;0.0;0.0;0.0;0.0;0.0;40.25183636779624;406.84097386481636;46.272884090905244;353.13560087022114;-0.033872946539683424
3660.0;0.0;-7.379386426111519e-6;0.0;0.21521612984295263;0.0;0.0;0.0;0.0;0.0;0.00014819214947479653;1.2032151467748056;6.239810807970532e-5;3.596216246493829;-4.799660909139066;0.0;0.0;0.0;0.0;0.0;40.25183636779624;406.84097386481636;46.272884090905244;353.13560087022114;-0.033872946539683424
3661.0;0.0;-7.379386426111519e-6;0.0;0.21521612984295263;0.0;0.0;0.0;0.0;0.0;0.00014819214947479653;1.2032151467748056;6.239810807970532e-5;3.596216246493829;-4.799660909139066;0.0;0.0;0.0;0.0;0.0;40.25183636779624;406.84097386481636;46.272884090905244;353.13560087022114;-0.033872946539683424
3662.0;0.0;-7.379386426111519e-6;0.0;0.21521612984295263;0.0;0.0;0.0;0.0;0.0;0.00014819214947479653;1.2032151467748056;6.239810807970532e-5;3.596216246493829;-4.799660909139066;0.0;0.0;0.0;0.0;0.0;40.25183636779624;406.84097386481636;46.272884090905244;353.13560087022114;-0.033872946539683424
3663.0;0.0;-7.379386426111519e-6;0.0;0.21521612984295263;0.0;0.0;0.0;0.0;0.0;0.00014819214947479653;1.2032151467748056;6.239810807970532e-5;3.596216246493829;-4.799660909139066;0.0;0.0;0.0;0.0;0.0;40.25183636779624;406.84097386481636;46.272884090905244;353.13560087022114;-0.033872946539683424
3664.0;0.0;-7.379386426111519e-6;0.0;0.21521612984295263;0.0;0.0;0.0;0.0;0.0;0.00014819214947479653;1.2032151467748056;6.239810807970532e-5;3.596216246493829;-4.799660909139066;0.0;0.0;0.0;0.0;0.0;40.25183636779624;406.84097386481636;46.272884090905244;353.13560087022114;-0.033872946539683424
3665.0;0.0;-7.379386426111519e-6;0.0;0.21521612984295263;0.0;0.0;0.0;0.0;0.0;0.00014819214947479653;1.2032151467748056;6.239810807970532e-5;3.596216246493829;-4.799660909139066;0.0;0.0;0.0;0.0;0.0;40.25183636779624;406.84097386481636;46.272884090905244;353.13560087022114;-0.033872946539683424
3666.0;0.0;-7.379386426111519e-6;0.0;0.21521612984295263;0.0;0.0;0.0;0.0;0.0;0.00014819214947479653;1.2032151467748056;6.239810807970532e-5;3.596216246493829;-4.799660909139066;0.0;0.0;0.0;0.0;0.0;40.25183636779624;406.84097386481636;46.272884090905244;353.13560087022114;-0.033872946539683424
3667.0;0.0;-7.379386426111519e-6;0.0;0.21521612984295263;0.0;0.0;0.0;0.0;0.0;0.00014819214947479653;1.2032151467748056;6.239810807970532e-5;3.596216246493829;-4.799660909139066;0.0;0.0;0.0;0.0;0.0;40.25183636779624;406.84097386481636;46.272884090905244;353.13560087022114;-0.033872946539683424
3668.0;0.0;-7.379386426111519e-6;0.0;0.21521612984295263;0.0;0.0;0.0;0.0;0.0;0.00014819214947479653;1.2032151467748056;6.239810807970532e-5;3.596216246493829;-4.799660909139066;0.0;0.0;0.0;0.0;0.0;40.25183636779624;406.84097386481636;46.272884090905244;353.13560087022114;-0.033872946539683424
3669.0;0.0;-7.379386426111519e-6;0.0;0.21521612984295263;0.0;0.0;0.0;0.0;0.0;0.00014819214947479653;1.2032151467748056;6.239810807970532e-5;3.596216246493829;-4.799660909139066;0.0;0.0;0.0;0.0;0.0;40.25183636779624;406.84097386481636;46.272884090905244;353.13560087022114;-0.033872946539683424
3670.0;0.0;-7.379386426111519e-6;0.0;0.21521612984295263;0.0;0.0;0.0;0.0;0.0;0.00014819214947479653;1.2032151467748056;6.239810807970532e-5;3.596216246493829;-4.799660909139066;0.0;0.0;0.0;0.0;0.0;40.25183636779624;406.84097386481636;46.272884090905244;353.13560087022114;-0.033872946539683424
3671.0;0.0;-7.379386426111519e-6;0.0;0.21521612984295263;0.0;0.0;0.0;0.0;0.0;0.00014819214947479653;1.2032151467748056;6.239810807970532e-5;3.596216246493829;-4.799660909139066;0.0;0.0;0.0;0.0;0.0;40.25183636779624;406.84097386481636;46.272884090905244;353.13560087022114;-0.033872946539683424
3672.0;0.0;-7.379386426111519e-6;0.0;0.21521612984295263;0.0;0.0;0.0;0.0;0.0;0.00014819214947479653;1.2032151467748056;6.239810807970532e-5;3.596216246493829;-4.799660909139066;0.0;0.0;0.0;0.0;0.0;40.25183636779624;406.84097386481636;46.272884090905244;353.13560087022114;-0.033872946539683424
3673.0;0.0;-0.000748238776108696;0.0;0.21521612984295263;0.0;0.0;0.0;0.0;0.0;0.0;1.1416117990770744;0.0;1.970871776450953;-3.1127393826001937;0.0;0.0;0.0;0.0;0.0;40.25183636779624;406.84097386481636;46.272884090905244;353.13560087022114;-0.033872946539683424
3674.0;0.0;-0.000748238776108696;0.0;0.21521612984295263;0.0;0.0;0.0;0.0;0.0;0.0;1.1416117990770744;0.0;1.970871776450953;-3.1127393826001937;0.0;0.0;0.0;0.0;0.0;40.25183636779624;406.84097386481636;46.272884090905244;353.13560087022114;-0.033872946539683424
3675.0;0.0;-0.000748238776108696;0.0;0.21521612984295263;0.0;0.0;0.0;0.0;0.0;0.0;1.1416117990770744;0.0;1.970871776450953;-3.1127393826001937;0.0;0.0;0.0;0.0;0.0;40.25183636779624;406.84097386481636;46.272884090905244;353.13560087022114;-0.033872946539683424
3676.0;0.0;-0.000748238776108696;0.0;0.21521612984295263;0.0;0.0;0.0;0.0;0.0;0.0;1.1416117990770744;0.0;1.970871776450953;-3.1127393826001937;0.0;0.0;0.0;0.0;0.0;40.25183636779624;406.84097386481636;46.272884090905244;353.13560087022114;-0.033872946539683424
3677.0;0.0;-0.000748238776108696;0.0;0.21521612984295263;0.0;0.0;0.0;0.0;0.0;0.0;1.1416117990770744;0.0;1.970871776450953;-3.1127393826001937;0.0;0.0;0.0;0.0;0.0;40.25183636779624;406.84097386481636;46.272884090905244;353.13560087022114;-0.033872946539683424
3678.0;0.0;-0.000748238776108696;0.0;0.21521612984295263;0.0;0.0;0.0;0.0;0.0;0.0;1.1416117990770744;0.0;1.970871776450953;-3.1127393826001937;0.0;0.0;0.0;0.0;0.0;40.25183636779624;406.84097386481636;46.272884090905244;353.13560087022114;-0.033872946539683424
3679.0;0.0;-0.000748238776108696;0.0;0.21521612984295263;0.0;0.0;0.0;0.0;0.0;0.0;1.1416117990770744;0.0;1.970871776450953;-3.1127393826001937;0.0;0.0;0.0;0.0;0.0;40.25183636779624;406.84097386481636;46.272884090905244;353.13560087022114;-0.033872946539683424
3680.0;0.0;-0.000748238776108696;0.0;0.21521612984295263;0.0;0.0;0.0;0.0;0.0;0.0;1.1416117990770744;0.0;1.970871776450953;-3.1127393826001937;0.0;0.0;0.0;0.0;0.0;40.25183636779624;406.84097386481636;46.272884090905244;353.13560087022114;-0.033872946539683424
3681.0;0.0;-0.000748238776108696;0.0;0.21521612984295263;0.0;0.0;0.0;0.0;0.0;0.0;1.1416117990770744;0.0;1.970871776450953;-3.1127393826001937;0.0;0.0;0.0;0.0;0.0;40.25183636779624;406.84097386481636;46.272884090905244;353.13560087022114;-0.033872946539683424
3682.0;0.0;-0.000748238776108696;0.0;0.21521612984295263;0.0;0.0;0.0;0.0;0.0;0.0;1.1416117990770744;0.0;1.970871776450953;-3.1127393826001937;0.0;0.0;0.0;0.0;0.0;40.25183636779624;406.84097386481636;46.272884090905244;353.13560087022114;-0.033872946539683424
3683.0;0.0;-0.000748238776108696;0.0;0.21521612984295263;0.0;0.0;0.0;0.0;0.0;0.0;1.1416117990770744;0.0;1.970871776450953;-3.1127393826001937;0.0;0.0;0.0;0.0;0.0;40.25183636779624;406.84097386481636;46.272884090905244;353.13560087022114;-0.033872946539683424
3684.0;0.0;-0.000748238776108696;0.0;0.21521612984295263;0.0;0.0;0.0;0.0;0.0;0.0;1.1416117990770744;0.0;1.970871776450953;-3.1127393826001937;0.0;0.0;0.0;0.0;0.0;40.25183636779624;406.84097386481636;46.272884090905244;353.13560087022114;-0.033872946539683424
3685.0;0.0;-0.000748238776108696;0.0;0.21521612984295263;0.0;0.0;0.0;0.0;0.0;0.0;1.1416117990770744;0.0;1.970871776450953;-3.1127393826001937;0.0;0.0;0.0;0.0;0.0;40.25183636779624;406.84097386481636;46.272884090905244;353.13560087022114;-0.033872946539683424
3686.0;0.0;-0.000748238776108696;0.0;0.21521612984295263;0.0;0.0;0.0;0.0;0.0;0.0;1.1416117990770744;0.0;1.970871776450953;-3.1127393826001937;0.0;0.0;0.0;0.0;0.0;40.25183636779624;406.84097386481636;46.272884090905244;353.13560087022114;-0.033872946539683424
3687.0;0.0;-0.000748238776108696;0.0;0.21521612984295263;0.0;0.0;0.0;0.0;0.0;0.0;1.1416117990770744;0.0;1.970871776450953;-3.1127393826001937;0.0;0.0;0.0;0.0;0.0;40.25183636779624;406.84097386481636;46.272884090905244;353.13560087022114;-0.033872946539683424
3688.0;0.0;-0.000748238776108696;0.0;0.21521612984295263;0.0;0.0;0.0;0.0;0.0;0.0;1.1416117990770744;0.0;1.970871776450953;-3.1127393826001937;0.0;0.0;0.0;0.0;0.0;40.25183636779624;406.84097386481636;46.272884090905244;353.13560087022114;-0.033872946539683424
3689.0;0.0;-0.000748238776108696;0.0;0.21521612984295263;0.0;0.0;0.0;0.0;0.0;0.0;1.1416117990770744;0.0;1.970871776450953;-3.1127393826001937;0.0;0.0;0.0;0.0;0.0;40.25183636779624;406.84097386481636;46.272884090905244;353.13560087022114;-0.033872946539683424
3690.0;0.0;-0.000748238776108696;0.0;0.21521612984295263;0.0;0.0;0.0;0.0;0.0;0.0;1.1416117990770744;0.0;1.970871776450953;-3.1127393826001937;0.0;0.0;0.0;0.0;0.0;40.25183636779624;406.84097386481636;46.272884090905244;353.13560087022114;-0.033872946539683424
3691.0;0.0;-0.000748238776108696;0.0;0.21521612984295263;0.0;0.0;0.0;0.0;0.0;0.0;1.1416117990770744;0.0;1.970871776450953;-3.1127393826001937;0.0;0.0;0.0;0.0;0.0;40.25183636779624;406.84097386481636;46.272884090905244;353.13560087022114;-0.033872946539683424
3692.0;0.0;-0.000748238776108696;0.0;0.21521612984295263;0.0;0.0;0.0;0.0;0.0;0.0;1.1416117990770744;0.0;1.970871776450953;-3.1127393826001937;0.0;0.0;0.0;0.0;0.0;40.25183636779624;406.84097386481636;46.272884090905244;353.13560087022114;-0.033872946539683424
3693.0;0.0;-0.000748238776108696;0.0;0.21521612984295263;0.0;0.0;0.0;0.0;0.0;0.0;1.1416117990770744;0.0;1.970871776450953;-3.1127393826001937;0.0;0.0;0.0;0.0;0.0;40.25183636779624;406.84097386481636;46.272884090905244;353.13560087022114;-0.033872946539683424
3694.0;0.0;-0.000748238776108696;0.0;0.21521612984295263;0.0;0.0;0.0;0.0;0.0;0.0;1.1416117990770744;0.0;1.970871776450953;-3.1127393826001937;0.0;0.0;0.0;0.0;0.0;40.25183636779624;406.84097386481636;46.272884090905244;353.13560087022114;-0.033872946539683424
3695.0;0.0;-0.000748238776108696;0.0;0.21521612984295263;0.0;0.0;0.0;0.0;0.0;0.0;1.1416117990770744;0.0;1.970871776450953;-3.1127393826001937;0.0;0.0;0.0;0.0;0.0;40.25183636779624;406.84097386481636;46.272884090905244;353.13560087022114;-0.033872946539683424
3696.0;0.0;-0.000748238776108696;0.0;0.21521612984295263;0.0;0.0;0.0;0.0;0.0;0.0;1.1416117990770744;0.0;1.970871776450953;-3.1127393826001937;0.0;0.0;0.0;0.0;0.0;40.25183636779624;406.84097386481636;46.272884090905244;353.13560087022114;-0.033872946539683424
3697.0;0.0;-0.0001714057409306424;0.0;0.21521612984295263;0.0;0.0;0.0;0.0;0.0;0.0001293315993097217;3.3225868527309013;5.319711204813367e-5;0.32898583402872145;-3.6520618177242437;0.0;0.0;0.0;0.0;0.0;40.25183636779624;406.84097386481636;46.272884090905244;353.13560087022114;-0.033872946539683424
3698.0;0.0;-0.0001714057409306424;0.0;0.21521612984295263;0.0;0.0;0.0;0.0;0.0;0.0001293315993097217;3.3225868527309013;5.319711204813367e-5;0.32898583402872145;-3.6520618177242437;0.0;0.0;0.0;0.0;0.0;40.25183636779624;406.84097386481636;46.272884090905244;353.13560087022114;-0.033872946539683424
3699.0;0.0;-0.0001714057409306424;0.0;0.21521612984295263;0.0;0.0;0.0;0.0;0.0;0.0001293315993097217;3.3225868527309013;5.319711204813367e-5;0.32898583402872145;-3.6520618177242437;0.0;0.0;0.0;0.0;0.0;40.25183636779624;406.84097386481636;46.272884090905244;353.13560087022114;-0.033872946539683424
3700.0;0.0;-0.0001714057409306424;0.0;0.21521612984295263;0.0;0.0;0.0;0.0;0.0;0.0001293315993097217;3.3225868527309013;5.319711204813367e-5;0.32898583402872145;-3.6520618177242437;0.0;0.0;0.0;0.0;0.0;40.25183636779624;406.84097386481636;46.272884090905244;353.13560087022114;-0.033872946539683424
3701.0;0.0;-0.0001714057409306424;0.0;0.21521612984295263;0.0;0.0;0.0;0.0;0.0;0.0001293315993097217;3.3225868527309013;5.319711204813367e-5;0.32898583402872145;-3.6520618177242437;0.0;0.0;0.0;0.0;0.0;40.25183636779624;406.84097386481636;46.272884090905244;353.13560087022114;-0.033872946539683424
3702.0;0.0;-0.0001714057409306424;0.0;0.21521612984295263;0.0;0.0;0.0;0.0;0.0;0.0001293315993097217;3.3225868527309013;5.319711204813367e-5;0.32898583402872145;-3.6520618177242437;0.0;0.0;0.0;0.0;0.0;40.25183636779624;406.84097386481636;46.272884090905244;353.13560087022114;-0.033872946539683424
3703.0;0.0;-0.0001714057409306424;0.0;0.21521612984295263;0.0;0.0;0.0;0.0;0.0;0.0001293315993097217;3.3225868527309013;5.319711204813367e-5;0.32898583402872145;-3.6520618177242437;0.0;0.0;0.0;0.0;0.0;40.25183636779624;406.84097386481636;46.272884090905244;353.13560087022114;-0.033872946539683424
3704.0;0.0;-0.0001714057409306424;0.0;0.21521612984295263;0.0;0.0;0.0;0.0;0.0;0.0001293315993097217;3.3225868527309013;5.319711204813367e-5;0.32898583402872145;-3.6520618177242437;0.0;0.0;0.0;0.0;0.0;40.25183636779624;406.84097386481636;46.272884090905244;353.13560087022114;-0.033872946539683424
3705.0;0.0;-0.0001714057409306424;0.0;0.21521612984295263;0.0;0.0;0.0;0.0;0.0;0.0001293315993097217;3.3225868527309013;5.319711204813367e-5;0.32898583402872145;-3.6520618177242437;0.0;0.0;0.0;0.0;0.0;40.25183636779624;406.84097386481636;46.272884090905244;353.13560087022114;-0.033872946539683424
3706.0;0.0;-0.0001714057409306424;0.0;0.21521612984295263;0.0;0.0;0.0;0.0;0.0;0.0001293315993097217;3.3225868527309013;5.319711204813367e-5;0.32898583402872145;-3.6520618177242437;0.0;0.0;0.0;0.0;0.0;40.25183636779624;406.84097386481636;46.272884090905244;353.13560087022114;-0.033872946539683424
3707.0;0.0;-0.0001714057409306424;0.0;0.21521612984295263;0.0;0.0;0.0;0.0;0.0;0.0001293315993097217;3.3225868527309013;5.319711204813367e-5;0.32898583402872145;-3.6520618177242437;0.0;0.0;0.0;0.0;0.0;40.25183636779624;406.84097386481636;46.272884090905244;353.13560087022114;-0.033872946539683424
3708.0;0.0;-0.0001714057409306424;0.0;0.21521612984295263;0.0;0.0;0.0;0.0;0.0;0.0001293315993097217;3.3225868527309013;5.319711204813367e-5;0.32898583402872145;-3.6520618177242437;0.0;0.0;0.0;0.0;0.0;40.25183636779624;406.84097386481636;46.272884090905244;353.13560087022114;-0.033872946539683424
3709.0;0.0;-0.0001714057409306424;0.0;0.21521612984295263;0.0;0.0;0.0;0.0;0.0;0.0001293315993097217;3.3225868527309013;5.319711204813367e-5;0.32898583402872145;-3.6520618177242437;0.0;0.0;0.0;0.0;0.0;40.25183636779624;406.84097386481636;46.272884090905244;353.13560087022114;-0.033872946539683424
3710.0;0.0;-0.0001714057409306424;0.0;0.21521612984295263;0.0;0.0;0.0;0.0;0.0;0.0001293315993097217;3.3225868527309013;5.319711204813367e-5;0.32898583402872145;-3.6520618177242437;0.0;0.0;0.0;0.0;0.0;40.25183636779624;406.84097386481636;46.272884090905244;353.13560087022114;-0.033872946539683424
3711.0;0.0;-0.0001714057409306424;0.0;0.21521612984295263;0.0;0.0;0.0;0.0;0.0;0.0001293315993097217;3.3225868527309013;5.319711204813367e-5;0.32898583402872145;-3.6520618177242437;0.0;0.0;0.0;0.0;0.0;40.25183636779624;406.84097386481636;46.272884090905244;353.13560087022114;-0.033872946539683424
3712.0;0.0;-0.0001714057409306424;0.0;0.21521612984295263;0.0;0.0;0.0;0.0;0.0;0.0001293315993097217;3.3225868527309013;5.319711204813367e-5;0.32898583402872145;-3.6520618177242437;0.0;0.0;0.0;0.0;0.0;40.25183636779624;406.84097386481636;46.272884090905244;353.13560087022114;-0.033872946539683424
3713.0;0.0;-0.0001714057409306424;0.0;0.21521612984295263;0.0;0.0;0.0;0.0;0.0;0.0001293315993097217;3.3225868527309013;5.319711204813367e-5;0.32898583402872145;-3.6520618177242437;0.0;0.0;0.0;0.0;0.0;40.25183636779624;406.84097386481636;46.272884090905244;353.13560087022114;-0.033872946539683424
3714.0;0.0;-0.0001714057409306424;0.0;0.21521612984295263;0.0;0.0;0.0;0.0;0.0;0.0001293315993097217;3.3225868527309013;5.319711204813367e-5;0.32898583402872145;-3.6520618177242437;0.0;0.0;0.0;0.0;0.0;40.25183636779624;406.84097386481636;46.272884090905244;353.13560087022114;-0.033872946539683424
3715.0;0.0;-0.0001714057409306424;0.0;0.21521612984295263;0.0;0.0;0.0;0.0;0.0;0.0001293315993097217;3.3225868527309013;5.319711204813367e-5;0.32898583402872145;-3.6520618177242437;0.0;0.0;0.0;0.0;0.0;40.25183636779624;406.84097386481636;46.272884090905244;353.13560087022114;-0.033872946539683424
3716.0;0.0;-0.0001714057409306424;0.0;0.21521612984295263;0.0;0.0;0.0;0.0;0.0;0.0001293315993097217;3.3225868527309013;5.319711204813367e-5;0.32898583402872145;-3.6520618177242437;0.0;0.0;0.0;0.0;0.0;40.25183636779624;406.84097386481636;46.272884090905244;353.13560087022114;-0.033872946539683424
3717.0;0.0;-0.0001714057409306424;0.0;0.21521612984295263;0.0;0.0;0.0;0.0;0.0;0.0001293315993097217;3.3225868527309013;5.319711204813367e-5;0.32898583402872145;-3.6520618177242437;0.0;0.0;0.0;0.0;0.0;40.25183636779624;406.84097386481636;46.272884090905244;353.13560087022114;-0.033872946539683424
3718.0;0.0;-0.0001714057409306424;0.0;0.21521612984295263;0.0;0.0;0.0;0.0;0.0;0.0001293315993097217;3.3225868527309013;5.319711204813367e-5;0.32898583402872145;-3.6520618177242437;0.0;0.0;0.0;0.0;0.0;40.25183636779624;406.84097386481636;46.272884090905244;353.13560087022114;-0.033872946539683424
3719.0;0.0;-0.0001714057409306424;0.0;0.21521612984295263;0.0;0.0;0.0;0.0;0.0;0.0001293315993097217;3.3225868527309013;5.319711204813367e-5;0.32898583402872145;-3.6520618177242437;0.0;0.0;0.0;0.0;0.0;40.25183636779624;406.84097386481636;46.272884090905244;353.13560087022114;-0.033872946539683424
3720.0;0.0;-0.0001714057409306424;0.0;0.21521612984295263;0.0;0.0;0.0;0.0;0.0;0.0001293315993097217;3.3225868527309013;5.319711204813367e-5;0.32898583402872145;-3.6520618177242437;0.0;0.0;0.0;0.0;0.0;40.25183636779624;406.84097386481636;46.272884090905244;353.13560087022114;-0.033872946539683424
3721.0;0.0;-0.0007363858542921597;0.0;0.21521612984295263;0.0;0.0;0.0;0.0;0.0;0.0;3.936215674023843;0.0;0.4405989253611967;-4.376829453852591;0.0;0.0;0.0;0.0;0.0;40.25183636779624;406.84097386481636;46.272884090905244;353.13560087022114;-0.033872946539683424
3722.0;0.0;-0.0007363858542921597;0.0;0.21521612984295263;0.0;0.0;0.0;0.0;0.0;0.0;3.936215674023843;0.0;0.4405989253611967;-4.376829453852591;0.0;0.0;0.0;0.0;0.0;40.25183636779624;406.84097386481636;46.272884090905244;353.13560087022114;-0.033872946539683424
3723.0;0.0;-0.0007363858542921597;0.0;0.21521612984295263;0.0;0.0;0.0;0.0;0.0;0.0;3.936215674023843;0.0;0.4405989253611967;-4.376829453852591;0.0;0.0;0.0;0.0;0.0;40.25183636779624;406.84097386481636;46.272884090905244;353.13560087022114;-0.033872946539683424
3724.0;0.0;-0.0007363858542921597;0.0;0.21521612984295263;0.0;0.0;0.0;0.0;0.0;0.0;3.936215674023843;0.0;0.4405989253611967;-4.376829453852591;0.0;0.0;0.0;0.0;0.0;40.25183636779624;406.84097386481636;46.272884090905244;353.13560087022114;-0.033872946539683424
3725.0;0.0;-0.0007363858542921597;0.0;0.21521612984295263;0.0;0.0;0.0;0.0;0.0;0.0;3.936215674023843;0.0;0.4405989253611967;-4.376829453852591;0.0;0.0;0.0;0.0;0.0;40.25183636779624;406.84097386481636;46.272884090905244;353.13560087022114;-0.033872946539683424
3726.0;0.0;-0.0007363858542921597;0.0;0.21521612984295263;0.0;0.0;0.0;0.0;0.0;0.0;3.936215674023843;0.0;0.4405989253611967;-4.376829453852591;0.0;0.0;0.0;0.0;0.0;40.25183636779624;406.84097386481636;46.272884090905244;353.13560087022114;-0.033872946539683424
3727.0;0.0;-0.0007363858542921597;0.0;0.21521612984295263;0.0;0.0;0.0;0.0;0.0;0.0;3.936215674023843;0.0;0.4405989253611967;-4.376829453852591;0.0;0.0;0.0;0.0;0.0;40.25183636779624;406.84097386481636;46.272884090905244;353.13560087022114;-0.033872946539683424
3728.0;0.0;-0.0007363858542921597;0.0;0.21521612984295263;0.0;0.0;0.0;0.0;0.0;0.0;3.936215674023843;0.0;0.4405989253611967;-4.376829453852591;0.0;0.0;0.0;0.0;0.0;40.25183636779624;406.84097386481636;46.272884090905244;353.13560087022114;-0.033872946539683424
3729.0;0.0;-0.0007363858542921597;0.0;0.21521612984295263;0.0;0.0;0.0;0.0;0.0;0.0;3.936215674023843;0.0;0.4405989253611967;-4.376829453852591;0.0;0.0;0.0;0.0;0.0;40.25183636779624;406.84097386481636;46.272884090905244;353.13560087022114;-0.033872946539683424
3730.0;0.0;-0.0007363858542921597;0.0;0.21521612984295263;0.0;0.0;0.0;0.0;0.0;0.0;3.936215674023843;0.0;0.4405989253611967;-4.376829453852591;0.0;0.0;0.0;0.0;0.0;40.25183636779624;406.84097386481636;46.272884090905244;353.13560087022114;-0.033872946539683424
3731.0;0.0;-0.0007363858542921597;0.0;0.21521612984295263;0.0;0.0;0.0;0.0;0.0;0.0;3.936215674023843;0.0;0.4405989253611967;-4.376829453852591;0.0;0.0;0.0;0.0;0.0;40.25183636779624;406.84097386481636;46.272884090905244;353.13560087022114;-0.033872946539683424
3732.0;0.0;-0.0007363858542921597;0.0;0.21521612984295263;0.0;0.0;0.0;0.0;0.0;0.0;3.936215674023843;0.0;0.4405989253611967;-4.376829453852591;0.0;0.0;0.0;0.0;0.0;40.25183636779624;406.84097386481636;46.272884090905244;353.13560087022114;-0.033872946539683424
3733.0;0.0;-0.0007363858542921597;0.0;0.21521612984295263;0.0;0.0;0.0;0.0;0.0;0.0;3.936215674023843;0.0;0.4405989253611967;-4.376829453852591;0.0;0.0;0.0;0.0;0.0;40.25183636779624;406.84097386481636;46.272884090905244;353.13560087022114;-0.033872946539683424
3734.0;0.0;-0.0007363858542921597;0.0;0.21521612984295263;0.0;0.0;0.0;0.0;0.0;0.0;3.936215674023843;0.0;0.4405989253611967;-4.376829453852591;0.0;0.0;0.0;0.0;0.0;40.25183636779624;406.84097386481636;46.272884090905244;353.13560087022114;-0.033872946539683424
3735.0;0.0;-0.0007363858542921597;0.0;0.21521612984295263;0.0;0.0;0.0;0.0;0.0;0.0;3.936215674023843;0.0;0.4405989253611967;-4.376829453852591;0.0;0.0;0.0;0.0;0.0;40.25183636779624;406.84097386481636;46.272884090905244;353.13560087022114;-0.033872946539683424
3736.0;0.0;-0.0007363858542921597;0.0;0.21521612984295263;0.0;0.0;0.0;0.0;0.0;0.0;3.936215674023843;0.0;0.4405989253611967;-4.376829453852591;0.0;0.0;0.0;0.0;0.0;40.25183636779624;406.84097386481636;46.272884090905244;353.13560087022114;-0.033872946539683424
3737.0;0.0;-0.0007363858542921597;0.0;0.21521612984295263;0.0;0.0;0.0;0.0;0.0;0.0;3.936215674023843;0.0;0.4405989253611967;-4.376829453852591;0.0;0.0;0.0;0.0;0.0;40.25183636779624;406.84097386481636;46.272884090905244;353.13560087022114;-0.033872946539683424
3738.0;0.0;-0.0007363858542921597;0.0;0.21521612984295263;0.0;0.0;0.0;0.0;0.0;0.0;3.936215674023843;0.0;0.4405989253611967;-4.376829453852591;0.0;0.0;0.0;0.0;0.0;40.25183636779624;406.84097386481636;46.272884090905244;353.13560087022114;-0.033872946539683424
3739.0;0.0;-0.0007363858542921597;0.0;0.21521612984295263;0.0;0.0;0.0;0.0;0.0;0.0;3.936215674023843;0.0;0.4405989253611967;-4.376829453852591;0.0;0.0;0.0;0.0;0.0;40.25183636779624;406.84097386481636;46.272884090905244;353.13560087022114;-0.033872946539683424
3740.0;0.0;-0.0007363858542921597;0.0;0.21521612984295263;0.0;0.0;0.0;0.0;0.0;0.0;3.936215674023843;0.0;0.4405989253611967;-4.376829453852591;0.0;0.0;0.0;0.0;0.0;40.25183636779624;406.84097386481636;46.272884090905244;353.13560087022114;-0.033872946539683424
3741.0;0.0;-0.0007363858542921597;0.0;0.21521612984295263;0.0;0.0;0.0;0.0;0.0;0.0;3.936215674023843;0.0;0.4405989253611967;-4.376829453852591;0.0;0.0;0.0;0.0;0.0;40.25183636779624;406.84097386481636;46.272884090905244;353.13560087022114;-0.033872946539683424
3742.0;0.0;-0.0007363858542921597;0.0;0.21521612984295263;0.0;0.0;0.0;0.0;0.0;0.0;3.936215674023843;0.0;0.4405989253611967;-4.376829453852591;0.0;0.0;0.0;0.0;0.0;40.25183636779624;406.84097386481636;46.272884090905244;353.13560087022114;-0.033872946539683424
3743.0;0.0;-0.0007363858542921597;0.0;0.21521612984295263;0.0;0.0;0.0;0.0;0.0;0.0;3.936215674023843;0.0;0.4405989253611967;-4.376829453852591;0.0;0.0;0.0;0.0;0.0;40.25183636779624;406.84097386481636;46.272884090905244;353.13560087022114;-0.033872946539683424
3744.0;0.0;-0.0007363858542921597;0.0;0.21521612984295263;0.0;0.0;0.0;0.0;0.0;0.0;3.936215674023843;0.0;0.4405989253611967;-4.376829453852591;0.0;0.0;0.0;0.0;0.0;40.25183636779624;406.84097386481636;46.272884090905244;353.13560087022114;-0.033872946539683424
3745.0;0.0;-0.00024788850752416227;0.0;0.21521612984295263;0.0;0.0;0.0;0.0;0.0;9.276332407921777e-5;4.057468429604762;4.167967498558571e-5;0.6543831863155879;-4.712447173281368;0.0;0.0;0.0;0.0;0.0;40.25183636779624;406.84097386481636;46.272884090905244;353.13560087022114;-0.033872946539683424
3746.0;0.0;-0.00024788850752416227;0.0;0.21521612984295263;0.0;0.0;0.0;0.0;0.0;9.276332407921777e-5;4.057468429604762;4.167967498558571e-5;0.6543831863155879;-4.712447173281368;0.0;0.0;0.0;0.0;0.0;40.25183636779624;406.84097386481636;46.272884090905244;353.13560087022114;-0.033872946539683424
3747.0;0.0;-0.00024788850752416227;0.0;0.21521612984295263;0.0;0.0;0.0;0.0;0.0;9.276332407921777e-5;4.057468429604762;4.167967498558571e-5;0.6543831863155879;-4.712447173281368;0.0;0.0;0.0;0.0;0.0;40.25183636779624;406.84097386481636;46.272884090905244;353.13560087022114;-0.033872946539683424
3748.0;0.0;-0.00024788850752416227;0.0;0.21521612984295263;0.0;0.0;0.0;0.0;0.0;9.276332407921777e-5;4.057468429604762;4.167967498558571e-5;0.6543831863155879;-4.712447173281368;0.0;0.0;0.0;0.0;0.0;40.25183636779624;406.84097386481636;46.272884090905244;353.13560087022114;-0.033872946539683424
3749.0;0.0;-0.00024788850752416227;0.0;0.21521612984295263;0.0;0.0;0.0;0.0;0.0;9.276332407921777e-5;4.057468429604762;4.167967498558571e-5;0.6543831863155879;-4.712447173281368;0.0;0.0;0.0;0.0;0.0;40.25183636779624;406.84097386481636;46.272884090905244;353.13560087022114;-0.033872946539683424
3750.0;0.0;-0.00024788850752416227;0.0;0.21521612984295263;0.0;0.0;0.0;0.0;0.0;9.276332407921777e-5;4.057468429604762;4.167967498558571e-5;0.6543831863155879;-4.712447173281368;0.0;0.0;0.0;0.0;0.0;40.25183636779624;406.84097386481636;46.272884090905244;353.13560087022114;-0.033872946539683424
3751.0;0.0;-0.00024788850752416227;0.0;0.21521612984295263;0.0;0.0;0.0;0.0;0.0;9.276332407921777e-5;4.057468429604762;4.167967498558571e-5;0.6543831863155879;-4.712447173281368;0.0;0.0;0.0;0.0;0.0;40.25183636779624;406.84097386481636;46.272884090905244;353.13560087022114;-0.033872946539683424
3752.0;0.0;-0.00024788850752416227;0.0;0.21521612984295263;0.0;0.0;0.0;0.0;0.0;9.276332407921777e-5;4.057468429604762;4.167967498558571e-5;0.6543831863155879;-4.712447173281368;0.0;0.0;0.0;0.0;0.0;40.25183636779624;406.84097386481636;46.272884090905244;353.13560087022114;-0.033872946539683424
3753.0;0.0;-0.00024788850752416227;0.0;0.21521612984295263;0.0;0.0;0.0;0.0;0.0;9.276332407921777e-5;4.057468429604762;4.167967498558571e-5;0.6543831863155879;-4.712447173281368;0.0;0.0;0.0;0.0;0.0;40.25183636779624;406.84097386481636;46.272884090905244;353.13560087022114;-0.033872946539683424
3754.0;0.0;-0.00024788850752416227;0.0;0.21521612984295263;0.0;0.0;0.0;0.0;0.0;9.276332407921777e-5;4.057468429604762;4.167967498558571e-5;0.6543831863155879;-4.712447173281368;0.0;0.0;0.0;0.0;0.0;40.25183636779624;406.84097386481636;46.272884090905244;353.13560087022114;-0.033872946539683424
3755.0;0.0;-0.00024788850752416227;0.0;0.21521612984295263;0.0;0.0;0.0;0.0;0.0;9.276332407921777e-5;4.057468429604762;4.167967498558571e-5;0.6543831863155879;-4.712447173281368;0.0;0.0;0.0;0.0;0.0;40.25183636779624;406.84097386481636;46.272884090905244;353.13560087022114;-0.033872946539683424
3756.0;0.0;-0.00024788850752416227;0.0;0.21521612984295263;0.0;0.0;0.0;0.0;0.0;9.276332407921777e-5;4.057468429604762;4.167967498558571e-5;0.6543831863155879;-4.712447173281368;0.0;0.0;0.0;0.0;0.0;40.25183636779624;406.84097386481636;46.272884090905244;353.13560087022114;-0.033872946539683424
3757.0;0.0;-0.00024788850752416227;0.0;0.21521612984295263;0.0;0.0;0.0;0.0;0.0;9.276332407921777e-5;4.057468429604762;4.167967498558571e-5;0.6543831863155879;-4.712447173281368;0.0;0.0;0.0;0.0;0.0;40.25183636779624;406.84097386481636;46.272884090905244;353.13560087022114;-0.033872946539683424
3758.0;0.0;-0.00024788850752416227;0.0;0.21521612984295263;0.0;0.0;0.0;0.0;0.0;9.276332407921777e-5;4.057468429604762;4.167967498558571e-5;0.6543831863155879;-4.712447173281368;0.0;0.0;0.0;0.0;0.0;40.25183636779624;406.84097386481636;46.272884090905244;353.13560087022114;-0.033872946539683424
3759.0;0.0;-0.00024788850752416227;0.0;0.21521612984295263;0.0;0.0;0.0;0.0;0.0;9.276332407921777e-5;4.057468429604762;4.167967498558571e-5;0.6543831863155879;-4.712447173281368;0.0;0.0;0.0;0.0;0.0;40.25183636779624;406.84097386481636;46.272884090905244;353.13560087022114;-0.033872946539683424
3760.0;0.0;-0.00024788850752416227;0.0;0.21521612984295263;0.0;0.0;0.0;0.0;0.0;9.276332407921777e-5;4.057468429604762;4.167967498558571e-5;0.6543831863155879;-4.712447173281368;0.0;0.0;0.0;0.0;0.0;40.25183636779624;406.84097386481636;46.272884090905244;353.13560087022114;-0.033872946539683424
3761.0;0.0;-0.00024788850752416227;0.0;0.21521612984295263;0.0;0.0;0.0;0.0;0.0;9.276332407921777e-5;4.057468429604762;4.167967498558571e-5;0.6543831863155879;-4.712447173281368;0.0;0.0;0.0;0.0;0.0;40.25183636779624;406.84097386481636;46.272884090905244;353.13560087022114;-0.033872946539683424
3762.0;0.0;-0.00024788850752416227;0.0;0.21521612984295263;0.0;0.0;0.0;0.0;0.0;9.276332407921777e-5;4.057468429604762;4.167967498558571e-5;0.6543831863155879;-4.712447173281368;0.0;0.0;0.0;0.0;0.0;40.25183636779624;406.84097386481636;46.272884090905244;353.13560087022114;-0.033872946539683424
3763.0;0.0;-0.00024788850752416227;0.0;0.21521612984295263;0.0;0.0;0.0;0.0;0.0;9.276332407921777e-5;4.057468429604762;4.167967498558571e-5;0.6543831863155879;-4.712447173281368;0.0;0.0;0.0;0.0;0.0;40.25183636779624;406.84097386481636;46.272884090905244;353.13560087022114;-0.033872946539683424
3764.0;0.0;-0.00024788850752416227;0.0;0.21521612984295263;0.0;0.0;0.0;0.0;0.0;9.276332407921777e-5;4.057468429604762;4.167967498558571e-5;0.6543831863155879;-4.712447173281368;0.0;0.0;0.0;0.0;0.0;40.25183636779624;406.84097386481636;46.272884090905244;353.13560087022114;-0.033872946539683424
3765.0;0.0;-0.00024788850752416227;0.0;0.21521612984295263;0.0;0.0;0.0;0.0;0.0;9.276332407921777e-5;4.057468429604762;4.167967498558571e-5;0.6543831863155879;-4.712447173281368;0.0;0.0;0.0;0.0;0.0;40.25183636779624;406.84097386481636;46.272884090905244;353.13560087022114;-0.033872946539683424
3766.0;0.0;-0.00024788850752416227;0.0;0.21521612984295263;0.0;0.0;0.0;0.0;0.0;9.276332407921777e-5;4.057468429604762;4.167967498558571e-5;0.6543831863155879;-4.712447173281368;0.0;0.0;0.0;0.0;0.0;40.25183636779624;406.84097386481636;46.272884090905244;353.13560087022114;-0.033872946539683424
3767.0;0.0;-0.00024788850752416227;0.0;0.21521612984295263;0.0;0.0;0.0;0.0;0.0;9.276332407921777e-5;4.057468429604762;4.167967498558571e-5;0.6543831863155879;-4.712447173281368;0.0;0.0;0.0;0.0;0.0;40.25183636779624;406.84097386481636;46.272884090905244;353.13560087022114;-0.033872946539683424
3768.0;0.0;-0.00024788850752416227;0.0;0.21521612984295263;0.0;0.0;0.0;0.0;0.0;9.276332407921777e-5;4.057468429604762;4.167967498558571e-5;0.6543831863155879;-4.712447173281368;0.0;0.0;0.0;0.0;0.0;40.25183636779624;406.84097386481636;46.272884090905244;353.13560087022114;-0.033872946539683424
3769.0;0.0;-0.0006422434559689897;0.0;0.21521612984295263;0.0;0.0;0.0;0.0;0.0;0.0;2.9027060956870274;0.0;0.2212339819216993;-3.123021849556149;0.0;0.0;0.0;0.0;0.0;40.25183636779624;406.84097386481636;46.272884090905244;353.13560087022114;-0.033872946539683424
3770.0;0.0;-0.0006422434559689897;0.0;0.21521612984295263;0.0;0.0;0.0;0.0;0.0;0.0;2.9027060956870274;0.0;0.2212339819216993;-3.123021849556149;0.0;0.0;0.0;0.0;0.0;40.25183636779624;406.84097386481636;46.272884090905244;353.13560087022114;-0.033872946539683424
3771.0;0.0;-0.0006422434559689897;0.0;0.21521612984295263;0.0;0.0;0.0;0.0;0.0;0.0;2.9027060956870274;0.0;0.2212339819216993;-3.123021849556149;0.0;0.0;0.0;0.0;0.0;40.25183636779624;406.84097386481636;46.272884090905244;353.13560087022114;-0.033872946539683424
3772.0;0.0;-0.0006422434559689897;0.0;0.21521612984295263;0.0;0.0;0.0;0.0;0.0;0.0;2.9027060956870274;0.0;0.2212339819216993;-3.123021849556149;0.0;0.0;0.0;0.0;0.0;40.25183636779624;406.84097386481636;46.272884090905244;353.13560087022114;-0.033872946539683424
3773.0;0.0;-0.0006422434559689897;0.0;0.21521612984295263;0.0;0.0;0.0;0.0;0.0;0.0;2.9027060956870274;0.0;0.2212339819216993;-3.123021849556149;0.0;0.0;0.0;0.0;0.0;40.25183636779624;406.84097386481636;46.272884090905244;353.13560087022114;-0.033872946539683424
3774.0;0.0;-0.0006422434559689897;0.0;0.21521612984295263;0.0;0.0;0.0;0.0;0.0;0.0;2.9027060956870274;0.0;0.2212339819216993;-3.123021849556149;0.0;0.0;0.0;0.0;0.0;40.25183636779624;406.84097386481636;46.272884090905244;353.13560087022114;-0.033872946539683424
3775.0;0.0;-0.0006422434559689897;0.0;0.21521612984295263;0.0;0.0;0.0;0.0;0.0;0.0;2.9027060956870274;0.0;0.2212339819216993;-3.123021849556149;0.0;0.0;0.0;0.0;0.0;40.25183636779624;406.84097386481636;46.272884090905244;353.13560087022114;-0.033872946539683424
3776.0;0.0;-0.0006422434559689897;0.0;0.21521612984295263;0.0;0.0;0.0;0.0;0.0;0.0;2.9027060956870274;0.0;0.2212339819216993;-3.123021849556149;0.0;0.0;0.0;0.0;0.0;40.25183636779624;406.84097386481636;46.272884090905244;353.13560087022114;-0.033872946539683424
3777.0;0.0;-0.0006422434559689897;0.0;0.21521612984295263;0.0;0.0;0.0;0.0;0.0;0.0;2.9027060956870274;0.0;0.2212339819216993;-3.123021849556149;0.0;0.0;0.0;0.0;0.0;40.25183636779624;406.84097386481636;46.272884090905244;353.13560087022114;-0.033872946539683424
3778.0;0.0;-0.0006422434559689897;0.0;0.21521612984295263;0.0;0.0;0.0;0.0;0.0;0.0;2.9027060956870274;0.0;0.2212339819216993;-3.123021849556149;0.0;0.0;0.0;0.0;0.0;40.25183636779624;406.84097386481636;46.272884090905244;353.13560087022114;-0.033872946539683424
3779.0;0.0;-0.0006422434559689897;0.0;0.21521612984295263;0.0;0.0;0.0;0.0;0.0;0.0;2.9027060956870274;0.0;0.2212339819216993;-3.123021849556149;0.0;0.0;0.0;0.0;0.0;40.25183636779624;406.84097386481636;46.272884090905244;353.13560087022114;-0.033872946539683424
3780.0;0.0;-0.0006422434559689897;0.0;0.21521612984295263;0.0;0.0;0.0;0.0;0.0;0.0;2.9027060956870274;0.0;0.2212339819216993;-3.123021849556149;0.0;0.0;0.0;0.0;0.0;40.25183636779624;406.84097386481636;46.272884090905244;353.13560087022114;-0.033872946539683424
3781.0;0.0;-0.0006422434559689897;0.0;0.21521612984295263;0.0;0.0;0.0;0.0;0.0;0.0;2.9027060956870274;0.0;0.2212339819216993;-3.123021849556149;0.0;0.0;0.0;0.0;0.0;40.25183636779624;406.84097386481636;46.272884090905244;353.13560087022114;-0.033872946539683424
3782.0;0.0;-0.0006422434559689897;0.0;0.21521612984295263;0.0;0.0;0.0;0.0;0.0;0.0;2.9027060956870274;0.0;0.2212339819216993;-3.123021849556149;0.0;0.0;0.0;0.0;0.0;40.25183636779624;406.84097386481636;46.272884090905244;353.13560087022114;-0.033872946539683424
3783.0;0.0;-0.0006422434559689897;0.0;0.21521612984295263;0.0;0.0;0.0;0.0;0.0;0.0;2.9027060956870274;0.0;0.2212339819216993;-3.123021849556149;0.0;0.0;0.0;0.0;0.0;40.25183636779624;406.84097386481636;46.272884090905244;353.13560087022114;-0.033872946539683424
3784.0;0.0;-0.0006422434559689897;0.0;0.21521612984295263;0.0;0.0;0.0;0.0;0.0;0.0;2.9027060956870274;0.0;0.2212339819216993;-3.123021849556149;0.0;0.0;0.0;0.0;0.0;40.25183636779624;406.84097386481636;46.272884090905244;353.13560087022114;-0.033872946539683424
3785.0;0.0;-0.0006422434559689897;0.0;0.21521612984295263;0.0;0.0;0.0;0.0;0.0;0.0;2.9027060956870274;0.0;0.2212339819216993;-3.123021849556149;0.0;0.0;0.0;0.0;0.0;40.25183636779624;406.84097386481636;46.272884090905244;353.13560087022114;-0.033872946539683424
3786.0;0.0;-0.0006422434559689897;0.0;0.21521612984295263;0.0;0.0;0.0;0.0;0.0;0.0;2.9027060956870274;0.0;0.2212339819216993;-3.123021849556149;0.0;0.0;0.0;0.0;0.0;40.25183636779624;406.84097386481636;46.272884090905244;353.13560087022114;-0.033872946539683424
3787.0;0.0;-0.0006422434559689897;0.0;0.21521612984295263;0.0;0.0;0.0;0.0;0.0;0.0;2.9027060956870274;0.0;0.2212339819216993;-3.123021849556149;0.0;0.0;0.0;0.0;0.0;40.25183636779624;406.84097386481636;46.272884090905244;353.13560087022114;-0.033872946539683424
3788.0;0.0;-0.0006422434559689897;0.0;0.21521612984295263;0.0;0.0;0.0;0.0;0.0;0.0;2.9027060956870274;0.0;0.2212339819216993;-3.123021849556149;0.0;0.0;0.0;0.0;0.0;40.25183636779624;406.84097386481636;46.272884090905244;353.13560087022114;-0.033872946539683424
3789.0;0.0;-0.0006422434559689897;0.0;0.21521612984295263;0.0;0.0;0.0;0.0;0.0;0.0;2.9027060956870274;0.0;0.2212339819216993;-3.123021849556149;0.0;0.0;0.0;0.0;0.0;40.25183636779624;406.84097386481636;46.272884090905244;353.13560087022114;-0.033872946539683424
3790.0;0.0;-0.0006422434559689897;0.0;0.21521612984295263;0.0;0.0;0.0;0.0;0.0;0.0;2.9027060956870274;0.0;0.2212339819216993;-3.123021849556149;0.0;0.0;0.0;0.0;0.0;40.25183636779624;406.84097386481636;46.272884090905244;353.13560087022114;-0.033872946539683424
3791.0;0.0;-0.0006422434559689897;0.0;0.21521612984295263;0.0;0.0;0.0;0.0;0.0;0.0;2.9027060956870274;0.0;0.2212339819216993;-3.123021849556149;0.0;0.0;0.0;0.0;0.0;40.25183636779624;406.84097386481636;46.272884090905244;353.13560087022114;-0.033872946539683424
3792.0;0.0;-0.0006422434559689897;0.0;0.21521612984295263;0.0;0.0;0.0;0.0;0.0;0.0;2.9027060956870274;0.0;0.2212339819216993;-3.123021849556149;0.0;0.0;0.0;0.0;0.0;40.25183636779624;406.84097386481636;46.272884090905244;353.13560087022114;-0.033872946539683424
3793.0;0.0;-0.0007438751717995566;0.0;0.21521612984295263;0.0;0.0;0.0;0.0;0.0;0.0;3.940952247580834;0.0;0.792930120546708;-4.733630618938875;0.0;0.0;0.0;0.0;0.0;40.25183636779624;406.84097386481636;46.272884090905244;353.13560087022114;-0.033872946539683424
3794.0;0.0;-0.0007438751717995566;0.0;0.21521612984295263;0.0;0.0;0.0;0.0;0.0;0.0;3.940952247580834;0.0;0.792930120546708;-4.733630618938875;0.0;0.0;0.0;0.0;0.0;40.25183636779624;406.84097386481636;46.272884090905244;353.13560087022114;-0.033872946539683424
3795.0;0.0;-0.0007438751717995566;0.0;0.21521612984295263;0.0;0.0;0.0;0.0;0.0;0.0;3.940952247580834;0.0;0.792930120546708;-4.733630618938875;0.0;0.0;0.0;0.0;0.0;40.25183636779624;406.84097386481636;46.272884090905244;353.13560087022114;-0.033872946539683424
3796.0;0.0;-0.0007438751717995566;0.0;0.21521612984295263;0.0;0.0;0.0;0.0;0.0;0.0;3.940952247580834;0.0;0.792930120546708;-4.733630618938875;0.0;0.0;0.0;0.0;0.0;40.25183636779624;406.84097386481636;46.272884090905244;353.13560087022114;-0.033872946539683424
3797.0;0.0;-0.0007438751717995566;0.0;0.21521612984295263;0.0;0.0;0.0;0.0;0.0;0.0;3.940952247580834;0.0;0.792930120546708;-4.733630618938875;0.0;0.0;0.0;0.0;0.0;40.25183636779624;406.84097386481636;46.272884090905244;353.13560087022114;-0.033872946539683424
3798.0;0.0;-0.0007438751717995566;0.0;0.21521612984295263;0.0;0.0;0.0;0.0;0.0;0.0;3.940952247580834;0.0;0.792930120546708;-4.733630618938875;0.0;0.0;0.0;0.0;0.0;40.25183636779624;406.84097386481636;46.272884090905244;353.13560087022114;-0.033872946539683424
3799.0;0.0;-0.0007438751717995566;0.0;0.21521612984295263;0.0;0.0;0.0;0.0;0.0;0.0;3.940952247580834;0.0;0.792930120546708;-4.733630618938875;0.0;0.0;0.0;0.0;0.0;40.25183636779624;406.84097386481636;46.272884090905244;353.13560087022114;-0.033872946539683424
3800.0;0.0;-0.0007438751717995566;0.0;0.21521612984295263;0.0;0.0;0.0;0.0;0.0;0.0;3.940952247580834;0.0;0.792930120546708;-4.733630618938875;0.0;0.0;0.0;0.0;0.0;40.25183636779624;406.84097386481636;46.272884090905244;353.13560087022114;-0.033872946539683424
3801.0;0.0;-0.0007438751717995566;0.0;0.21521612984295263;0.0;0.0;0.0;0.0;0.0;0.0;3.940952247580834;0.0;0.792930120546708;-4.733630618938875;0.0;0.0;0.0;0.0;0.0;40.25183636779624;406.84097386481636;46.272884090905244;353.13560087022114;-0.033872946539683424
3802.0;0.0;-0.0007438751717995566;0.0;0.21521612984295263;0.0;0.0;0.0;0.0;0.0;0.0;3.940952247580834;0.0;0.792930120546708;-4.733630618938875;0.0;0.0;0.0;0.0;0.0;40.25183636779624;406.84097386481636;46.272884090905244;353.13560087022114;-0.033872946539683424
3803.0;0.0;-0.0007438751717995566;0.0;0.21521612984295263;0.0;0.0;0.0;0.0;0.0;0.0;3.940952247580834;0.0;0.792930120546708;-4.733630618938875;0.0;0.0;0.0;0.0;0.0;40.25183636779624;406.84097386481636;46.272884090905244;353.13560087022114;-0.033872946539683424
3804.0;0.0;-0.0007438751717995566;0.0;0.21521612984295263;0.0;0.0;0.0;0.0;0.0;0.0;3.940952247580834;0.0;0.792930120546708;-4.733630618938875;0.0;0.0;0.0;0.0;0.0;40.25183636779624;406.84097386481636;46.272884090905244;353.13560087022114;-0.033872946539683424
3805.0;0.0;-0.0007438751717995566;0.0;0.21521612984295263;0.0;0.0;0.0;0.0;0.0;0.0;3.940952247580834;0.0;0.792930120546708;-4.733630618938875;0.0;0.0;0.0;0.0;0.0;40.25183636779624;406.84097386481636;46.272884090905244;353.13560087022114;-0.033872946539683424
3806.0;0.0;-0.0007438751717995566;0.0;0.21521612984295263;0.0;0.0;0.0;0.0;0.0;0.0;3.940952247580834;0.0;0.792930120546708;-4.733630618938875;0.0;0.0;0.0;0.0;0.0;40.25183636779624;406.84097386481636;46.272884090905244;353.13560087022114;-0.033872946539683424
3807.0;0.0;-0.0007438751717995566;0.0;0.21521612984295263;0.0;0.0;0.0;0.0;0.0;0.0;3.940952247580834;0.0;0.792930120546708;-4.733630618938875;0.0;0.0;0.0;0.0;0.0;40.25183636779624;406.84097386481636;46.272884090905244;353.13560087022114;-0.033872946539683424
3808.0;0.0;-0.0007438751717995566;0.0;0.21521612984295263;0.0;0.0;0.0;0.0;0.0;0.0;3.940952247580834;0.0;0.792930120546708;-4.733630618938875;0.0;0.0;0.0;0.0;0.0;40.25183636779624;406.84097386481636;46.272884090905244;353.13560087022114;-0.033872946539683424
3809.0;0.0;-0.0007438751717995566;0.0;0.21521612984295263;0.0;0.0;0.0;0.0;0.0;0.0;3.940952247580834;0.0;0.792930120546708;-4.733630618938875;0.0;0.0;0.0;0.0;0.0;40.25183636779624;406.84097386481636;46.272884090905244;353.13560087022114;-0.033872946539683424
3810.0;0.0;-0.0007438751717995566;0.0;0.21521612984295263;0.0;0.0;0.0;0.0;0.0;0.0;3.940952247580834;0.0;0.792930120546708;-4.733630618938875;0.0;0.0;0.0;0.0;0.0;40.25183636779624;406.84097386481636;46.272884090905244;353.13560087022114;-0.033872946539683424
3811.0;0.0;-0.0007438751717995566;0.0;0.21521612984295263;0.0;0.0;0.0;0.0;0.0;0.0;3.940952247580834;0.0;0.792930120546708;-4.733630618938875;0.0;0.0;0.0;0.0;0.0;40.25183636779624;406.84097386481636;46.272884090905244;353.13560087022114;-0.033872946539683424
3812.0;0.0;-0.0007438751717995566;0.0;0.21521612984295263;0.0;0.0;0.0;0.0;0.0;0.0;3.940952247580834;0.0;0.792930120546708;-4.733630618938875;0.0;0.0;0.0;0.0;0.0;40.25183636779624;406.84097386481636;46.272884090905244;353.13560087022114;-0.033872946539683424
3813.0;0.0;-0.0007438751717995566;0.0;0.21521612984295263;0.0;0.0;0.0;0.0;0.0;0.0;3.940952247580834;0.0;0.792930120546708;-4.733630618938875;0.0;0.0;0.0;0.0;0.0;40.25183636779624;406.84097386481636;46.272884090905244;353.13560087022114;-0.033872946539683424
3814.0;0.0;-0.0007438751717995566;0.0;0.21521612984295263;0.0;0.0;0.0;0.0;0.0;0.0;3.940952247580834;0.0;0.792930120546708;-4.733630618938875;0.0;0.0;0.0;0.0;0.0;40.25183636779624;406.84097386481636;46.272884090905244;353.13560087022114;-0.033872946539683424
3815.0;0.0;-0.0007438751717995566;0.0;0.21521612984295263;0.0;0.0;0.0;0.0;0.0;0.0;3.940952247580834;0.0;0.792930120546708;-4.733630618938875;0.0;0.0;0.0;0.0;0.0;40.25183636779624;406.84097386481636;46.272884090905244;353.13560087022114;-0.033872946539683424
3816.0;0.0;-0.0007438751717995566;0.0;0.21521612984295263;0.0;0.0;0.0;0.0;0.0;0.0;3.940952247580834;0.0;0.792930120546708;-4.733630618938875;0.0;0.0;0.0;0.0;0.0;40.25183636779624;406.84097386481636;46.272884090905244;353.13560087022114;-0.033872946539683424
3817.0;0.0;-3.6104071211666064e-6;0.0;0.21521612984295263;0.0;0.0;0.0;0.0;0.0;0.0;2.2413615208351616;6.598646315176085e-5;2.749905432673493;-4.991354032767711;0.0;0.0;0.0;0.0;0.0;40.25183636779624;406.84097386481636;46.272884090905244;353.13560087022114;-0.033872946539683424
3818.0;0.0;-3.6104071211666064e-6;0.0;0.21521612984295263;0.0;0.0;0.0;0.0;0.0;0.0;2.2413615208351616;6.598646315176085e-5;2.749905432673493;-4.991354032767711;0.0;0.0;0.0;0.0;0.0;40.25183636779624;406.84097386481636;46.272884090905244;353.13560087022114;-0.033872946539683424
3819.0;0.0;-3.6104071211666064e-6;0.0;0.21521612984295263;0.0;0.0;0.0;0.0;0.0;0.0;2.2413615208351616;6.598646315176085e-5;2.749905432673493;-4.991354032767711;0.0;0.0;0.0;0.0;0.0;40.25183636779624;406.84097386481636;46.272884090905244;353.13560087022114;-0.033872946539683424
3820.0;0.0;-3.6104071211666064e-6;0.0;0.21521612984295263;0.0;0.0;0.0;0.0;0.0;0.0;2.2413615208351616;6.598646315176085e-5;2.749905432673493;-4.991354032767711;0.0;0.0;0.0;0.0;0.0;40.25183636779624;406.84097386481636;46.272884090905244;353.13560087022114;-0.033872946539683424
3821.0;0.0;-3.6104071211666064e-6;0.0;0.21521612984295263;0.0;0.0;0.0;0.0;0.0;0.0;2.2413615208351616;6.598646315176085e-5;2.749905432673493;-4.991354032767711;0.0;0.0;0.0;0.0;0.0;40.25183636779624;406.84097386481636;46.272884090905244;353.13560087022114;-0.033872946539683424
3822.0;0.0;-3.6104071211666064e-6;0.0;0.21521612984295263;0.0;0.0;0.0;0.0;0.0;0.0;2.2413615208351616;6.598646315176085e-5;2.749905432673493;-4.991354032767711;0.0;0.0;0.0;0.0;0.0;40.25183636779624;406.84097386481636;46.272884090905244;353.13560087022114;-0.033872946539683424
3823.0;0.0;-3.6104071211666064e-6;0.0;0.21521612984295263;0.0;0.0;0.0;0.0;0.0;0.0;2.2413615208351616;6.598646315176085e-5;2.749905432673493;-4.991354032767711;0.0;0.0;0.0;0.0;0.0;40.25183636779624;406.84097386481636;46.272884090905244;353.13560087022114;-0.033872946539683424
3824.0;0.0;-3.6104071211666064e-6;0.0;0.21521612984295263;0.0;0.0;0.0;0.0;0.0;0.0;2.2413615208351616;6.598646315176085e-5;2.749905432673493;-4.991354032767711;0.0;0.0;0.0;0.0;0.0;40.25183636779624;406.84097386481636;46.272884090905244;353.13560087022114;-0.033872946539683424
3825.0;0.0;-3.6104071211666064e-6;0.0;0.21521612984295263;0.0;0.0;0.0;0.0;0.0;0.0;2.2413615208351616;6.598646315176085e-5;2.749905432673493;-4.991354032767711;0.0;0.0;0.0;0.0;0.0;40.25183636779624;406.84097386481636;46.272884090905244;353.13560087022114;-0.033872946539683424
3826.0;0.0;-3.6104071211666064e-6;0.0;0.21521612984295263;0.0;0.0;0.0;0.0;0.0;0.0;2.2413615208351616;6.598646315176085e-5;2.749905432673493;-4.991354032767711;0.0;0.0;0.0;0.0;0.0;40.25183636779624;406.84097386481636;46.272884090905244;353.13560087022114;-0.033872946539683424
3827.0;0.0;-3.6104071211666064e-6;0.0;0.21521612984295263;0.0;0.0;0.0;0.0;0.0;0.0;2.2413615208351616;6.598646315176085e-5;2.749905432673493;-4.991354032767711;0.0;0.0;0.0;0.0;0.0;40.25183636779624;406.84097386481636;46.272884090905244;353.13560087022114;-0.033872946539683424
3828.0;0.0;-3.6104071211666064e-6;0.0;0.21521612984295263;0.0;0.0;0.0;0.0;0.0;0.0;2.2413615208351616;6.598646315176085e-5;2.749905432673493;-4.991354032767711;0.0;0.0;0.0;0.0;0.0;40.25183636779624;406.84097386481636;46.272884090905244;353.13560087022114;-0.033872946539683424
3829.0;0.0;-3.6104071211666064e-6;0.0;0.21521612984295263;0.0;0.0;0.0;0.0;0.0;0.0;2.2413615208351616;6.598646315176085e-5;2.749905432673493;-4.991354032767711;0.0;0.0;0.0;0.0;0.0;40.25183636779624;406.84097386481636;46.272884090905244;353.13560087022114;-0.033872946539683424
3830.0;0.0;-3.6104071211666064e-6;0.0;0.21521612984295263;0.0;0.0;0.0;0.0;0.0;0.0;2.2413615208351616;6.598646315176085e-5;2.749905432673493;-4.991354032767711;0.0;0.0;0.0;0.0;0.0;40.25183636779624;406.84097386481636;46.272884090905244;353.13560087022114;-0.033872946539683424
3831.0;0.0;-3.6104071211666064e-6;0.0;0.21521612984295263;0.0;0.0;0.0;0.0;0.0;0.0;2.2413615208351616;6.598646315176085e-5;2.749905432673493;-4.991354032767711;0.0;0.0;0.0;0.0;0.0;40.25183636779624;406.84097386481636;46.272884090905244;353.13560087022114;-0.033872946539683424
3832.0;0.0;-3.6104071211666064e-6;0.0;0.21521612984295263;0.0;0.0;0.0;0.0;0.0;0.0;2.2413615208351616;6.598646315176085e-5;2.749905432673493;-4.991354032767711;0.0;0.0;0.0;0.0;0.0;40.25183636779624;406.84097386481636;46.272884090905244;353.13560087022114;-0.033872946539683424
3833.0;0.0;-3.6104071211666064e-6;0.0;0.21521612984295263;0.0;0.0;0.0;0.0;0.0;0.0;2.2413615208351616;6.598646315176085e-5;2.749905432673493;-4.991354032767711;0.0;0.0;0.0;0.0;0.0;40.25183636779624;406.84097386481636;46.272884090905244;353.13560087022114;-0.033872946539683424
3834.0;0.0;-3.6104071211666064e-6;0.0;0.21521612984295263;0.0;0.0;0.0;0.0;0.0;0.0;2.2413615208351616;6.598646315176085e-5;2.749905432673493;-4.991354032767711;0.0;0.0;0.0;0.0;0.0;40.25183636779624;406.84097386481636;46.272884090905244;353.13560087022114;-0.033872946539683424
3835.0;0.0;-3.6104071211666064e-6;0.0;0.21521612984295263;0.0;0.0;0.0;0.0;0.0;0.0;2.2413615208351616;6.598646315176085e-5;2.749905432673493;-4.991354032767711;0.0;0.0;0.0;0.0;0.0;40.25183636779624;406.84097386481636;46.272884090905244;353.13560087022114;-0.033872946539683424
3836.0;0.0;-3.6104071211666064e-6;0.0;0.21521612984295263;0.0;0.0;0.0;0.0;0.0;0.0;2.2413615208351616;6.598646315176085e-5;2.749905432673493;-4.991354032767711;0.0;0.0;0.0;0.0;0.0;40.25183636779624;406.84097386481636;46.272884090905244;353.13560087022114;-0.033872946539683424
3837.0;0.0;-3.6104071211666064e-6;0.0;0.21521612984295263;0.0;0.0;0.0;0.0;0.0;0.0;2.2413615208351616;6.598646315176085e-5;2.749905432673493;-4.991354032767711;0.0;0.0;0.0;0.0;0.0;40.25183636779624;406.84097386481636;46.272884090905244;353.13560087022114;-0.033872946539683424
3838.0;0.0;-3.6104071211666064e-6;0.0;0.21521612984295263;0.0;0.0;0.0;0.0;0.0;0.0;2.2413615208351616;6.598646315176085e-5;2.749905432673493;-4.991354032767711;0.0;0.0;0.0;0.0;0.0;40.25183636779624;406.84097386481636;46.272884090905244;353.13560087022114;-0.033872946539683424
3839.0;0.0;-3.6104071211666064e-6;0.0;0.21521612984295263;0.0;0.0;0.0;0.0;0.0;0.0;2.2413615208351616;6.598646315176085e-5;2.749905432673493;-4.991354032767711;0.0;0.0;0.0;0.0;0.0;40.25183636779624;406.84097386481636;46.272884090905244;353.13560087022114;-0.033872946539683424
3840.0;0.0;-3.6104071211666064e-6;0.0;0.21521612984295263;0.0;0.0;0.0;0.0;0.0;0.0;2.2413615208351616;6.598646315176085e-5;2.749905432673493;-4.991354032767711;0.0;0.0;0.0;0.0;0.0;40.25183636779624;406.84097386481636;46.272884090905244;353.13560087022114;-0.033872946539683424
3841.0;0.0;4.745661612680802e-6;0.0;0.2649760031489957;0.0;0.0;0.0;0.0;0.0;0.0;1.282490297234142;0.0;3.722713983178729;-5.005180360587343;0.0;0.0;0.0;0.0;0.0;40.257345546305565;408.1106597362253;46.28034397205141;360.6570032849056;-0.08548909021366631
3842.0;0.0;4.745661612680802e-6;0.0;0.2649760031489957;0.0;0.0;0.0;0.0;0.0;0.0;1.282490297234142;0.0;3.722713983178729;-5.005180360587343;0.0;0.0;0.0;0.0;0.0;40.257345546305565;408.1106597362253;46.28034397205141;360.6570032849056;-0.08548909021366631
3843.0;0.0;4.745661612680802e-6;0.0;0.2649760031489957;0.0;0.0;0.0;0.0;0.0;0.0;1.282490297234142;0.0;3.722713983178729;-5.005180360587343;0.0;0.0;0.0;0.0;0.0;40.257345546305565;408.1106597362253;46.28034397205141;360.6570032849056;-0.08548909021366631
3844.0;0.0;4.745661612680802e-6;0.0;0.2649760031489957;0.0;0.0;0.0;0.0;0.0;0.0;1.282490297234142;0.0;3.722713983178729;-5.005180360587343;0.0;0.0;0.0;0.0;0.0;40.257345546305565;408.1106597362253;46.28034397205141;360.6570032849056;-0.08548909021366631
3845.0;0.0;4.745661612680802e-6;0.0;0.2649760031489957;0.0;0.0;0.0;0.0;0.0;0.0;1.282490297234142;0.0;3.722713983178729;-5.005180360587343;0.0;0.0;0.0;0.0;0.0;40.257345546305565;408.1106597362253;46.28034397205141;360.6570032849056;-0.08548909021366631
3846.0;0.0;4.745661612680802e-6;0.0;0.2649760031489957;0.0;0.0;0.0;0.0;0.0;0.0;1.282490297234142;0.0;3.722713983178729;-5.005180360587343;0.0;0.0;0.0;0.0;0.0;40.257345546305565;408.1106597362253;46.28034397205141;360.6570032849056;-0.08548909021366631
3847.0;0.0;4.745661612680802e-6;0.0;0.2649760031489957;0.0;0.0;0.0;0.0;0.0;0.0;1.282490297234142;0.0;3.722713983178729;-5.005180360587343;0.0;0.0;0.0;0.0;0.0;40.257345546305565;408.1106597362253;46.28034397205141;360.6570032849056;-0.08548909021366631
3848.0;0.0;4.745661612680802e-6;0.0;0.2649760031489957;0.0;0.0;0.0;0.0;0.0;0.0;1.282490297234142;0.0;3.722713983178729;-5.005180360587343;0.0;0.0;0.0;0.0;0.0;40.257345546305565;408.1106597362253;46.28034397205141;360.6570032849056;-0.08548909021366631
3849.0;0.0;4.745661612680802e-6;0.0;0.2649760031489957;0.0;0.0;0.0;0.0;0.0;0.0;1.282490297234142;0.0;3.722713983178729;-5.005180360587343;0.0;0.0;0.0;0.0;0.0;40.257345546305565;408.1106597362253;46.28034397205141;360.6570032849056;-0.08548909021366631
3850.0;0.0;4.745661612680802e-6;0.0;0.2649760031489957;0.0;0.0;0.0;0.0;0.0;0.0;1.282490297234142;0.0;3.722713983178729;-5.005180360587343;0.0;0.0;0.0;0.0;0.0;40.257345546305565;408.1106597362253;46.28034397205141;360.6570032849056;-0.08548909021366631
3851.0;0.0;4.745661612680802e-6;0.0;0.2649760031489957;0.0;0.0;0.0;0.0;0.0;0.0;1.282490297234142;0.0;3.722713983178729;-5.005180360587343;0.0;0.0;0.0;0.0;0.0;40.257345546305565;408.1106597362253;46.28034397205141;360.6570032849056;-0.08548909021366631
3852.0;0.0;4.745661612680802e-6;0.0;0.2649760031489957;0.0;0.0;0.0;0.0;0.0;0.0;1.282490297234142;0.0;3.722713983178729;-5.005180360587343;0.0;0.0;0.0;0.0;0.0;40.257345546305565;408.1106597362253;46.28034397205141;360.6570032849056;-0.08548909021366631
3853.0;0.0;4.745661612680802e-6;0.0;0.2649760031489957;0.0;0.0;0.0;0.0;0.0;0.0;1.282490297234142;0.0;3.722713983178729;-5.005180360587343;0.0;0.0;0.0;0.0;0.0;40.257345546305565;408.1106597362253;46.28034397205141;360.6570032849056;-0.08548909021366631
3854.0;0.0;4.745661612680802e-6;0.0;0.2649760031489957;0.0;0.0;0.0;0.0;0.0;0.0;1.282490297234142;0.0;3.722713983178729;-5.005180360587343;0.0;0.0;0.0;0.0;0.0;40.257345546305565;408.1106597362253;46.28034397205141;360.6570032849056;-0.08548909021366631
3855.0;0.0;4.745661612680802e-6;0.0;0.2649760031489957;0.0;0.0;0.0;0.0;0.0;0.0;1.282490297234142;0.0;3.722713983178729;-5.005180360587343;0.0;0.0;0.0;0.0;0.0;40.257345546305565;408.1106597362253;46.28034397205141;360.6570032849056;-0.08548909021366631
3856.0;0.0;4.745661612680802e-6;0.0;0.2649760031489957;0.0;0.0;0.0;0.0;0.0;0.0;1.282490297234142;0.0;3.722713983178729;-5.005180360587343;0.0;0.0;0.0;0.0;0.0;40.257345546305565;408.1106597362253;46.28034397205141;360.6570032849056;-0.08548909021366631
3857.0;0.0;4.745661612680802e-6;0.0;0.2649760031489957;0.0;0.0;0.0;0.0;0.0;0.0;1.282490297234142;0.0;3.722713983178729;-5.005180360587343;0.0;0.0;0.0;0.0;0.0;40.257345546305565;408.1106597362253;46.28034397205141;360.6570032849056;-0.08548909021366631
3858.0;0.0;4.745661612680802e-6;0.0;0.2649760031489957;0.0;0.0;0.0;0.0;0.0;0.0;1.282490297234142;0.0;3.722713983178729;-5.005180360587343;0.0;0.0;0.0;0.0;0.0;40.257345546305565;408.1106597362253;46.28034397205141;360.6570032849056;-0.08548909021366631
3859.0;0.0;4.745661612680802e-6;0.0;0.2649760031489957;0.0;0.0;0.0;0.0;0.0;0.0;1.282490297234142;0.0;3.722713983178729;-5.005180360587343;0.0;0.0;0.0;0.0;0.0;40.257345546305565;408.1106597362253;46.28034397205141;360.6570032849056;-0.08548909021366631
3860.0;0.0;4.745661612680802e-6;0.0;0.2649760031489957;0.0;0.0;0.0;0.0;0.0;0.0;1.282490297234142;0.0;3.722713983178729;-5.005180360587343;0.0;0.0;0.0;0.0;0.0;40.257345546305565;408.1106597362253;46.28034397205141;360.6570032849056;-0.08548909021366631
3861.0;0.0;4.745661612680802e-6;0.0;0.2649760031489957;0.0;0.0;0.0;0.0;0.0;0.0;1.282490297234142;0.0;3.722713983178729;-5.005180360587343;0.0;0.0;0.0;0.0;0.0;40.257345546305565;408.1106597362253;46.28034397205141;360.6570032849056;-0.08548909021366631
3862.0;0.0;4.745661612680802e-6;0.0;0.2649760031489957;0.0;0.0;0.0;0.0;0.0;0.0;1.282490297234142;0.0;3.722713983178729;-5.005180360587343;0.0;0.0;0.0;0.0;0.0;40.257345546305565;408.1106597362253;46.28034397205141;360.6570032849056;-0.08548909021366631
3863.0;0.0;4.745661612680802e-6;0.0;0.2649760031489957;0.0;0.0;0.0;0.0;0.0;0.0;1.282490297234142;0.0;3.722713983178729;-5.005180360587343;0.0;0.0;0.0;0.0;0.0;40.257345546305565;408.1106597362253;46.28034397205141;360.6570032849056;-0.08548909021366631
3864.0;0.0;4.745661612680802e-6;0.0;0.2649760031489957;0.0;0.0;0.0;0.0;0.0;0.0;1.282490297234142;0.0;3.722713983178729;-5.005180360587343;0.0;0.0;0.0;0.0;0.0;40.257345546305565;408.1106597362253;46.28034397205141;360.6570032849056;-0.08548909021366631
3865.0;0.0;0.0020891130875895308;0.0;0.2649760031489957;0.0;0.0;0.0;0.0;0.0;0.002585199329478196;1.2541643924644916;0.0002311431050906389;2.400282137109804;-3.6571580520256335;0.0;0.0;0.0;0.0;0.0;40.257345546305565;408.1106597362253;46.28034397205141;360.6570032849056;-0.08548909021366631
3866.0;0.0;0.0020891130875895308;0.0;0.2649760031489957;0.0;0.0;0.0;0.0;0.0;0.002585199329478196;1.2541643924644916;0.0002311431050906389;2.400282137109804;-3.6571580520256335;0.0;0.0;0.0;0.0;0.0;40.257345546305565;408.1106597362253;46.28034397205141;360.6570032849056;-0.08548909021366631
3867.0;0.0;0.0020891130875895308;0.0;0.2649760031489957;0.0;0.0;0.0;0.0;0.0;0.002585199329478196;1.2541643924644916;0.0002311431050906389;2.400282137109804;-3.6571580520256335;0.0;0.0;0.0;0.0;0.0;40.257345546305565;408.1106597362253;46.28034397205141;360.6570032849056;-0.08548909021366631
3868.0;0.0;0.0020891130875895308;0.0;0.2649760031489957;0.0;0.0;0.0;0.0;0.0;0.002585199329478196;1.2541643924644916;0.0002311431050906389;2.400282137109804;-3.6571580520256335;0.0;0.0;0.0;0.0;0.0;40.257345546305565;408.1106597362253;46.28034397205141;360.6570032849056;-0.08548909021366631
3869.0;0.0;0.0020891130875895308;0.0;0.2649760031489957;0.0;0.0;0.0;0.0;0.0;0.002585199329478196;1.2541643924644916;0.0002311431050906389;2.400282137109804;-3.6571580520256335;0.0;0.0;0.0;0.0;0.0;40.257345546305565;408.1106597362253;46.28034397205141;360.6570032849056;-0.08548909021366631
3870.0;0.0;0.0020891130875895308;0.0;0.2649760031489957;0.0;0.0;0.0;0.0;0.0;0.002585199329478196;1.2541643924644916;0.0002311431050906389;2.400282137109804;-3.6571580520256335;0.0;0.0;0.0;0.0;0.0;40.257345546305565;408.1106597362253;46.28034397205141;360.6570032849056;-0.08548909021366631
3871.0;0.0;0.0020891130875895308;0.0;0.2649760031489957;0.0;0.0;0.0;0.0;0.0;0.002585199329478196;1.2541643924644916;0.0002311431050906389;2.400282137109804;-3.6571580520256335;0.0;0.0;0.0;0.0;0.0;40.257345546305565;408.1106597362253;46.28034397205141;360.6570032849056;-0.08548909021366631
3872.0;0.0;0.0020891130875895308;0.0;0.2649760031489957;0.0;0.0;0.0;0.0;0.0;0.002585199329478196;1.2541643924644916;0.0002311431050906389;2.400282137109804;-3.6571580520256335;0.0;0.0;0.0;0.0;0.0;40.257345546305565;408.1106597362253;46.28034397205141;360.6570032849056;-0.08548909021366631
3873.0;0.0;0.0020891130875895308;0.0;0.2649760031489957;0.0;0.0;0.0;0.0;0.0;0.002585199329478196;1.2541643924644916;0.0002311431050906389;2.400282137109804;-3.6571580520256335;0.0;0.0;0.0;0.0;0.0;40.257345546305565;408.1106597362253;46.28034397205141;360.6570032849056;-0.08548909021366631
3874.0;0.0;0.0020891130875895308;0.0;0.2649760031489957;0.0;0.0;0.0;0.0;0.0;0.002585199329478196;1.2541643924644916;0.0002311431050906389;2.400282137109804;-3.6571580520256335;0.0;0.0;0.0;0.0;0.0;40.257345546305565;408.1106597362253;46.28034397205141;360.6570032849056;-0.08548909021366631
3875.0;0.0;0.0020891130875895308;0.0;0.2649760031489957;0.0;0.0;0.0;0.0;0.0;0.002585199329478196;1.2541643924644916;0.0002311431050906389;2.400282137109804;-3.6571580520256335;0.0;0.0;0.0;0.0;0.0;40.257345546305565;408.1106597362253;46.28034397205141;360.6570032849056;-0.08548909021366631
3876.0;0.0;0.0020891130875895308;0.0;0.2649760031489957;0.0;0.0;0.0;0.0;0.0;0.002585199329478196;1.2541643924644916;0.0002311431050906389;2.400282137109804;-3.6571580520256335;0.0;0.0;0.0;0.0;0.0;40.257345546305565;408.1106597362253;46.28034397205141;360.6570032849056;-0.08548909021366631
3877.0;0.0;0.0020891130875895308;0.0;0.2649760031489957;0.0;0.0;0.0;0.0;0.0;0.002585199329478196;1.2541643924644916;0.0002311431050906389;2.400282137109804;-3.6571580520256335;0.0;0.0;0.0;0.0;0.0;40.257345546305565;408.1106597362253;46.28034397205141;360.6570032849056;-0.08548909021366631
3878.0;0.0;0.0020891130875895308;0.0;0.2649760031489957;0.0;0.0;0.0;0.0;0.0;0.002585199329478196;1.2541643924644916;0.0002311431050906389;2.400282137109804;-3.6571580520256335;0.0;0.0;0.0;0.0;0.0;40.257345546305565;408.1106597362253;46.28034397205141;360.6570032849056;-0.08548909021366631
3879.0;0.0;0.0020891130875895308;0.0;0.2649760031489957;0.0;0.0;0.0;0.0;0.0;0.002585199329478196;1.2541643924644916;0.0002311431050906389;2.400282137109804;-3.6571580520256335;0.0;0.0;0.0;0.0;0.0;40.257345546305565;408.1106597362253;46.28034397205141;360.6570032849056;-0.08548909021366631
3880.0;0.0;0.0020891130875895308;0.0;0.2649760031489957;0.0;0.0;0.0;0.0;0.0;0.002585199329478196;1.2541643924644916;0.0002311431050906389;2.400282137109804;-3.6571580520256335;0.0;0.0;0.0;0.0;0.0;40.257345546305565;408.1106597362253;46.28034397205141;360.6570032849056;-0.08548909021366631
3881.0;0.0;0.0020891130875895308;0.0;0.2649760031489957;0.0;0.0;0.0;0.0;0.0;0.002585199329478196;1.2541643924644916;0.0002311431050906389;2.400282137109804;-3.6571580520256335;0.0;0.0;0.0;0.0;0.0;40.257345546305565;408.1106597362253;46.28034397205141;360.6570032849056;-0.08548909021366631
3882.0;0.0;0.0020891130875895308;0.0;0.2649760031489957;0.0;0.0;0.0;0.0;0.0;0.002585199329478196;1.2541643924644916;0.0002311431050906389;2.400282137109804;-3.6571580520256335;0.0;0.0;0.0;0.0;0.0;40.257345546305565;408.1106597362253;46.28034397205141;360.6570032849056;-0.08548909021366631
3883.0;0.0;0.0020891130875895308;0.0;0.2649760031489957;0.0;0.0;0.0;0.0;0.0;0.002585199329478196;1.2541643924644916;0.0002311431050906389;2.400282137109804;-3.6571580520256335;0.0;0.0;0.0;0.0;0.0;40.257345546305565;408.1106597362253;46.28034397205141;360.6570032849056;-0.08548909021366631
3884.0;0.0;0.0020891130875895308;0.0;0.2649760031489957;0.0;0.0;0.0;0.0;0.0;0.002585199329478196;1.2541643924644916;0.0002311431050906389;2.400282137109804;-3.6571580520256335;0.0;0.0;0.0;0.0;0.0;40.257345546305565;408.1106597362253;46.28034397205141;360.6570032849056;-0.08548909021366631
3885.0;0.0;0.0020891130875895308;0.0;0.2649760031489957;0.0;0.0;0.0;0.0;0.0;0.002585199329478196;1.2541643924644916;0.0002311431050906389;2.400282137109804;-3.6571580520256335;0.0;0.0;0.0;0.0;0.0;40.257345546305565;408.1106597362253;46.28034397205141;360.6570032849056;-0.08548909021366631
3886.0;0.0;0.0020891130875895308;0.0;0.2649760031489957;0.0;0.0;0.0;0.0;0.0;0.002585199329478196;1.2541643924644916;0.0002311431050906389;2.400282137109804;-3.6571580520256335;0.0;0.0;0.0;0.0;0.0;40.257345546305565;408.1106597362253;46.28034397205141;360.6570032849056;-0.08548909021366631
3887.0;0.0;0.0020891130875895308;0.0;0.2649760031489957;0.0;0.0;0.0;0.0;0.0;0.002585199329478196;1.2541643924644916;0.0002311431050906389;2.400282137109804;-3.6571580520256335;0.0;0.0;0.0;0.0;0.0;40.257345546305565;408.1106597362253;46.28034397205141;360.6570032849056;-0.08548909021366631
3888.0;0.0;0.0020891130875895308;0.0;0.2649760031489957;0.0;0.0;0.0;0.0;0.0;0.002585199329478196;1.2541643924644916;0.0002311431050906389;2.400282137109804;-3.6571580520256335;0.0;0.0;0.0;0.0;0.0;40.257345546305565;408.1106597362253;46.28034397205141;360.6570032849056;-0.08548909021366631
3889.0;0.0;-0.0009007676869972244;0.0;0.2649760031489957;0.0;0.0;0.0;0.0;0.0;0.0;3.356917357348259;0.0;0.41277845125854473;-3.7694515292727613;0.0;0.0;0.0;0.0;0.0;40.257345546305565;408.1106597362253;46.28034397205141;360.6570032849056;-0.08548909021366631
3890.0;0.0;-0.0009007676869972244;0.0;0.2649760031489957;0.0;0.0;0.0;0.0;0.0;0.0;3.356917357348259;0.0;0.41277845125854473;-3.7694515292727613;0.0;0.0;0.0;0.0;0.0;40.257345546305565;408.1106597362253;46.28034397205141;360.6570032849056;-0.08548909021366631
3891.0;0.0;-0.0009007676869972244;0.0;0.2649760031489957;0.0;0.0;0.0;0.0;0.0;0.0;3.356917357348259;0.0;0.41277845125854473;-3.7694515292727613;0.0;0.0;0.0;0.0;0.0;40.257345546305565;408.1106597362253;46.28034397205141;360.6570032849056;-0.08548909021366631
3892.0;0.0;-0.0009007676869972244;0.0;0.2649760031489957;0.0;0.0;0.0;0.0;0.0;0.0;3.356917357348259;0.0;0.41277845125854473;-3.7694515292727613;0.0;0.0;0.0;0.0;0.0;40.257345546305565;408.1106597362253;46.28034397205141;360.6570032849056;-0.08548909021366631
3893.0;0.0;-0.0009007676869972244;0.0;0.2649760031489957;0.0;0.0;0.0;0.0;0.0;0.0;3.356917357348259;0.0;0.41277845125854473;-3.7694515292727613;0.0;0.0;0.0;0.0;0.0;40.257345546305565;408.1106597362253;46.28034397205141;360.6570032849056;-0.08548909021366631
3894.0;0.0;-0.0009007676869972244;0.0;0.2649760031489957;0.0;0.0;0.0;0.0;0.0;0.0;3.356917357348259;0.0;0.41277845125854473;-3.7694515292727613;0.0;0.0;0.0;0.0;0.0;40.257345546305565;408.1106597362253;46.28034397205141;360.6570032849056;-0.08548909021366631
3895.0;0.0;-0.0009007676869972244;0.0;0.2649760031489957;0.0;0.0;0.0;0.0;0.0;0.0;3.356917357348259;0.0;0.41277845125854473;-3.7694515292727613;0.0;0.0;0.0;0.0;0.0;40.257345546305565;408.1106597362253;46.28034397205141;360.6570032849056;-0.08548909021366631
3896.0;0.0;-0.0009007676869972244;0.0;0.2649760031489957;0.0;0.0;0.0;0.0;0.0;0.0;3.356917357348259;0.0;0.41277845125854473;-3.7694515292727613;0.0;0.0;0.0;0.0;0.0;40.257345546305565;408.1106597362253;46.28034397205141;360.6570032849056;-0.08548909021366631
3897.0;0.0;-0.0009007676869972244;0.0;0.2649760031489957;0.0;0.0;0.0;0.0;0.0;0.0;3.356917357348259;0.0;0.41277845125854473;-3.7694515292727613;0.0;0.0;0.0;0.0;0.0;40.257345546305565;408.1106597362253;46.28034397205141;360.6570032849056;-0.08548909021366631
3898.0;0.0;-0.0009007676869972244;0.0;0.2649760031489957;0.0;0.0;0.0;0.0;0.0;0.0;3.356917357348259;0.0;0.41277845125854473;-3.7694515292727613;0.0;0.0;0.0;0.0;0.0;40.257345546305565;408.1106597362253;46.28034397205141;360.6570032849056;-0.08548909021366631
3899.0;0.0;-0.0009007676869972244;0.0;0.2649760031489957;0.0;0.0;0.0;0.0;0.0;0.0;3.356917357348259;0.0;0.41277845125854473;-3.7694515292727613;0.0;0.0;0.0;0.0;0.0;40.257345546305565;408.1106597362253;46.28034397205141;360.6570032849056;-0.08548909021366631
3900.0;0.0;-0.0009007676869972244;0.0;0.2649760031489957;0.0;0.0;0.0;0.0;0.0;0.0;3.356917357348259;0.0;0.41277845125854473;-3.7694515292727613;0.0;0.0;0.0;0.0;0.0;40.257345546305565;408.1106597362253;46.28034397205141;360.6570032849056;-0.08548909021366631
3901.0;0.0;-0.0009007676869972244;0.0;0.2649760031489957;0.0;0.0;0.0;0.0;0.0;0.0;3.356917357348259;0.0;0.41277845125854473;-3.7694515292727613;0.0;0.0;0.0;0.0;0.0;40.257345546305565;408.1106597362253;46.28034397205141;360.6570032849056;-0.08548909021366631
3902.0;0.0;-0.0009007676869972244;0.0;0.2649760031489957;0.0;0.0;0.0;0.0;0.0;0.0;3.356917357348259;0.0;0.41277845125854473;-3.7694515292727613;0.0;0.0;0.0;0.0;0.0;40.257345546305565;408.1106597362253;46.28034397205141;360.6570032849056;-0.08548909021366631
3903.0;0.0;-0.0009007676869972244;0.0;0.2649760031489957;0.0;0.0;0.0;0.0;0.0;0.0;3.356917357348259;0.0;0.41277845125854473;-3.7694515292727613;0.0;0.0;0.0;0.0;0.0;40.257345546305565;408.1106597362253;46.28034397205141;360.6570032849056;-0.08548909021366631
3904.0;0.0;-0.0009007676869972244;0.0;0.2649760031489957;0.0;0.0;0.0;0.0;0.0;0.0;3.356917357348259;0.0;0.41277845125854473;-3.7694515292727613;0.0;0.0;0.0;0.0;0.0;40.257345546305565;408.1106597362253;46.28034397205141;360.6570032849056;-0.08548909021366631
3905.0;0.0;-0.0009007676869972244;0.0;0.2649760031489957;0.0;0.0;0.0;0.0;0.0;0.0;3.356917357348259;0.0;0.41277845125854473;-3.7694515292727613;0.0;0.0;0.0;0.0;0.0;40.257345546305565;408.1106597362253;46.28034397205141;360.6570032849056;-0.08548909021366631
3906.0;0.0;-0.0009007676869972244;0.0;0.2649760031489957;0.0;0.0;0.0;0.0;0.0;0.0;3.356917357348259;0.0;0.41277845125854473;-3.7694515292727613;0.0;0.0;0.0;0.0;0.0;40.257345546305565;408.1106597362253;46.28034397205141;360.6570032849056;-0.08548909021366631
3907.0;0.0;-0.0009007676869972244;0.0;0.2649760031489957;0.0;0.0;0.0;0.0;0.0;0.0;3.356917357348259;0.0;0.41277845125854473;-3.7694515292727613;0.0;0.0;0.0;0.0;0.0;40.257345546305565;408.1106597362253;46.28034397205141;360.6570032849056;-0.08548909021366631
3908.0;0.0;-0.0009007676869972244;0.0;0.2649760031489957;0.0;0.0;0.0;0.0;0.0;0.0;3.356917357348259;0.0;0.41277845125854473;-3.7694515292727613;0.0;0.0;0.0;0.0;0.0;40.257345546305565;408.1106597362253;46.28034397205141;360.6570032849056;-0.08548909021366631
3909.0;0.0;-0.0009007676869972244;0.0;0.2649760031489957;0.0;0.0;0.0;0.0;0.0;0.0;3.356917357348259;0.0;0.41277845125854473;-3.7694515292727613;0.0;0.0;0.0;0.0;0.0;40.257345546305565;408.1106597362253;46.28034397205141;360.6570032849056;-0.08548909021366631
3910.0;0.0;-0.0009007676869972244;0.0;0.2649760031489957;0.0;0.0;0.0;0.0;0.0;0.0;3.356917357348259;0.0;0.41277845125854473;-3.7694515292727613;0.0;0.0;0.0;0.0;0.0;40.257345546305565;408.1106597362253;46.28034397205141;360.6570032849056;-0.08548909021366631
3911.0;0.0;-0.0009007676869972244;0.0;0.2649760031489957;0.0;0.0;0.0;0.0;0.0;0.0;3.356917357348259;0.0;0.41277845125854473;-3.7694515292727613;0.0;0.0;0.0;0.0;0.0;40.257345546305565;408.1106597362253;46.28034397205141;360.6570032849056;-0.08548909021366631
3912.0;0.0;-0.0009007676869972244;0.0;0.2649760031489957;0.0;0.0;0.0;0.0;0.0;0.0;3.356917357348259;0.0;0.41277845125854473;-3.7694515292727613;0.0;0.0;0.0;0.0;0.0;40.257345546305565;408.1106597362253;46.28034397205141;360.6570032849056;-0.08548909021366631
3913.0;0.0;0.00020629662368997642;0.0;0.2649760031489957;0.0;0.0;0.0;0.0;0.0;0.00012316408444495931;4.089961326862705;1.6744184055757005e-7;0.5288541709013171;-4.618629481500428;0.0;0.0;0.0;0.0;0.0;40.257345546305565;408.1106597362253;46.28034397205141;360.6570032849056;-0.08548909021366631
3914.0;0.0;0.00020629662368997642;0.0;0.2649760031489957;0.0;0.0;0.0;0.0;0.0;0.00012316408444495931;4.089961326862705;1.6744184055757005e-7;0.5288541709013171;-4.618629481500428;0.0;0.0;0.0;0.0;0.0;40.257345546305565;408.1106597362253;46.28034397205141;360.6570032849056;-0.08548909021366631
3915.0;0.0;0.00020629662368997642;0.0;0.2649760031489957;0.0;0.0;0.0;0.0;0.0;0.00012316408444495931;4.089961326862705;1.6744184055757005e-7;0.5288541709013171;-4.618629481500428;0.0;0.0;0.0;0.0;0.0;40.257345546305565;408.1106597362253;46.28034397205141;360.6570032849056;-0.08548909021366631
3916.0;0.0;0.00020629662368997642;0.0;0.2649760031489957;0.0;0.0;0.0;0.0;0.0;0.00012316408444495931;4.089961326862705;1.6744184055757005e-7;0.5288541709013171;-4.618629481500428;0.0;0.0;0.0;0.0;0.0;40.257345546305565;408.1106597362253;46.28034397205141;360.6570032849056;-0.08548909021366631
3917.0;0.0;0.00020629662368997642;0.0;0.2649760031489957;0.0;0.0;0.0;0.0;0.0;0.00012316408444495931;4.089961326862705;1.6744184055757005e-7;0.5288541709013171;-4.618629481500428;0.0;0.0;0.0;0.0;0.0;40.257345546305565;408.1106597362253;46.28034397205141;360.6570032849056;-0.08548909021366631
3918.0;0.0;0.00020629662368997642;0.0;0.2649760031489957;0.0;0.0;0.0;0.0;0.0;0.00012316408444495931;4.089961326862705;1.6744184055757005e-7;0.5288541709013171;-4.618629481500428;0.0;0.0;0.0;0.0;0.0;40.257345546305565;408.1106597362253;46.28034397205141;360.6570032849056;-0.08548909021366631
3919.0;0.0;0.00020629662368997642;0.0;0.2649760031489957;0.0;0.0;0.0;0.0;0.0;0.00012316408444495931;4.089961326862705;1.6744184055757005e-7;0.5288541709013171;-4.618629481500428;0.0;0.0;0.0;0.0;0.0;40.257345546305565;408.1106597362253;46.28034397205141;360.6570032849056;-0.08548909021366631
3920.0;0.0;0.00020629662368997642;0.0;0.2649760031489957;0.0;0.0;0.0;0.0;0.0;0.00012316408444495931;4.089961326862705;1.6744184055757005e-7;0.5288541709013171;-4.618629481500428;0.0;0.0;0.0;0.0;0.0;40.257345546305565;408.1106597362253;46.28034397205141;360.6570032849056;-0.08548909021366631
3921.0;0.0;0.00020629662368997642;0.0;0.2649760031489957;0.0;0.0;0.0;0.0;0.0;0.00012316408444495931;4.089961326862705;1.6744184055757005e-7;0.5288541709013171;-4.618629481500428;0.0;0.0;0.0;0.0;0.0;40.257345546305565;408.1106597362253;46.28034397205141;360.6570032849056;-0.08548909021366631
3922.0;0.0;0.00020629662368997642;0.0;0.2649760031489957;0.0;0.0;0.0;0.0;0.0;0.00012316408444495931;4.089961326862705;1.6744184055757005e-7;0.5288541709013171;-4.618629481500428;0.0;0.0;0.0;0.0;0.0;40.257345546305565;408.1106597362253;46.28034397205141;360.6570032849056;-0.08548909021366631
3923.0;0.0;0.00020629662368997642;0.0;0.2649760031489957;0.0;0.0;0.0;0.0;0.0;0.00012316408444495931;4.089961326862705;1.6744184055757005e-7;0.5288541709013171;-4.618629481500428;0.0;0.0;0.0;0.0;0.0;40.257345546305565;408.1106597362253;46.28034397205141;360.6570032849056;-0.08548909021366631
3924.0;0.0;0.00020629662368997642;0.0;0.2649760031489957;0.0;0.0;0.0;0.0;0.0;0.00012316408444495931;4.089961326862705;1.6744184055757005e-7;0.5288541709013171;-4.618629481500428;0.0;0.0;0.0;0.0;0.0;40.257345546305565;408.1106597362253;46.28034397205141;360.6570032849056;-0.08548909021366631
3925.0;0.0;0.00020629662368997642;0.0;0.2649760031489957;0.0;0.0;0.0;0.0;0.0;0.00012316408444495931;4.089961326862705;1.6744184055757005e-7;0.5288541709013171;-4.618629481500428;0.0;0.0;0.0;0.0;0.0;40.257345546305565;408.1106597362253;46.28034397205141;360.6570032849056;-0.08548909021366631
3926.0;0.0;0.00020629662368997642;0.0;0.2649760031489957;0.0;0.0;0.0;0.0;0.0;0.00012316408444495931;4.089961326862705;1.6744184055757005e-7;0.5288541709013171;-4.618629481500428;0.0;0.0;0.0;0.0;0.0;40.257345546305565;408.1106597362253;46.28034397205141;360.6570032849056;-0.08548909021366631
3927.0;0.0;0.00020629662368997642;0.0;0.2649760031489957;0.0;0.0;0.0;0.0;0.0;0.00012316408444495931;4.089961326862705;1.6744184055757005e-7;0.5288541709013171;-4.618629481500428;0.0;0.0;0.0;0.0;0.0;40.257345546305565;408.1106597362253;46.28034397205141;360.6570032849056;-0.08548909021366631
3928.0;0.0;0.00020629662368997642;0.0;0.2649760031489957;0.0;0.0;0.0;0.0;0.0;0.00012316408444495931;4.089961326862705;1.6744184055757005e-7;0.5288541709013171;-4.618629481500428;0.0;0.0;0.0;0.0;0.0;40.257345546305565;408.1106597362253;46.28034397205141;360.6570032849056;-0.08548909021366631
3929.0;0.0;0.00020629662368997642;0.0;0.2649760031489957;0.0;0.0;0.0;0.0;0.0;0.00012316408444495931;4.089961326862705;1.6744184055757005e-7;0.5288541709013171;-4.618629481500428;0.0;0.0;0.0;0.0;0.0;40.257345546305565;408.1106597362253;46.28034397205141;360.6570032849056;-0.08548909021366631
3930.0;0.0;0.00020629662368997642;0.0;0.2649760031489957;0.0;0.0;0.0;0.0;0.0;0.00012316408444495931;4.089961326862705;1.6744184055757005e-7;0.5288541709013171;-4.618629481500428;0.0;0.0;0.0;0.0;0.0;40.257345546305565;408.1106597362253;46.28034397205141;360.6570032849056;-0.08548909021366631
3931.0;0.0;0.00020629662368997642;0.0;0.2649760031489957;0.0;0.0;0.0;0.0;0.0;0.00012316408444495931;4.089961326862705;1.6744184055757005e-7;0.5288541709013171;-4.618629481500428;0.0;0.0;0.0;0.0;0.0;40.257345546305565;408.1106597362253;46.28034397205141;360.6570032849056;-0.08548909021366631
3932.0;0.0;0.00020629662368997642;0.0;0.2649760031489957;0.0;0.0;0.0;0.0;0.0;0.00012316408444495931;4.089961326862705;1.6744184055757005e-7;0.5288541709013171;-4.618629481500428;0.0;0.0;0.0;0.0;0.0;40.257345546305565;408.1106597362253;46.28034397205141;360.6570032849056;-0.08548909021366631
3933.0;0.0;0.00020629662368997642;0.0;0.2649760031489957;0.0;0.0;0.0;0.0;0.0;0.00012316408444495931;4.089961326862705;1.6744184055757005e-7;0.5288541709013171;-4.618629481500428;0.0;0.0;0.0;0.0;0.0;40.257345546305565;408.1106597362253;46.28034397205141;360.6570032849056;-0.08548909021366631
3934.0;0.0;0.00020629662368997642;0.0;0.2649760031489957;0.0;0.0;0.0;0.0;0.0;0.00012316408444495931;4.089961326862705;1.6744184055757005e-7;0.5288541709013171;-4.618629481500428;0.0;0.0;0.0;0.0;0.0;40.257345546305565;408.1106597362253;46.28034397205141;360.6570032849056;-0.08548909021366631
3935.0;0.0;0.00020629662368997642;0.0;0.2649760031489957;0.0;0.0;0.0;0.0;0.0;0.00012316408444495931;4.089961326862705;1.6744184055757005e-7;0.5288541709013171;-4.618629481500428;0.0;0.0;0.0;0.0;0.0;40.257345546305565;408.1106597362253;46.28034397205141;360.6570032849056;-0.08548909021366631
3936.0;0.0;0.00020629662368997642;0.0;0.2649760031489957;0.0;0.0;0.0;0.0;0.0;0.00012316408444495931;4.089961326862705;1.6744184055757005e-7;0.5288541709013171;-4.618629481500428;0.0;0.0;0.0;0.0;0.0;40.257345546305565;408.1106597362253;46.28034397205141;360.6570032849056;-0.08548909021366631
3937.0;0.0;-0.0013057252806452182;0.0;0.2649760031489957;0.0;0.0;0.0;0.0;0.0;0.0;4.095245109734846;0.0;0.7546502905709431;-4.849498880706239;0.0;0.0;0.0;0.0;0.0;40.257345546305565;408.1106597362253;46.28034397205141;360.6570032849056;-0.08548909021366631
3938.0;0.0;-0.0013057252806452182;0.0;0.2649760031489957;0.0;0.0;0.0;0.0;0.0;0.0;4.095245109734846;0.0;0.7546502905709431;-4.849498880706239;0.0;0.0;0.0;0.0;0.0;40.257345546305565;408.1106597362253;46.28034397205141;360.6570032849056;-0.08548909021366631
3939.0;0.0;-0.0013057252806452182;0.0;0.2649760031489957;0.0;0.0;0.0;0.0;0.0;0.0;4.095245109734846;0.0;0.7546502905709431;-4.849498880706239;0.0;0.0;0.0;0.0;0.0;40.257345546305565;408.1106597362253;46.28034397205141;360.6570032849056;-0.08548909021366631
3940.0;0.0;-0.0013057252806452182;0.0;0.2649760031489957;0.0;0.0;0.0;0.0;0.0;0.0;4.095245109734846;0.0;0.7546502905709431;-4.849498880706239;0.0;0.0;0.0;0.0;0.0;40.257345546305565;408.1106597362253;46.28034397205141;360.6570032849056;-0.08548909021366631
3941.0;0.0;-0.0013057252806452182;0.0;0.2649760031489957;0.0;0.0;0.0;0.0;0.0;0.0;4.095245109734846;0.0;0.7546502905709431;-4.849498880706239;0.0;0.0;0.0;0.0;0.0;40.257345546305565;408.1106597362253;46.28034397205141;360.6570032849056;-0.08548909021366631
3942.0;0.0;-0.0013057252806452182;0.0;0.2649760031489957;0.0;0.0;0.0;0.0;0.0;0.0;4.095245109734846;0.0;0.7546502905709431;-4.849498880706239;0.0;0.0;0.0;0.0;0.0;40.257345546305565;408.1106597362253;46.28034397205141;360.6570032849056;-0.08548909021366631
3943.0;0.0;-0.0013057252806452182;0.0;0.2649760031489957;0.0;0.0;0.0;0.0;0.0;0.0;4.095245109734846;0.0;0.7546502905709431;-4.849498880706239;0.0;0.0;0.0;0.0;0.0;40.257345546305565;408.1106597362253;46.28034397205141;360.6570032849056;-0.08548909021366631
3944.0;0.0;-0.0013057252806452182;0.0;0.2649760031489957;0.0;0.0;0.0;0.0;0.0;0.0;4.095245109734846;0.0;0.7546502905709431;-4.849498880706239;0.0;0.0;0.0;0.0;0.0;40.257345546305565;408.1106597362253;46.28034397205141;360.6570032849056;-0.08548909021366631
3945.0;0.0;-0.0013057252806452182;0.0;0.2649760031489957;0.0;0.0;0.0;0.0;0.0;0.0;4.095245109734846;0.0;0.7546502905709431;-4.849498880706239;0.0;0.0;0.0;0.0;0.0;40.257345546305565;408.1106597362253;46.28034397205141;360.6570032849056;-0.08548909021366631
3946.0;0.0;-0.0013057252806452182;0.0;0.2649760031489957;0.0;0.0;0.0;0.0;0.0;0.0;4.095245109734846;0.0;0.7546502905709431;-4.849498880706239;0.0;0.0;0.0;0.0;0.0;40.257345546305565;408.1106597362253;46.28034397205141;360.6570032849056;-0.08548909021366631
3947.0;0.0;-0.0013057252806452182;0.0;0.2649760031489957;0.0;0.0;0.0;0.0;0.0;0.0;4.095245109734846;0.0;0.7546502905709431;-4.849498880706239;0.0;0.0;0.0;0.0;0.0;40.257345546305565;408.1106597362253;46.28034397205141;360.6570032849056;-0.08548909021366631
3948.0;0.0;-0.0013057252806452182;0.0;0.2649760031489957;0.0;0.0;0.0;0.0;0.0;0.0;4.095245109734846;0.0;0.7546502905709431;-4.849498880706239;0.0;0.0;0.0;0.0;0.0;40.257345546305565;408.1106597362253;46.28034397205141;360.6570032849056;-0.08548909021366631
3949.0;0.0;-0.0013057252806452182;0.0;0.2649760031489957;0.0;0.0;0.0;0.0;0.0;0.0;4.095245109734846;0.0;0.7546502905709431;-4.849498880706239;0.0;0.0;0.0;0.0;0.0;40.257345546305565;408.1106597362253;46.28034397205141;360.6570032849056;-0.08548909021366631
3950.0;0.0;-0.0013057252806452182;0.0;0.2649760031489957;0.0;0.0;0.0;0.0;0.0;0.0;4.095245109734846;0.0;0.7546502905709431;-4.849498880706239;0.0;0.0;0.0;0.0;0.0;40.257345546305565;408.1106597362253;46.28034397205141;360.6570032849056;-0.08548909021366631
3951.0;0.0;-0.0013057252806452182;0.0;0.2649760031489957;0.0;0.0;0.0;0.0;0.0;0.0;4.095245109734846;0.0;0.7546502905709431;-4.849498880706239;0.0;0.0;0.0;0.0;0.0;40.257345546305565;408.1106597362253;46.28034397205141;360.6570032849056;-0.08548909021366631
3952.0;0.0;-0.0013057252806452182;0.0;0.2649760031489957;0.0;0.0;0.0;0.0;0.0;0.0;4.095245109734846;0.0;0.7546502905709431;-4.849498880706239;0.0;0.0;0.0;0.0;0.0;40.257345546305565;408.1106597362253;46.28034397205141;360.6570032849056;-0.08548909021366631
3953.0;0.0;-0.0013057252806452182;0.0;0.2649760031489957;0.0;0.0;0.0;0.0;0.0;0.0;4.095245109734846;0.0;0.7546502905709431;-4.849498880706239;0.0;0.0;0.0;0.0;0.0;40.257345546305565;408.1106597362253;46.28034397205141;360.6570032849056;-0.08548909021366631
3954.0;0.0;-0.0013057252806452182;0.0;0.2649760031489957;0.0;0.0;0.0;0.0;0.0;0.0;4.095245109734846;0.0;0.7546502905709431;-4.849498880706239;0.0;0.0;0.0;0.0;0.0;40.257345546305565;408.1106597362253;46.28034397205141;360.6570032849056;-0.08548909021366631
3955.0;0.0;-0.0013057252806452182;0.0;0.2649760031489957;0.0;0.0;0.0;0.0;0.0;0.0;4.095245109734846;0.0;0.7546502905709431;-4.849498880706239;0.0;0.0;0.0;0.0;0.0;40.257345546305565;408.1106597362253;46.28034397205141;360.6570032849056;-0.08548909021366631
3956.0;0.0;-0.0013057252806452182;0.0;0.2649760031489957;0.0;0.0;0.0;0.0;0.0;0.0;4.095245109734846;0.0;0.7546502905709431;-4.849498880706239;0.0;0.0;0.0;0.0;0.0;40.257345546305565;408.1106597362253;46.28034397205141;360.6570032849056;-0.08548909021366631
3957.0;0.0;-0.0013057252806452182;0.0;0.2649760031489957;0.0;0.0;0.0;0.0;0.0;0.0;4.095245109734846;0.0;0.7546502905709431;-4.849498880706239;0.0;0.0;0.0;0.0;0.0;40.257345546305565;408.1106597362253;46.28034397205141;360.6570032849056;-0.08548909021366631
3958.0;0.0;-0.0013057252806452182;0.0;0.2649760031489957;0.0;0.0;0.0;0.0;0.0;0.0;4.095245109734846;0.0;0.7546502905709431;-4.849498880706239;0.0;0.0;0.0;0.0;0.0;40.257345546305565;408.1106597362253;46.28034397205141;360.6570032849056;-0.08548909021366631
3959.0;0.0;-0.0013057252806452182;0.0;0.2649760031489957;0.0;0.0;0.0;0.0;0.0;0.0;4.095245109734846;0.0;0.7546502905709431;-4.849498880706239;0.0;0.0;0.0;0.0;0.0;40.257345546305565;408.1106597362253;46.28034397205141;360.6570032849056;-0.08548909021366631
3960.0;0.0;-0.0013057252806452182;0.0;0.2649760031489957;0.0;0.0;0.0;0.0;0.0;0.0;4.095245109734846;0.0;0.7546502905709431;-4.849498880706239;0.0;0.0;0.0;0.0;0.0;40.257345546305565;408.1106597362253;46.28034397205141;360.6570032849056;-0.08548909021366631
3961.0;0.0;-0.0007744893644507277;0.0;0.2649760031489957;0.0;0.0;0.0;0.0;0.0;0.0;3.124635098029248;0.0;0.1561908194592403;-3.280552680030189;0.0;0.0;0.0;0.0;0.0;40.257345546305565;408.1106597362253;46.28034397205141;360.6570032849056;-0.08548909021366631
3962.0;0.0;-0.0007744893644507277;0.0;0.2649760031489957;0.0;0.0;0.0;0.0;0.0;0.0;3.124635098029248;0.0;0.1561908194592403;-3.280552680030189;0.0;0.0;0.0;0.0;0.0;40.257345546305565;408.1106597362253;46.28034397205141;360.6570032849056;-0.08548909021366631
3963.0;0.0;-0.0007744893644507277;0.0;0.2649760031489957;0.0;0.0;0.0;0.0;0.0;0.0;3.124635098029248;0.0;0.1561908194592403;-3.280552680030189;0.0;0.0;0.0;0.0;0.0;40.257345546305565;408.1106597362253;46.28034397205141;360.6570032849056;-0.08548909021366631
3964.0;0.0;-0.0007744893644507277;0.0;0.2649760031489957;0.0;0.0;0.0;0.0;0.0;0.0;3.124635098029248;0.0;0.1561908194592403;-3.280552680030189;0.0;0.0;0.0;0.0;0.0;40.257345546305565;408.1106597362253;46.28034397205141;360.6570032849056;-0.08548909021366631
3965.0;0.0;-0.0007744893644507277;0.0;0.2649760031489957;0.0;0.0;0.0;0.0;0.0;0.0;3.124635098029248;0.0;0.1561908194592403;-3.280552680030189;0.0;0.0;0.0;0.0;0.0;40.257345546305565;408.1106597362253;46.28034397205141;360.6570032849056;-0.08548909021366631
3966.0;0.0;-0.0007744893644507277;0.0;0.2649760031489957;0.0;0.0;0.0;0.0;0.0;0.0;3.124635098029248;0.0;0.1561908194592403;-3.280552680030189;0.0;0.0;0.0;0.0;0.0;40.257345546305565;408.1106597362253;46.28034397205141;360.6570032849056;-0.08548909021366631
3967.0;0.0;-0.0007744893644507277;0.0;0.2649760031489957;0.0;0.0;0.0;0.0;0.0;0.0;3.124635098029248;0.0;0.1561908194592403;-3.280552680030189;0.0;0.0;0.0;0.0;0.0;40.257345546305565;408.1106597362253;46.28034397205141;360.6570032849056;-0.08548909021366631
3968.0;0.0;-0.0007744893644507277;0.0;0.2649760031489957;0.0;0.0;0.0;0.0;0.0;0.0;3.124635098029248;0.0;0.1561908194592403;-3.280552680030189;0.0;0.0;0.0;0.0;0.0;40.257345546305565;408.1106597362253;46.28034397205141;360.6570032849056;-0.08548909021366631
3969.0;0.0;-0.0007744893644507277;0.0;0.2649760031489957;0.0;0.0;0.0;0.0;0.0;0.0;3.124635098029248;0.0;0.1561908194592403;-3.280552680030189;0.0;0.0;0.0;0.0;0.0;40.257345546305565;408.1106597362253;46.28034397205141;360.6570032849056;-0.08548909021366631
3970.0;0.0;-0.0007744893644507277;0.0;0.2649760031489957;0.0;0.0;0.0;0.0;0.0;0.0;3.124635098029248;0.0;0.1561908194592403;-3.280552680030189;0.0;0.0;0.0;0.0;0.0;40.257345546305565;408.1106597362253;46.28034397205141;360.6570032849056;-0.08548909021366631
3971.0;0.0;-0.0007744893644507277;0.0;0.2649760031489957;0.0;0.0;0.0;0.0;0.0;0.0;3.124635098029248;0.0;0.1561908194592403;-3.280552680030189;0.0;0.0;0.0;0.0;0.0;40.257345546305565;408.1106597362253;46.28034397205141;360.6570032849056;-0.08548909021366631
3972.0;0.0;-0.0007744893644507277;0.0;0.2649760031489957;0.0;0.0;0.0;0.0;0.0;0.0;3.124635098029248;0.0;0.1561908194592403;-3.280552680030189;0.0;0.0;0.0;0.0;0.0;40.257345546305565;408.1106597362253;46.28034397205141;360.6570032849056;-0.08548909021366631
3973.0;0.0;-0.0007744893644507277;0.0;0.2649760031489957;0.0;0.0;0.0;0.0;0.0;0.0;3.124635098029248;0.0;0.1561908194592403;-3.280552680030189;0.0;0.0;0.0;0.0;0.0;40.257345546305565;408.1106597362253;46.28034397205141;360.6570032849056;-0.08548909021366631
3974.0;0.0;-0.0007744893644507277;0.0;0.2649760031489957;0.0;0.0;0.0;0.0;0.0;0.0;3.124635098029248;0.0;0.1561908194592403;-3.280552680030189;0.0;0.0;0.0;0.0;0.0;40.257345546305565;408.1106597362253;46.28034397205141;360.6570032849056;-0.08548909021366631
3975.0;0.0;-0.0007744893644507277;0.0;0.2649760031489957;0.0;0.0;0.0;0.0;0.0;0.0;3.124635098029248;0.0;0.1561908194592403;-3.280552680030189;0.0;0.0;0.0;0.0;0.0;40.257345546305565;408.1106597362253;46.28034397205141;360.6570032849056;-0.08548909021366631
3976.0;0.0;-0.0007744893644507277;0.0;0.2649760031489957;0.0;0.0;0.0;0.0;0.0;0.0;3.124635098029248;0.0;0.1561908194592403;-3.280552680030189;0.0;0.0;0.0;0.0;0.0;40.257345546305565;408.1106597362253;46.28034397205141;360.6570032849056;-0.08548909021366631
3977.0;0.0;-0.0007744893644507277;0.0;0.2649760031489957;0.0;0.0;0.0;0.0;0.0;0.0;3.124635098029248;0.0;0.1561908194592403;-3.280552680030189;0.0;0.0;0.0;0.0;0.0;40.257345546305565;408.1106597362253;46.28034397205141;360.6570032849056;-0.08548909021366631
3978.0;0.0;-0.0007744893644507277;0.0;0.2649760031489957;0.0;0.0;0.0;0.0;0.0;0.0;3.124635098029248;0.0;0.1561908194592403;-3.280552680030189;0.0;0.0;0.0;0.0;0.0;40.257345546305565;408.1106597362253;46.28034397205141;360.6570032849056;-0.08548909021366631
3979.0;0.0;-0.0007744893644507277;0.0;0.2649760031489957;0.0;0.0;0.0;0.0;0.0;0.0;3.124635098029248;0.0;0.1561908194592403;-3.280552680030189;0.0;0.0;0.0;0.0;0.0;40.257345546305565;408.1106597362253;46.28034397205141;360.6570032849056;-0.08548909021366631
3980.0;0.0;-0.0007744893644507277;0.0;0.2649760031489957;0.0;0.0;0.0;0.0;0.0;0.0;3.124635098029248;0.0;0.1561908194592403;-3.280552680030189;0.0;0.0;0.0;0.0;0.0;40.257345546305565;408.1106597362253;46.28034397205141;360.6570032849056;-0.08548909021366631
3981.0;0.0;-0.0007744893644507277;0.0;0.2649760031489957;0.0;0.0;0.0;0.0;0.0;0.0;3.124635098029248;0.0;0.1561908194592403;-3.280552680030189;0.0;0.0;0.0;0.0;0.0;40.257345546305565;408.1106597362253;46.28034397205141;360.6570032849056;-0.08548909021366631
3982.0;0.0;-0.0007744893644507277;0.0;0.2649760031489957;0.0;0.0;0.0;0.0;0.0;0.0;3.124635098029248;0.0;0.1561908194592403;-3.280552680030189;0.0;0.0;0.0;0.0;0.0;40.257345546305565;408.1106597362253;46.28034397205141;360.6570032849056;-0.08548909021366631
3983.0;0.0;-0.0007744893644507277;0.0;0.2649760031489957;0.0;0.0;0.0;0.0;0.0;0.0;3.124635098029248;0.0;0.1561908194592403;-3.280552680030189;0.0;0.0;0.0;0.0;0.0;40.257345546305565;408.1106597362253;46.28034397205141;360.6570032849056;-0.08548909021366631
3984.0;0.0;-0.0007744893644507277;0.0;0.2649760031489957;0.0;0.0;0.0;0.0;0.0;0.0;3.124635098029248;0.0;0.1561908194592403;-3.280552680030189;0.0;0.0;0.0;0.0;0.0;40.257345546305565;408.1106597362253;46.28034397205141;360.6570032849056;-0.08548909021366631
3985.0;0.0;0.0002638857955715416;0.0;0.2649760031489957;0.0;0.0;0.0;0.0;0.0;0.0002332137036151644;4.104805744891566;2.0596941721335377e-7;0.9050858639485738;-5.010135350127999;0.0;0.0;0.0;0.0;0.0;40.257345546305565;408.1106597362253;46.28034397205141;360.6570032849056;-0.08548909021366631
3986.0;0.0;0.0002638857955715416;0.0;0.2649760031489957;0.0;0.0;0.0;0.0;0.0;0.0002332137036151644;4.104805744891566;2.0596941721335377e-7;0.9050858639485738;-5.010135350127999;0.0;0.0;0.0;0.0;0.0;40.257345546305565;408.1106597362253;46.28034397205141;360.6570032849056;-0.08548909021366631
3987.0;0.0;0.0002638857955715416;0.0;0.2649760031489957;0.0;0.0;0.0;0.0;0.0;0.0002332137036151644;4.104805744891566;2.0596941721335377e-7;0.9050858639485738;-5.010135350127999;0.0;0.0;0.0;0.0;0.0;40.257345546305565;408.1106597362253;46.28034397205141;360.6570032849056;-0.08548909021366631
3988.0;0.0;0.0002638857955715416;0.0;0.2649760031489957;0.0;0.0;0.0;0.0;0.0;0.0002332137036151644;4.104805744891566;2.0596941721335377e-7;0.9050858639485738;-5.010135350127999;0.0;0.0;0.0;0.0;0.0;40.257345546305565;408.1106597362253;46.28034397205141;360.6570032849056;-0.08548909021366631
3989.0;0.0;0.0002638857955715416;0.0;0.2649760031489957;0.0;0.0;0.0;0.0;0.0;0.0002332137036151644;4.104805744891566;2.0596941721335377e-7;0.9050858639485738;-5.010135350127999;0.0;0.0;0.0;0.0;0.0;40.257345546305565;408.1106597362253;46.28034397205141;360.6570032849056;-0.08548909021366631
3990.0;0.0;0.0002638857955715416;0.0;0.2649760031489957;0.0;0.0;0.0;0.0;0.0;0.0002332137036151644;4.104805744891566;2.0596941721335377e-7;0.9050858639485738;-5.010135350127999;0.0;0.0;0.0;0.0;0.0;40.257345546305565;408.1106597362253;46.28034397205141;360.6570032849056;-0.08548909021366631
3991.0;0.0;0.0002638857955715416;0.0;0.2649760031489957;0.0;0.0;0.0;0.0;0.0;0.0002332137036151644;4.104805744891566;2.0596941721335377e-7;0.9050858639485738;-5.010135350127999;0.0;0.0;0.0;0.0;0.0;40.257345546305565;408.1106597362253;46.28034397205141;360.6570032849056;-0.08548909021366631
3992.0;0.0;0.0002638857955715416;0.0;0.2649760031489957;0.0;0.0;0.0;0.0;0.0;0.0002332137036151644;4.104805744891566;2.0596941721335377e-7;0.9050858639485738;-5.010135350127999;0.0;0.0;0.0;0.0;0.0;40.257345546305565;408.1106597362253;46.28034397205141;360.6570032849056;-0.08548909021366631
3993.0;0.0;0.0002638857955715416;0.0;0.2649760031489957;0.0;0.0;0.0;0.0;0.0;0.0002332137036151644;4.104805744891566;2.0596941721335377e-7;0.9050858639485738;-5.010135350127999;0.0;0.0;0.0;0.0;0.0;40.257345546305565;408.1106597362253;46.28034397205141;360.6570032849056;-0.08548909021366631
3994.0;0.0;0.0002638857955715416;0.0;0.2649760031489957;0.0;0.0;0.0;0.0;0.0;0.0002332137036151644;4.104805744891566;2.0596941721335377e-7;0.9050858639485738;-5.010135350127999;0.0;0.0;0.0;0.0;0.0;40.257345546305565;408.1106597362253;46.28034397205141;360.6570032849056;-0.08548909021366631
3995.0;0.0;0.0002638857955715416;0.0;0.2649760031489957;0.0;0.0;0.0;0.0;0.0;0.0002332137036151644;4.104805744891566;2.0596941721335377e-7;0.9050858639485738;-5.010135350127999;0.0;0.0;0.0;0.0;0.0;40.257345546305565;408.1106597362253;46.28034397205141;360.6570032849056;-0.08548909021366631
3996.0;0.0;0.0002638857955715416;0.0;0.2649760031489957;0.0;0.0;0.0;0.0;0.0;0.0002332137036151644;4.104805744891566;2.0596941721335377e-7;0.9050858639485738;-5.010135350127999;0.0;0.0;0.0;0.0;0.0;40.257345546305565;408.1106597362253;46.28034397205141;360.6570032849056;-0.08548909021366631
3997.0;0.0;0.0002638857955715416;0.0;0.2649760031489957;0.0;0.0;0.0;0.0;0.0;0.0002332137036151644;4.104805744891566;2.0596941721335377e-7;0.9050858639485738;-5.010135350127999;0.0;0.0;0.0;0.0;0.0;40.257345546305565;408.1106597362253;46.28034397205141;360.6570032849056;-0.08548909021366631
3998.0;0.0;0.0002638857955715416;0.0;0.2649760031489957;0.0;0.0;0.0;0.0;0.0;0.0002332137036151644;4.104805744891566;2.0596941721335377e-7;0.9050858639485738;-5.010135350127999;0.0;0.0;0.0;0.0;0.0;40.257345546305565;408.1106597362253;46.28034397205141;360.6570032849056;-0.08548909021366631
3999.0;0.0;0.0002638857955715416;0.0;0.2649760031489957;0.0;0.0;0.0;0.0;0.0;0.0002332137036151644;4.104805744891566;2.0596941721335377e-7;0.9050858639485738;-5.010135350127999;0.0;0.0;0.0;0.0;0.0;40.257345546305565;408.1106597362253;46.28034397205141;360.6570032849056;-0.08548909021366631
4000.0;0.0;0.0002638857955715416;0.0;0.2649760031489957;0.0;0.0;0.0;0.0;0.0;0.0002332137036151644;4.104805744891566;2.0596941721335377e-7;0.9050858639485738;-5.010135350127999;0.0;0.0;0.0;0.0;0.0;40.257345546305565;408.1106597362253;46.28034397205141;360.6570032849056;-0.08548909021366631
4001.0;0.0;0.0002638857955715416;0.0;0.2649760031489957;0.0;0.0;0.0;0.0;0.0;0.0002332137036151644;4.104805744891566;2.0596941721335377e-7;0.9050858639485738;-5.010135350127999;0.0;0.0;0.0;0.0;0.0;40.257345546305565;408.1106597362253;46.28034397205141;360.6570032849056;-0.08548909021366631
4002.0;0.0;0.0002638857955715416;0.0;0.2649760031489957;0.0;0.0;0.0;0.0;0.0;0.0002332137036151644;4.104805744891566;2.0596941721335377e-7;0.9050858639485738;-5.010135350127999;0.0;0.0;0.0;0.0;0.0;40.257345546305565;408.1106597362253;46.28034397205141;360.6570032849056;-0.08548909021366631
4003.0;0.0;0.0002638857955715416;0.0;0.2649760031489957;0.0;0.0;0.0;0.0;0.0;0.0002332137036151644;4.104805744891566;2.0596941721335377e-7;0.9050858639485738;-5.010135350127999;0.0;0.0;0.0;0.0;0.0;40.257345546305565;408.1106597362253;46.28034397205141;360.6570032849056;-0.08548909021366631
4004.0;0.0;0.0002638857955715416;0.0;0.2649760031489957;0.0;0.0;0.0;0.0;0.0;0.0002332137036151644;4.104805744891566;2.0596941721335377e-7;0.9050858639485738;-5.010135350127999;0.0;0.0;0.0;0.0;0.0;40.257345546305565;408.1106597362253;46.28034397205141;360.6570032849056;-0.08548909021366631
4005.0;0.0;0.0002638857955715416;0.0;0.2649760031489957;0.0;0.0;0.0;0.0;0.0;0.0002332137036151644;4.104805744891566;2.0596941721335377e-7;0.9050858639485738;-5.010135350127999;0.0;0.0;0.0;0.0;0.0;40.257345546305565;408.1106597362253;46.28034397205141;360.6570032849056;-0.08548909021366631
4006.0;0.0;0.0002638857955715416;0.0;0.2649760031489957;0.0;0.0;0.0;0.0;0.0;0.0002332137036151644;4.104805744891566;2.0596941721335377e-7;0.9050858639485738;-5.010135350127999;0.0;0.0;0.0;0.0;0.0;40.257345546305565;408.1106597362253;46.28034397205141;360.6570032849056;-0.08548909021366631
4007.0;0.0;0.0002638857955715416;0.0;0.2649760031489957;0.0;0.0;0.0;0.0;0.0;0.0002332137036151644;4.104805744891566;2.0596941721335377e-7;0.9050858639485738;-5.010135350127999;0.0;0.0;0.0;0.0;0.0;40.257345546305565;408.1106597362253;46.28034397205141;360.6570032849056;-0.08548909021366631
4008.0;0.0;0.0002638857955715416;0.0;0.2649760031489957;0.0;0.0;0.0;0.0;0.0;0.0002332137036151644;4.104805744891566;2.0596941721335377e-7;0.9050858639485738;-5.010135350127999;0.0;0.0;0.0;0.0;0.0;40.257345546305565;408.1106597362253;46.28034397205141;360.6570032849056;-0.08548909021366631
4009.0;0.0;-1.554824188581335e-5;0.0;0.2649760031489957;0.0;0.0;0.0;0.0;0.0;9.400055022509522e-5;2.446137799005187;0.0;2.8958775686380034;-5.342079673881774;0.0;0.0;0.0;0.0;0.0;40.257345546305565;408.1106597362253;46.28034397205141;360.6570032849056;-0.08548909021366631
4010.0;0.0;-1.554824188581335e-5;0.0;0.2649760031489957;0.0;0.0;0.0;0.0;0.0;9.400055022509522e-5;2.446137799005187;0.0;2.8958775686380034;-5.342079673881774;0.0;0.0;0.0;0.0;0.0;40.257345546305565;408.1106597362253;46.28034397205141;360.6570032849056;-0.08548909021366631
4011.0;0.0;-1.554824188581335e-5;0.0;0.2649760031489957;0.0;0.0;0.0;0.0;0.0;9.400055022509522e-5;2.446137799005187;0.0;2.8958775686380034;-5.342079673881774;0.0;0.0;0.0;0.0;0.0;40.257345546305565;408.1106597362253;46.28034397205141;360.6570032849056;-0.08548909021366631
4012.0;0.0;-1.554824188581335e-5;0.0;0.2649760031489957;0.0;0.0;0.0;0.0;0.0;9.400055022509522e-5;2.446137799005187;0.0;2.8958775686380034;-5.342079673881774;0.0;0.0;0.0;0.0;0.0;40.257345546305565;408.1106597362253;46.28034397205141;360.6570032849056;-0.08548909021366631
4013.0;0.0;-1.554824188581335e-5;0.0;0.2649760031489957;0.0;0.0;0.0;0.0;0.0;9.400055022509522e-5;2.446137799005187;0.0;2.8958775686380034;-5.342079673881774;0.0;0.0;0.0;0.0;0.0;40.257345546305565;408.1106597362253;46.28034397205141;360.6570032849056;-0.08548909021366631
4014.0;0.0;-1.554824188581335e-5;0.0;0.2649760031489957;0.0;0.0;0.0;0.0;0.0;9.400055022509522e-5;2.446137799005187;0.0;2.8958775686380034;-5.342079673881774;0.0;0.0;0.0;0.0;0.0;40.257345546305565;408.1106597362253;46.28034397205141;360.6570032849056;-0.08548909021366631
4015.0;0.0;-1.554824188581335e-5;0.0;0.2649760031489957;0.0;0.0;0.0;0.0;0.0;9.400055022509522e-5;2.446137799005187;0.0;2.8958775686380034;-5.342079673881774;0.0;0.0;0.0;0.0;0.0;40.257345546305565;408.1106597362253;46.28034397205141;360.6570032849056;-0.08548909021366631
4016.0;0.0;-1.554824188581335e-5;0.0;0.2649760031489957;0.0;0.0;0.0;0.0;0.0;9.400055022509522e-5;2.446137799005187;0.0;2.8958775686380034;-5.342079673881774;0.0;0.0;0.0;0.0;0.0;40.257345546305565;408.1106597362253;46.28034397205141;360.6570032849056;-0.08548909021366631
4017.0;0.0;-1.554824188581335e-5;0.0;0.2649760031489957;0.0;0.0;0.0;0.0;0.0;9.400055022509522e-5;2.446137799005187;0.0;2.8958775686380034;-5.342079673881774;0.0;0.0;0.0;0.0;0.0;40.257345546305565;408.1106597362253;46.28034397205141;360.6570032849056;-0.08548909021366631
4018.0;0.0;-1.554824188581335e-5;0.0;0.2649760031489957;0.0;0.0;0.0;0.0;0.0;9.400055022509522e-5;2.446137799005187;0.0;2.8958775686380034;-5.342079673881774;0.0;0.0;0.0;0.0;0.0;40.257345546305565;408.1106597362253;46.28034397205141;360.6570032849056;-0.08548909021366631
4019.0;0.0;-1.554824188581335e-5;0.0;0.2649760031489957;0.0;0.0;0.0;0.0;0.0;9.400055022509522e-5;2.446137799005187;0.0;2.8958775686380034;-5.342079673881774;0.0;0.0;0.0;0.0;0.0;40.257345546305565;408.1106597362253;46.28034397205141;360.6570032849056;-0.08548909021366631
4020.0;0.0;-1.554824188581335e-5;0.0;0.2649760031489957;0.0;0.0;0.0;0.0;0.0;9.400055022509522e-5;2.446137799005187;0.0;2.8958775686380034;-5.342079673881774;0.0;0.0;0.0;0.0;0.0;40.257345546305565;408.1106597362253;46.28034397205141;360.6570032849056;-0.08548909021366631
4021.0;0.0;-1.554824188581335e-5;0.0;0.2649760031489957;0.0;0.0;0.0;0.0;0.0;9.400055022509522e-5;2.446137799005187;0.0;2.8958775686380034;-5.342079673881774;0.0;0.0;0.0;0.0;0.0;40.257345546305565;408.1106597362253;46.28034397205141;360.6570032849056;-0.08548909021366631
4022.0;0.0;-1.554824188581335e-5;0.0;0.2649760031489957;0.0;0.0;0.0;0.0;0.0;9.400055022509522e-5;2.446137799005187;0.0;2.8958775686380034;-5.342079673881774;0.0;0.0;0.0;0.0;0.0;40.257345546305565;408.1106597362253;46.28034397205141;360.6570032849056;-0.08548909021366631
4023.0;0.0;-1.554824188581335e-5;0.0;0.2649760031489957;0.0;0.0;0.0;0.0;0.0;9.400055022509522e-5;2.446137799005187;0.0;2.8958775686380034;-5.342079673881774;0.0;0.0;0.0;0.0;0.0;40.257345546305565;408.1106597362253;46.28034397205141;360.6570032849056;-0.08548909021366631
4024.0;0.0;-1.554824188581335e-5;0.0;0.2649760031489957;0.0;0.0;0.0;0.0;0.0;9.400055022509522e-5;2.446137799005187;0.0;2.8958775686380034;-5.342079673881774;0.0;0.0;0.0;0.0;0.0;40.257345546305565;408.1106597362253;46.28034397205141;360.6570032849056;-0.08548909021366631
4025.0;0.0;-1.554824188581335e-5;0.0;0.2649760031489957;0.0;0.0;0.0;0.0;0.0;9.400055022509522e-5;2.446137799005187;0.0;2.8958775686380034;-5.342079673881774;0.0;0.0;0.0;0.0;0.0;40.257345546305565;408.1106597362253;46.28034397205141;360.6570032849056;-0.08548909021366631
4026.0;0.0;-1.554824188581335e-5;0.0;0.2649760031489957;0.0;0.0;0.0;0.0;0.0;9.400055022509522e-5;2.446137799005187;0.0;2.8958775686380034;-5.342079673881774;0.0;0.0;0.0;0.0;0.0;40.257345546305565;408.1106597362253;46.28034397205141;360.6570032849056;-0.08548909021366631
4027.0;0.0;-1.554824188581335e-5;0.0;0.2649760031489957;0.0;0.0;0.0;0.0;0.0;9.400055022509522e-5;2.446137799005187;0.0;2.8958775686380034;-5.342079673881774;0.0;0.0;0.0;0.0;0.0;40.257345546305565;408.1106597362253;46.28034397205141;360.6570032849056;-0.08548909021366631
4028.0;0.0;-1.554824188581335e-5;0.0;0.2649760031489957;0.0;0.0;0.0;0.0;0.0;9.400055022509522e-5;2.446137799005187;0.0;2.8958775686380034;-5.342079673881774;0.0;0.0;0.0;0.0;0.0;40.257345546305565;408.1106597362253;46.28034397205141;360.6570032849056;-0.08548909021366631
4029.0;0.0;-1.554824188581335e-5;0.0;0.2649760031489957;0.0;0.0;0.0;0.0;0.0;9.400055022509522e-5;2.446137799005187;0.0;2.8958775686380034;-5.342079673881774;0.0;0.0;0.0;0.0;0.0;40.257345546305565;408.1106597362253;46.28034397205141;360.6570032849056;-0.08548909021366631
4030.0;0.0;-1.554824188581335e-5;0.0;0.2649760031489957;0.0;0.0;0.0;0.0;0.0;9.400055022509522e-5;2.446137799005187;0.0;2.8958775686380034;-5.342079673881774;0.0;0.0;0.0;0.0;0.0;40.257345546305565;408.1106597362253;46.28034397205141;360.6570032849056;-0.08548909021366631
4031.0;0.0;-1.554824188581335e-5;0.0;0.2649760031489957;0.0;0.0;0.0;0.0;0.0;9.400055022509522e-5;2.446137799005187;0.0;2.8958775686380034;-5.342079673881774;0.0;0.0;0.0;0.0;0.0;40.257345546305565;408.1106597362253;46.28034397205141;360.6570032849056;-0.08548909021366631
4032.0;0.0;-1.554824188581335e-5;0.0;0.2649760031489957;0.0;0.0;0.0;0.0;0.0;9.400055022509522e-5;2.446137799005187;0.0;2.8958775686380034;-5.342079673881774;0.0;0.0;0.0;0.0;0.0;40.257345546305565;408.1106597362253;46.28034397205141;360.6570032849056;-0.08548909021366631
4033.0;0.0;6.641537008778265e-6;0.0;0.33309424821344347;0.0;0.0;0.0;0.0;0.0;0.0;1.3366872947853967;0.0;3.8740171042611333;-5.210677543780227;0.0;0.0;0.0;0.0;0.0;40.28169615609258;409.72290947487323;46.29263695775763;368.1404976457854;-0.48574868864332693
4034.0;0.0;6.641537008778265e-6;0.0;0.33309424821344347;0.0;0.0;0.0;0.0;0.0;0.0;1.3366872947853967;0.0;3.8740171042611333;-5.210677543780227;0.0;0.0;0.0;0.0;0.0;40.28169615609258;409.72290947487323;46.29263695775763;368.1404976457854;-0.48574868864332693
4035.0;0.0;6.641537008778265e-6;0.0;0.33309424821344347;0.0;0.0;0.0;0.0;0.0;0.0;1.3366872947853967;0.0;3.8740171042611333;-5.210677543780227;0.0;0.0;0.0;0.0;0.0;40.28169615609258;409.72290947487323;46.29263695775763;368.1404976457854;-0.48574868864332693
4036.0;0.0;6.641537008778265e-6;0.0;0.33309424821344347;0.0;0.0;0.0;0.0;0.0;0.0;1.3366872947853967;0.0;3.8740171042611333;-5.210677543780227;0.0;0.0;0.0;0.0;0.0;40.28169615609258;409.72290947487323;46.29263695775763;368.1404976457854;-0.48574868864332693
4037.0;0.0;6.641537008778265e-6;0.0;0.33309424821344347;0.0;0.0;0.0;0.0;0.0;0.0;1.3366872947853967;0.0;3.8740171042611333;-5.210677543780227;0.0;0.0;0.0;0.0;0.0;40.28169615609258;409.72290947487323;46.29263695775763;368.1404976457854;-0.48574868864332693
4038.0;0.0;6.641537008778265e-6;0.0;0.33309424821344347;0.0;0.0;0.0;0.0;0.0;0.0;1.3366872947853967;0.0;3.8740171042611333;-5.210677543780227;0.0;0.0;0.0;0.0;0.0;40.28169615609258;409.72290947487323;46.29263695775763;368.1404976457854;-0.48574868864332693
4039.0;0.0;6.641537008778265e-6;0.0;0.33309424821344347;0.0;0.0;0.0;0.0;0.0;0.0;1.3366872947853967;0.0;3.8740171042611333;-5.210677543780227;0.0;0.0;0.0;0.0;0.0;40.28169615609258;409.72290947487323;46.29263695775763;368.1404976457854;-0.48574868864332693
4040.0;0.0;6.641537008778265e-6;0.0;0.33309424821344347;0.0;0.0;0.0;0.0;0.0;0.0;1.3366872947853967;0.0;3.8740171042611333;-5.210677543780227;0.0;0.0;0.0;0.0;0.0;40.28169615609258;409.72290947487323;46.29263695775763;368.1404976457854;-0.48574868864332693
4041.0;0.0;6.641537008778265e-6;0.0;0.33309424821344347;0.0;0.0;0.0;0.0;0.0;0.0;1.3366872947853967;0.0;3.8740171042611333;-5.210677543780227;0.0;0.0;0.0;0.0;0.0;40.28169615609258;409.72290947487323;46.29263695775763;368.1404976457854;-0.48574868864332693
4042.0;0.0;6.641537008778265e-6;0.0;0.33309424821344347;0.0;0.0;0.0;0.0;0.0;0.0;1.3366872947853967;0.0;3.8740171042611333;-5.210677543780227;0.0;0.0;0.0;0.0;0.0;40.28169615609258;409.72290947487323;46.29263695775763;368.1404976457854;-0.48574868864332693
4043.0;0.0;6.641537008778265e-6;0.0;0.33309424821344347;0.0;0.0;0.0;0.0;0.0;0.0;1.3366872947853967;0.0;3.8740171042611333;-5.210677543780227;0.0;0.0;0.0;0.0;0.0;40.28169615609258;409.72290947487323;46.29263695775763;368.1404976457854;-0.48574868864332693
4044.0;0.0;6.641537008778265e-6;0.0;0.33309424821344347;0.0;0.0;0.0;0.0;0.0;0.0;1.3366872947853967;0.0;3.8740171042611333;-5.210677543780227;0.0;0.0;0.0;0.0;0.0;40.28169615609258;409.72290947487323;46.29263695775763;368.1404976457854;-0.48574868864332693
4045.0;0.0;6.641537008778265e-6;0.0;0.33309424821344347;0.0;0.0;0.0;0.0;0.0;0.0;1.3366872947853967;0.0;3.8740171042611333;-5.210677543780227;0.0;0.0;0.0;0.0;0.0;40.28169615609258;409.72290947487323;46.29263695775763;368.1404976457854;-0.48574868864332693
4046.0;0.0;6.641537008778265e-6;0.0;0.33309424821344347;0.0;0.0;0.0;0.0;0.0;0.0;1.3366872947853967;0.0;3.8740171042611333;-5.210677543780227;0.0;0.0;0.0;0.0;0.0;40.28169615609258;409.72290947487323;46.29263695775763;368.1404976457854;-0.48574868864332693
4047.0;0.0;6.641537008778265e-6;0.0;0.33309424821344347;0.0;0.0;0.0;0.0;0.0;0.0;1.3366872947853967;0.0;3.8740171042611333;-5.210677543780227;0.0;0.0;0.0;0.0;0.0;40.28169615609258;409.72290947487323;46.29263695775763;368.1404976457854;-0.48574868864332693
4048.0;0.0;6.641537008778265e-6;0.0;0.33309424821344347;0.0;0.0;0.0;0.0;0.0;0.0;1.3366872947853967;0.0;3.8740171042611333;-5.210677543780227;0.0;0.0;0.0;0.0;0.0;40.28169615609258;409.72290947487323;46.29263695775763;368.1404976457854;-0.48574868864332693
4049.0;0.0;6.641537008778265e-6;0.0;0.33309424821344347;0.0;0.0;0.0;0.0;0.0;0.0;1.3366872947853967;0.0;3.8740171042611333;-5.210677543780227;0.0;0.0;0.0;0.0;0.0;40.28169615609258;409.72290947487323;46.29263695775763;368.1404976457854;-0.48574868864332693
4050.0;0.0;6.641537008778265e-6;0.0;0.33309424821344347;0.0;0.0;0.0;0.0;0.0;0.0;1.3366872947853967;0.0;3.8740171042611333;-5.210677543780227;0.0;0.0;0.0;0.0;0.0;40.28169615609258;409.72290947487323;46.29263695775763;368.1404976457854;-0.48574868864332693
4051.0;0.0;6.641537008778265e-6;0.0;0.33309424821344347;0.0;0.0;0.0;0.0;0.0;0.0;1.3366872947853967;0.0;3.8740171042611333;-5.210677543780227;0.0;0.0;0.0;0.0;0.0;40.28169615609258;409.72290947487323;46.29263695775763;368.1404976457854;-0.48574868864332693
4052.0;0.0;6.641537008778265e-6;0.0;0.33309424821344347;0.0;0.0;0.0;0.0;0.0;0.0;1.3366872947853967;0.0;3.8740171042611333;-5.210677543780227;0.0;0.0;0.0;0.0;0.0;40.28169615609258;409.72290947487323;46.29263695775763;368.1404976457854;-0.48574868864332693
4053.0;0.0;6.641537008778265e-6;0.0;0.33309424821344347;0.0;0.0;0.0;0.0;0.0;0.0;1.3366872947853967;0.0;3.8740171042611333;-5.210677543780227;0.0;0.0;0.0;0.0;0.0;40.28169615609258;409.72290947487323;46.29263695775763;368.1404976457854;-0.48574868864332693
4054.0;0.0;6.641537008778265e-6;0.0;0.33309424821344347;0.0;0.0;0.0;0.0;0.0;0.0;1.3366872947853967;0.0;3.8740171042611333;-5.210677543780227;0.0;0.0;0.0;0.0;0.0;40.28169615609258;409.72290947487323;46.29263695775763;368.1404976457854;-0.48574868864332693
4055.0;0.0;6.641537008778265e-6;0.0;0.33309424821344347;0.0;0.0;0.0;0.0;0.0;0.0;1.3366872947853967;0.0;3.8740171042611333;-5.210677543780227;0.0;0.0;0.0;0.0;0.0;40.28169615609258;409.72290947487323;46.29263695775763;368.1404976457854;-0.48574868864332693
4056.0;0.0;6.641537008778265e-6;0.0;0.33309424821344347;0.0;0.0;0.0;0.0;0.0;0.0;1.3366872947853967;0.0;3.8740171042611333;-5.210677543780227;0.0;0.0;0.0;0.0;0.0;40.28169615609258;409.72290947487323;46.29263695775763;368.1404976457854;-0.48574868864332693
4057.0;0.0;0.01940745557645678;0.0;0.33309424821344347;0.0;0.0;0.0;0.0;0.0;0.003315862228161917;1.1821279278189436;2.535909718485707e-8;3.095978372076259;-4.282724517303544;0.0;0.0;0.0;0.0;0.0;40.28169615609258;409.72290947487323;46.29263695775763;368.1404976457854;-0.48574868864332693
4058.0;0.0;0.01940745557645678;0.0;0.33309424821344347;0.0;0.0;0.0;0.0;0.0;0.003315862228161917;1.1821279278189436;2.535909718485707e-8;3.095978372076259;-4.282724517303544;0.0;0.0;0.0;0.0;0.0;40.28169615609258;409.72290947487323;46.29263695775763;368.1404976457854;-0.48574868864332693
4059.0;0.0;0.01940745557645678;0.0;0.33309424821344347;0.0;0.0;0.0;0.0;0.0;0.003315862228161917;1.1821279278189436;2.535909718485707e-8;3.095978372076259;-4.282724517303544;0.0;0.0;0.0;0.0;0.0;40.28169615609258;409.72290947487323;46.29263695775763;368.1404976457854;-0.48574868864332693
4060.0;0.0;0.01940745557645678;0.0;0.33309424821344347;0.0;0.0;0.0;0.0;0.0;0.003315862228161917;1.1821279278189436;2.535909718485707e-8;3.095978372076259;-4.282724517303544;0.0;0.0;0.0;0.0;0.0;40.28169615609258;409.72290947487323;46.29263695775763;368.1404976457854;-0.48574868864332693
4061.0;0.0;0.01940745557645678;0.0;0.33309424821344347;0.0;0.0;0.0;0.0;0.0;0.003315862228161917;1.1821279278189436;2.535909718485707e-8;3.095978372076259;-4.282724517303544;0.0;0.0;0.0;0.0;0.0;40.28169615609258;409.72290947487323;46.29263695775763;368.1404976457854;-0.48574868864332693
4062.0;0.0;0.01940745557645678;0.0;0.33309424821344347;0.0;0.0;0.0;0.0;0.0;0.003315862228161917;1.1821279278189436;2.535909718485707e-8;3.095978372076259;-4.282724517303544;0.0;0.0;0.0;0.0;0.0;40.28169615609258;409.72290947487323;46.29263695775763;368.1404976457854;-0.48574868864332693
4063.0;0.0;0.01940745557645678;0.0;0.33309424821344347;0.0;0.0;0.0;0.0;0.0;0.003315862228161917;1.1821279278189436;2.535909718485707e-8;3.095978372076259;-4.282724517303544;0.0;0.0;0.0;0.0;0.0;40.28169615609258;409.72290947487323;46.29263695775763;368.1404976457854;-0.48574868864332693
4064.0;0.0;0.01940745557645678;0.0;0.33309424821344347;0.0;0.0;0.0;0.0;0.0;0.003315862228161917;1.1821279278189436;2.535909718485707e-8;3.095978372076259;-4.282724517303544;0.0;0.0;0.0;0.0;0.0;40.28169615609258;409.72290947487323;46.29263695775763;368.1404976457854;-0.48574868864332693
4065.0;0.0;0.01940745557645678;0.0;0.33309424821344347;0.0;0.0;0.0;0.0;0.0;0.003315862228161917;1.1821279278189436;2.535909718485707e-8;3.095978372076259;-4.282724517303544;0.0;0.0;0.0;0.0;0.0;40.28169615609258;409.72290947487323;46.29263695775763;368.1404976457854;-0.48574868864332693
4066.0;0.0;0.01940745557645678;0.0;0.33309424821344347;0.0;0.0;0.0;0.0;0.0;0.003315862228161917;1.1821279278189436;2.535909718485707e-8;3.095978372076259;-4.282724517303544;0.0;0.0;0.0;0.0;0.0;40.28169615609258;409.72290947487323;46.29263695775763;368.1404976457854;-0.48574868864332693
4067.0;0.0;0.01940745557645678;0.0;0.33309424821344347;0.0;0.0;0.0;0.0;0.0;0.003315862228161917;1.1821279278189436;2.535909718485707e-8;3.095978372076259;-4.282724517303544;0.0;0.0;0.0;0.0;0.0;40.28169615609258;409.72290947487323;46.29263695775763;368.1404976457854;-0.48574868864332693
4068.0;0.0;0.01940745557645678;0.0;0.33309424821344347;0.0;0.0;0.0;0.0;0.0;0.003315862228161917;1.1821279278189436;2.535909718485707e-8;3.095978372076259;-4.282724517303544;0.0;0.0;0.0;0.0;0.0;40.28169615609258;409.72290947487323;46.29263695775763;368.1404976457854;-0.48574868864332693
4069.0;0.0;0.01940745557645678;0.0;0.33309424821344347;0.0;0.0;0.0;0.0;0.0;0.003315862228161917;1.1821279278189436;2.535909718485707e-8;3.095978372076259;-4.282724517303544;0.0;0.0;0.0;0.0;0.0;40.28169615609258;409.72290947487323;46.29263695775763;368.1404976457854;-0.48574868864332693
4070.0;0.0;0.01940745557645678;0.0;0.33309424821344347;0.0;0.0;0.0;0.0;0.0;0.003315862228161917;1.1821279278189436;2.535909718485707e-8;3.095978372076259;-4.282724517303544;0.0;0.0;0.0;0.0;0.0;40.28169615609258;409.72290947487323;46.29263695775763;368.1404976457854;-0.48574868864332693
4071.0;0.0;0.01940745557645678;0.0;0.33309424821344347;0.0;0.0;0.0;0.0;0.0;0.003315862228161917;1.1821279278189436;2.535909718485707e-8;3.095978372076259;-4.282724517303544;0.0;0.0;0.0;0.0;0.0;40.28169615609258;409.72290947487323;46.29263695775763;368.1404976457854;-0.48574868864332693
4072.0;0.0;0.01940745557645678;0.0;0.33309424821344347;0.0;0.0;0.0;0.0;0.0;0.003315862228161917;1.1821279278189436;2.535909718485707e-8;3.095978372076259;-4.282724517303544;0.0;0.0;0.0;0.0;0.0;40.28169615609258;409.72290947487323;46.29263695775763;368.1404976457854;-0.48574868864332693
4073.0;0.0;0.01940745557645678;0.0;0.33309424821344347;0.0;0.0;0.0;0.0;0.0;0.003315862228161917;1.1821279278189436;2.535909718485707e-8;3.095978372076259;-4.282724517303544;0.0;0.0;0.0;0.0;0.0;40.28169615609258;409.72290947487323;46.29263695775763;368.1404976457854;-0.48574868864332693
4074.0;0.0;0.01940745557645678;0.0;0.33309424821344347;0.0;0.0;0.0;0.0;0.0;0.003315862228161917;1.1821279278189436;2.535909718485707e-8;3.095978372076259;-4.282724517303544;0.0;0.0;0.0;0.0;0.0;40.28169615609258;409.72290947487323;46.29263695775763;368.1404976457854;-0.48574868864332693
4075.0;0.0;0.01940745557645678;0.0;0.33309424821344347;0.0;0.0;0.0;0.0;0.0;0.003315862228161917;1.1821279278189436;2.535909718485707e-8;3.095978372076259;-4.282724517303544;0.0;0.0;0.0;0.0;0.0;40.28169615609258;409.72290947487323;46.29263695775763;368.1404976457854;-0.48574868864332693
4076.0;0.0;0.01940745557645678;0.0;0.33309424821344347;0.0;0.0;0.0;0.0;0.0;0.003315862228161917;1.1821279278189436;2.535909718485707e-8;3.095978372076259;-4.282724517303544;0.0;0.0;0.0;0.0;0.0;40.28169615609258;409.72290947487323;46.29263695775763;368.1404976457854;-0.48574868864332693
4077.0;0.0;0.01940745557645678;0.0;0.33309424821344347;0.0;0.0;0.0;0.0;0.0;0.003315862228161917;1.1821279278189436;2.535909718485707e-8;3.095978372076259;-4.282724517303544;0.0;0.0;0.0;0.0;0.0;40.28169615609258;409.72290947487323;46.29263695775763;368.1404976457854;-0.48574868864332693
4078.0;0.0;0.01940745557645678;0.0;0.33309424821344347;0.0;0.0;0.0;0.0;0.0;0.003315862228161917;1.1821279278189436;2.535909718485707e-8;3.095978372076259;-4.282724517303544;0.0;0.0;0.0;0.0;0.0;40.28169615609258;409.72290947487323;46.29263695775763;368.1404976457854;-0.48574868864332693
4079.0;0.0;0.01940745557645678;0.0;0.33309424821344347;0.0;0.0;0.0;0.0;0.0;0.003315862228161917;1.1821279278189436;2.535909718485707e-8;3.095978372076259;-4.282724517303544;0.0;0.0;0.0;0.0;0.0;40.28169615609258;409.72290947487323;46.29263695775763;368.1404976457854;-0.48574868864332693
4080.0;0.0;0.01940745557645678;0.0;0.33309424821344347;0.0;0.0;0.0;0.0;0.0;0.003315862228161917;1.1821279278189436;2.535909718485707e-8;3.095978372076259;-4.282724517303544;0.0;0.0;0.0;0.0;0.0;40.28169615609258;409.72290947487323;46.29263695775763;368.1404976457854;-0.48574868864332693
4081.0;0.0;0.0011720578620500273;0.0;0.33309424821344347;0.0;0.0;0.0;0.0;0.0;4.617468653744447e-9;3.4852247756425294;1.4297035921625799e-8;0.5607776149391313;-4.046263554903094;0.0;0.0;0.0;0.0;0.0;40.28169615609258;409.72290947487323;46.29263695775763;368.1404976457854;-0.48574868864332693
4082.0;0.0;0.0011720578620500273;0.0;0.33309424821344347;0.0;0.0;0.0;0.0;0.0;4.617468653744447e-9;3.4852247756425294;1.4297035921625799e-8;0.5607776149391313;-4.046263554903094;0.0;0.0;0.0;0.0;0.0;40.28169615609258;409.72290947487323;46.29263695775763;368.1404976457854;-0.48574868864332693
4083.0;0.0;0.0011720578620500273;0.0;0.33309424821344347;0.0;0.0;0.0;0.0;0.0;4.617468653744447e-9;3.4852247756425294;1.4297035921625799e-8;0.5607776149391313;-4.046263554903094;0.0;0.0;0.0;0.0;0.0;40.28169615609258;409.72290947487323;46.29263695775763;368.1404976457854;-0.48574868864332693
4084.0;0.0;0.0011720578620500273;0.0;0.33309424821344347;0.0;0.0;0.0;0.0;0.0;4.617468653744447e-9;3.4852247756425294;1.4297035921625799e-8;0.5607776149391313;-4.046263554903094;0.0;0.0;0.0;0.0;0.0;40.28169615609258;409.72290947487323;46.29263695775763;368.1404976457854;-0.48574868864332693
4085.0;0.0;0.0011720578620500273;0.0;0.33309424821344347;0.0;0.0;0.0;0.0;0.0;4.617468653744447e-9;3.4852247756425294;1.4297035921625799e-8;0.5607776149391313;-4.046263554903094;0.0;0.0;0.0;0.0;0.0;40.28169615609258;409.72290947487323;46.29263695775763;368.1404976457854;-0.48574868864332693
4086.0;0.0;0.0011720578620500273;0.0;0.33309424821344347;0.0;0.0;0.0;0.0;0.0;4.617468653744447e-9;3.4852247756425294;1.4297035921625799e-8;0.5607776149391313;-4.046263554903094;0.0;0.0;0.0;0.0;0.0;40.28169615609258;409.72290947487323;46.29263695775763;368.1404976457854;-0.48574868864332693
4087.0;0.0;0.0011720578620500273;0.0;0.33309424821344347;0.0;0.0;0.0;0.0;0.0;4.617468653744447e-9;3.4852247756425294;1.4297035921625799e-8;0.5607776149391313;-4.046263554903094;0.0;0.0;0.0;0.0;0.0;40.28169615609258;409.72290947487323;46.29263695775763;368.1404976457854;-0.48574868864332693
4088.0;0.0;0.0011720578620500273;0.0;0.33309424821344347;0.0;0.0;0.0;0.0;0.0;4.617468653744447e-9;3.4852247756425294;1.4297035921625799e-8;0.5607776149391313;-4.046263554903094;0.0;0.0;0.0;0.0;0.0;40.28169615609258;409.72290947487323;46.29263695775763;368.1404976457854;-0.48574868864332693
4089.0;0.0;0.0011720578620500273;0.0;0.33309424821344347;0.0;0.0;0.0;0.0;0.0;4.617468653744447e-9;3.4852247756425294;1.4297035921625799e-8;0.5607776149391313;-4.046263554903094;0.0;0.0;0.0;0.0;0.0;40.28169615609258;409.72290947487323;46.29263695775763;368.1404976457854;-0.48574868864332693
4090.0;0.0;0.0011720578620500273;0.0;0.33309424821344347;0.0;0.0;0.0;0.0;0.0;4.617468653744447e-9;3.4852247756425294;1.4297035921625799e-8;0.5607776149391313;-4.046263554903094;0.0;0.0;0.0;0.0;0.0;40.28169615609258;409.72290947487323;46.29263695775763;368.1404976457854;-0.48574868864332693
4091.0;0.0;0.0011720578620500273;0.0;0.33309424821344347;0.0;0.0;0.0;0.0;0.0;4.617468653744447e-9;3.4852247756425294;1.4297035921625799e-8;0.5607776149391313;-4.046263554903094;0.0;0.0;0.0;0.0;0.0;40.28169615609258;409.72290947487323;46.29263695775763;368.1404976457854;-0.48574868864332693
4092.0;0.0;0.0011720578620500273;0.0;0.33309424821344347;0.0;0.0;0.0;0.0;0.0;4.617468653744447e-9;3.4852247756425294;1.4297035921625799e-8;0.5607776149391313;-4.046263554903094;0.0;0.0;0.0;0.0;0.0;40.28169615609258;409.72290947487323;46.29263695775763;368.1404976457854;-0.48574868864332693
4093.0;0.0;0.0011720578620500273;0.0;0.33309424821344347;0.0;0.0;0.0;0.0;0.0;4.617468653744447e-9;3.4852247756425294;1.4297035921625799e-8;0.5607776149391313;-4.046263554903094;0.0;0.0;0.0;0.0;0.0;40.28169615609258;409.72290947487323;46.29263695775763;368.1404976457854;-0.48574868864332693
4094.0;0.0;0.0011720578620500273;0.0;0.33309424821344347;0.0;0.0;0.0;0.0;0.0;4.617468653744447e-9;3.4852247756425294;1.4297035921625799e-8;0.5607776149391313;-4.046263554903094;0.0;0.0;0.0;0.0;0.0;40.28169615609258;409.72290947487323;46.29263695775763;368.1404976457854;-0.48574868864332693
4095.0;0.0;0.0011720578620500273;0.0;0.33309424821344347;0.0;0.0;0.0;0.0;0.0;4.617468653744447e-9;3.4852247756425294;1.4297035921625799e-8;0.5607776149391313;-4.046263554903094;0.0;0.0;0.0;0.0;0.0;40.28169615609258;409.72290947487323;46.29263695775763;368.1404976457854;-0.48574868864332693
4096.0;0.0;0.0011720578620500273;0.0;0.33309424821344347;0.0;0.0;0.0;0.0;0.0;4.617468653744447e-9;3.4852247756425294;1.4297035921625799e-8;0.5607776149391313;-4.046263554903094;0.0;0.0;0.0;0.0;0.0;40.28169615609258;409.72290947487323;46.29263695775763;368.1404976457854;-0.48574868864332693
4097.0;0.0;0.0011720578620500273;0.0;0.33309424821344347;0.0;0.0;0.0;0.0;0.0;4.617468653744447e-9;3.4852247756425294;1.4297035921625799e-8;0.5607776149391313;-4.046263554903094;0.0;0.0;0.0;0.0;0.0;40.28169615609258;409.72290947487323;46.29263695775763;368.1404976457854;-0.48574868864332693
4098.0;0.0;0.0011720578620500273;0.0;0.33309424821344347;0.0;0.0;0.0;0.0;0.0;4.617468653744447e-9;3.4852247756425294;1.4297035921625799e-8;0.5607776149391313;-4.046263554903094;0.0;0.0;0.0;0.0;0.0;40.28169615609258;409.72290947487323;46.29263695775763;368.1404976457854;-0.48574868864332693
4099.0;0.0;0.0011720578620500273;0.0;0.33309424821344347;0.0;0.0;0.0;0.0;0.0;4.617468653744447e-9;3.4852247756425294;1.4297035921625799e-8;0.5607776149391313;-4.046263554903094;0.0;0.0;0.0;0.0;0.0;40.28169615609258;409.72290947487323;46.29263695775763;368.1404976457854;-0.48574868864332693
4100.0;0.0;0.0011720578620500273;0.0;0.33309424821344347;0.0;0.0;0.0;0.0;0.0;4.617468653744447e-9;3.4852247756425294;1.4297035921625799e-8;0.5607776149391313;-4.046263554903094;0.0;0.0;0.0;0.0;0.0;40.28169615609258;409.72290947487323;46.29263695775763;368.1404976457854;-0.48574868864332693
4101.0;0.0;0.0011720578620500273;0.0;0.33309424821344347;0.0;0.0;0.0;0.0;0.0;4.617468653744447e-9;3.4852247756425294;1.4297035921625799e-8;0.5607776149391313;-4.046263554903094;0.0;0.0;0.0;0.0;0.0;40.28169615609258;409.72290947487323;46.29263695775763;368.1404976457854;-0.48574868864332693
4102.0;0.0;0.0011720578620500273;0.0;0.33309424821344347;0.0;0.0;0.0;0.0;0.0;4.617468653744447e-9;3.4852247756425294;1.4297035921625799e-8;0.5607776149391313;-4.046263554903094;0.0;0.0;0.0;0.0;0.0;40.28169615609258;409.72290947487323;46.29263695775763;368.1404976457854;-0.48574868864332693
4103.0;0.0;0.0011720578620500273;0.0;0.33309424821344347;0.0;0.0;0.0;0.0;0.0;4.617468653744447e-9;3.4852247756425294;1.4297035921625799e-8;0.5607776149391313;-4.046263554903094;0.0;0.0;0.0;0.0;0.0;40.28169615609258;409.72290947487323;46.29263695775763;368.1404976457854;-0.48574868864332693
4104.0;0.0;0.0011720578620500273;0.0;0.33309424821344347;0.0;0.0;0.0;0.0;0.0;4.617468653744447e-9;3.4852247756425294;1.4297035921625799e-8;0.5607776149391313;-4.046263554903094;0.0;0.0;0.0;0.0;0.0;40.28169615609258;409.72290947487323;46.29263695775763;368.1404976457854;-0.48574868864332693
4105.0;0.0;0.00387705937721532;0.0;0.33309424821344347;0.0;0.0;0.0;0.0;0.0;3.484607568250487e-9;4.2552897289280835;9.798142575257428e-9;0.7333584506763831;-4.988909981909653;0.0;0.0;0.0;0.0;0.0;40.28169615609258;409.72290947487323;46.29263695775763;368.1404976457854;-0.48574868864332693
4106.0;0.0;0.00387705937721532;0.0;0.33309424821344347;0.0;0.0;0.0;0.0;0.0;3.484607568250487e-9;4.2552897289280835;9.798142575257428e-9;0.7333584506763831;-4.988909981909653;0.0;0.0;0.0;0.0;0.0;40.28169615609258;409.72290947487323;46.29263695775763;368.1404976457854;-0.48574868864332693
4107.0;0.0;0.00387705937721532;0.0;0.33309424821344347;0.0;0.0;0.0;0.0;0.0;3.484607568250487e-9;4.2552897289280835;9.798142575257428e-9;0.7333584506763831;-4.988909981909653;0.0;0.0;0.0;0.0;0.0;40.28169615609258;409.72290947487323;46.29263695775763;368.1404976457854;-0.48574868864332693
4108.0;0.0;0.00387705937721532;0.0;0.33309424821344347;0.0;0.0;0.0;0.0;0.0;3.484607568250487e-9;4.2552897289280835;9.798142575257428e-9;0.7333584506763831;-4.988909981909653;0.0;0.0;0.0;0.0;0.0;40.28169615609258;409.72290947487323;46.29263695775763;368.1404976457854;-0.48574868864332693
4109.0;0.0;0.00387705937721532;0.0;0.33309424821344347;0.0;0.0;0.0;0.0;0.0;3.484607568250487e-9;4.2552897289280835;9.798142575257428e-9;0.7333584506763831;-4.988909981909653;0.0;0.0;0.0;0.0;0.0;40.28169615609258;409.72290947487323;46.29263695775763;368.1404976457854;-0.48574868864332693
4110.0;0.0;0.00387705937721532;0.0;0.33309424821344347;0.0;0.0;0.0;0.0;0.0;3.484607568250487e-9;4.2552897289280835;9.798142575257428e-9;0.7333584506763831;-4.988909981909653;0.0;0.0;0.0;0.0;0.0;40.28169615609258;409.72290947487323;46.29263695775763;368.1404976457854;-0.48574868864332693
4111.0;0.0;0.00387705937721532;0.0;0.33309424821344347;0.0;0.0;0.0;0.0;0.0;3.484607568250487e-9;4.2552897289280835;9.798142575257428e-9;0.7333584506763831;-4.988909981909653;0.0;0.0;0.0;0.0;0.0;40.28169615609258;409.72290947487323;46.29263695775763;368.1404976457854;-0.48574868864332693
4112.0;0.0;0.00387705937721532;0.0;0.33309424821344347;0.0;0.0;0.0;0.0;0.0;3.484607568250487e-9;4.2552897289280835;9.798142575257428e-9;0.7333584506763831;-4.988909981909653;0.0;0.0;0.0;0.0;0.0;40.28169615609258;409.72290947487323;46.29263695775763;368.1404976457854;-0.48574868864332693
4113.0;0.0;0.00387705937721532;0.0;0.33309424821344347;0.0;0.0;0.0;0.0;0.0;3.484607568250487e-9;4.2552897289280835;9.798142575257428e-9;0.7333584506763831;-4.988909981909653;0.0;0.0;0.0;0.0;0.0;40.28169615609258;409.72290947487323;46.29263695775763;368.1404976457854;-0.48574868864332693
4114.0;0.0;0.00387705937721532;0.0;0.33309424821344347;0.0;0.0;0.0;0.0;0.0;3.484607568250487e-9;4.2552897289280835;9.798142575257428e-9;0.7333584506763831;-4.988909981909653;0.0;0.0;0.0;0.0;0.0;40.28169615609258;409.72290947487323;46.29263695775763;368.1404976457854;-0.48574868864332693
4115.0;0.0;0.00387705937721532;0.0;0.33309424821344347;0.0;0.0;0.0;0.0;0.0;3.484607568250487e-9;4.2552897289280835;9.798142575257428e-9;0.7333584506763831;-4.988909981909653;0.0;0.0;0.0;0.0;0.0;40.28169615609258;409.72290947487323;46.29263695775763;368.1404976457854;-0.48574868864332693
4116.0;0.0;0.00387705937721532;0.0;0.33309424821344347;0.0;0.0;0.0;0.0;0.0;3.484607568250487e-9;4.2552897289280835;9.798142575257428e-9;0.7333584506763831;-4.988909981909653;0.0;0.0;0.0;0.0;0.0;40.28169615609258;409.72290947487323;46.29263695775763;368.1404976457854;-0.48574868864332693
4117.0;0.0;0.00387705937721532;0.0;0.33309424821344347;0.0;0.0;0.0;0.0;0.0;3.484607568250487e-9;4.2552897289280835;9.798142575257428e-9;0.7333584506763831;-4.988909981909653;0.0;0.0;0.0;0.0;0.0;40.28169615609258;409.72290947487323;46.29263695775763;368.1404976457854;-0.48574868864332693
4118.0;0.0;0.00387705937721532;0.0;0.33309424821344347;0.0;0.0;0.0;0.0;0.0;3.484607568250487e-9;4.2552897289280835;9.798142575257428e-9;0.7333584506763831;-4.988909981909653;0.0;0.0;0.0;0.0;0.0;40.28169615609258;409.72290947487323;46.29263695775763;368.1404976457854;-0.48574868864332693
4119.0;0.0;0.00387705937721532;0.0;0.33309424821344347;0.0;0.0;0.0;0.0;0.0;3.484607568250487e-9;4.2552897289280835;9.798142575257428e-9;0.7333584506763831;-4.988909981909653;0.0;0.0;0.0;0.0;0.0;40.28169615609258;409.72290947487323;46.29263695775763;368.1404976457854;-0.48574868864332693
4120.0;0.0;0.00387705937721532;0.0;0.33309424821344347;0.0;0.0;0.0;0.0;0.0;3.484607568250487e-9;4.2552897289280835;9.798142575257428e-9;0.7333584506763831;-4.988909981909653;0.0;0.0;0.0;0.0;0.0;40.28169615609258;409.72290947487323;46.29263695775763;368.1404976457854;-0.48574868864332693
4121.0;0.0;0.00387705937721532;0.0;0.33309424821344347;0.0;0.0;0.0;0.0;0.0;3.484607568250487e-9;4.2552897289280835;9.798142575257428e-9;0.7333584506763831;-4.988909981909653;0.0;0.0;0.0;0.0;0.0;40.28169615609258;409.72290947487323;46.29263695775763;368.1404976457854;-0.48574868864332693
4122.0;0.0;0.00387705937721532;0.0;0.33309424821344347;0.0;0.0;0.0;0.0;0.0;3.484607568250487e-9;4.2552897289280835;9.798142575257428e-9;0.7333584506763831;-4.988909981909653;0.0;0.0;0.0;0.0;0.0;40.28169615609258;409.72290947487323;46.29263695775763;368.1404976457854;-0.48574868864332693
4123.0;0.0;0.00387705937721532;0.0;0.33309424821344347;0.0;0.0;0.0;0.0;0.0;3.484607568250487e-9;4.2552897289280835;9.798142575257428e-9;0.7333584506763831;-4.988909981909653;0.0;0.0;0.0;0.0;0.0;40.28169615609258;409.72290947487323;46.29263695775763;368.1404976457854;-0.48574868864332693
4124.0;0.0;0.00387705937721532;0.0;0.33309424821344347;0.0;0.0;0.0;0.0;0.0;3.484607568250487e-9;4.2552897289280835;9.798142575257428e-9;0.7333584506763831;-4.988909981909653;0.0;0.0;0.0;0.0;0.0;40.28169615609258;409.72290947487323;46.29263695775763;368.1404976457854;-0.48574868864332693
4125.0;0.0;0.00387705937721532;0.0;0.33309424821344347;0.0;0.0;0.0;0.0;0.0;3.484607568250487e-9;4.2552897289280835;9.798142575257428e-9;0.7333584506763831;-4.988909981909653;0.0;0.0;0.0;0.0;0.0;40.28169615609258;409.72290947487323;46.29263695775763;368.1404976457854;-0.48574868864332693
4126.0;0.0;0.00387705937721532;0.0;0.33309424821344347;0.0;0.0;0.0;0.0;0.0;3.484607568250487e-9;4.2552897289280835;9.798142575257428e-9;0.7333584506763831;-4.988909981909653;0.0;0.0;0.0;0.0;0.0;40.28169615609258;409.72290947487323;46.29263695775763;368.1404976457854;-0.48574868864332693
4127.0;0.0;0.00387705937721532;0.0;0.33309424821344347;0.0;0.0;0.0;0.0;0.0;3.484607568250487e-9;4.2552897289280835;9.798142575257428e-9;0.7333584506763831;-4.988909981909653;0.0;0.0;0.0;0.0;0.0;40.28169615609258;409.72290947487323;46.29263695775763;368.1404976457854;-0.48574868864332693
4128.0;0.0;0.00387705937721532;0.0;0.33309424821344347;0.0;0.0;0.0;0.0;0.0;3.484607568250487e-9;4.2552897289280835;9.798142575257428e-9;0.7333584506763831;-4.988909981909653;0.0;0.0;0.0;0.0;0.0;40.28169615609258;409.72290947487323;46.29263695775763;368.1404976457854;-0.48574868864332693
4129.0;0.0;0.0011707959650625974;0.0;0.33309424821344347;0.0;0.0;0.0;0.0;0.0;2.7091094982475432e-9;4.252663826191203;8.294710616277313e-9;0.9452057697490038;-5.198179637686416;0.0;0.0;0.0;0.0;0.0;40.28169615609258;409.72290947487323;46.29263695775763;368.1404976457854;-0.48574868864332693
4130.0;0.0;0.0011707959650625974;0.0;0.33309424821344347;0.0;0.0;0.0;0.0;0.0;2.7091094982475432e-9;4.252663826191203;8.294710616277313e-9;0.9452057697490038;-5.198179637686416;0.0;0.0;0.0;0.0;0.0;40.28169615609258;409.72290947487323;46.29263695775763;368.1404976457854;-0.48574868864332693
4131.0;0.0;0.0011707959650625974;0.0;0.33309424821344347;0.0;0.0;0.0;0.0;0.0;2.7091094982475432e-9;4.252663826191203;8.294710616277313e-9;0.9452057697490038;-5.198179637686416;0.0;0.0;0.0;0.0;0.0;40.28169615609258;409.72290947487323;46.29263695775763;368.1404976457854;-0.48574868864332693
4132.0;0.0;0.0011707959650625974;0.0;0.33309424821344347;0.0;0.0;0.0;0.0;0.0;2.7091094982475432e-9;4.252663826191203;8.294710616277313e-9;0.9452057697490038;-5.198179637686416;0.0;0.0;0.0;0.0;0.0;40.28169615609258;409.72290947487323;46.29263695775763;368.1404976457854;-0.48574868864332693
4133.0;0.0;0.0011707959650625974;0.0;0.33309424821344347;0.0;0.0;0.0;0.0;0.0;2.7091094982475432e-9;4.252663826191203;8.294710616277313e-9;0.9452057697490038;-5.198179637686416;0.0;0.0;0.0;0.0;0.0;40.28169615609258;409.72290947487323;46.29263695775763;368.1404976457854;-0.48574868864332693
4134.0;0.0;0.0011707959650625974;0.0;0.33309424821344347;0.0;0.0;0.0;0.0;0.0;2.7091094982475432e-9;4.252663826191203;8.294710616277313e-9;0.9452057697490038;-5.198179637686416;0.0;0.0;0.0;0.0;0.0;40.28169615609258;409.72290947487323;46.29263695775763;368.1404976457854;-0.48574868864332693
4135.0;0.0;0.0011707959650625974;0.0;0.33309424821344347;0.0;0.0;0.0;0.0;0.0;2.7091094982475432e-9;4.252663826191203;8.294710616277313e-9;0.9452057697490038;-5.198179637686416;0.0;0.0;0.0;0.0;0.0;40.28169615609258;409.72290947487323;46.29263695775763;368.1404976457854;-0.48574868864332693
4136.0;0.0;0.0011707959650625974;0.0;0.33309424821344347;0.0;0.0;0.0;0.0;0.0;2.7091094982475432e-9;4.252663826191203;8.294710616277313e-9;0.9452057697490038;-5.198179637686416;0.0;0.0;0.0;0.0;0.0;40.28169615609258;409.72290947487323;46.29263695775763;368.1404976457854;-0.48574868864332693
4137.0;0.0;0.0011707959650625974;0.0;0.33309424821344347;0.0;0.0;0.0;0.0;0.0;2.7091094982475432e-9;4.252663826191203;8.294710616277313e-9;0.9452057697490038;-5.198179637686416;0.0;0.0;0.0;0.0;0.0;40.28169615609258;409.72290947487323;46.29263695775763;368.1404976457854;-0.48574868864332693
4138.0;0.0;0.0011707959650625974;0.0;0.33309424821344347;0.0;0.0;0.0;0.0;0.0;2.7091094982475432e-9;4.252663826191203;8.294710616277313e-9;0.9452057697490038;-5.198179637686416;0.0;0.0;0.0;0.0;0.0;40.28169615609258;409.72290947487323;46.29263695775763;368.1404976457854;-0.48574868864332693
4139.0;0.0;0.0011707959650625974;0.0;0.33309424821344347;0.0;0.0;0.0;0.0;0.0;2.7091094982475432e-9;4.252663826191203;8.294710616277313e-9;0.9452057697490038;-5.198179637686416;0.0;0.0;0.0;0.0;0.0;40.28169615609258;409.72290947487323;46.29263695775763;368.1404976457854;-0.48574868864332693
4140.0;0.0;0.0011707959650625974;0.0;0.33309424821344347;0.0;0.0;0.0;0.0;0.0;2.7091094982475432e-9;4.252663826191203;8.294710616277313e-9;0.9452057697490038;-5.198179637686416;0.0;0.0;0.0;0.0;0.0;40.28169615609258;409.72290947487323;46.29263695775763;368.1404976457854;-0.48574868864332693
4141.0;0.0;0.0011707959650625974;0.0;0.33309424821344347;0.0;0.0;0.0;0.0;0.0;2.7091094982475432e-9;4.252663826191203;8.294710616277313e-9;0.9452057697490038;-5.198179637686416;0.0;0.0;0.0;0.0;0.0;40.28169615609258;409.72290947487323;46.29263695775763;368.1404976457854;-0.48574868864332693
4142.0;0.0;0.0011707959650625974;0.0;0.33309424821344347;0.0;0.0;0.0;0.0;0.0;2.7091094982475432e-9;4.252663826191203;8.294710616277313e-9;0.9452057697490038;-5.198179637686416;0.0;0.0;0.0;0.0;0.0;40.28169615609258;409.72290947487323;46.29263695775763;368.1404976457854;-0.48574868864332693
4143.0;0.0;0.0011707959650625974;0.0;0.33309424821344347;0.0;0.0;0.0;0.0;0.0;2.7091094982475432e-9;4.252663826191203;8.294710616277313e-9;0.9452057697490038;-5.198179637686416;0.0;0.0;0.0;0.0;0.0;40.28169615609258;409.72290947487323;46.29263695775763;368.1404976457854;-0.48574868864332693
4144.0;0.0;0.0011707959650625974;0.0;0.33309424821344347;0.0;0.0;0.0;0.0;0.0;2.7091094982475432e-9;4.252663826191203;8.294710616277313e-9;0.9452057697490038;-5.198179637686416;0.0;0.0;0.0;0.0;0.0;40.28169615609258;409.72290947487323;46.29263695775763;368.1404976457854;-0.48574868864332693
4145.0;0.0;0.0011707959650625974;0.0;0.33309424821344347;0.0;0.0;0.0;0.0;0.0;2.7091094982475432e-9;4.252663826191203;8.294710616277313e-9;0.9452057697490038;-5.198179637686416;0.0;0.0;0.0;0.0;0.0;40.28169615609258;409.72290947487323;46.29263695775763;368.1404976457854;-0.48574868864332693
4146.0;0.0;0.0011707959650625974;0.0;0.33309424821344347;0.0;0.0;0.0;0.0;0.0;2.7091094982475432e-9;4.252663826191203;8.294710616277313e-9;0.9452057697490038;-5.198179637686416;0.0;0.0;0.0;0.0;0.0;40.28169615609258;409.72290947487323;46.29263695775763;368.1404976457854;-0.48574868864332693
4147.0;0.0;0.0011707959650625974;0.0;0.33309424821344347;0.0;0.0;0.0;0.0;0.0;2.7091094982475432e-9;4.252663826191203;8.294710616277313e-9;0.9452057697490038;-5.198179637686416;0.0;0.0;0.0;0.0;0.0;40.28169615609258;409.72290947487323;46.29263695775763;368.1404976457854;-0.48574868864332693
4148.0;0.0;0.0011707959650625974;0.0;0.33309424821344347;0.0;0.0;0.0;0.0;0.0;2.7091094982475432e-9;4.252663826191203;8.294710616277313e-9;0.9452057697490038;-5.198179637686416;0.0;0.0;0.0;0.0;0.0;40.28169615609258;409.72290947487323;46.29263695775763;368.1404976457854;-0.48574868864332693
4149.0;0.0;0.0011707959650625974;0.0;0.33309424821344347;0.0;0.0;0.0;0.0;0.0;2.7091094982475432e-9;4.252663826191203;8.294710616277313e-9;0.9452057697490038;-5.198179637686416;0.0;0.0;0.0;0.0;0.0;40.28169615609258;409.72290947487323;46.29263695775763;368.1404976457854;-0.48574868864332693
4150.0;0.0;0.0011707959650625974;0.0;0.33309424821344347;0.0;0.0;0.0;0.0;0.0;2.7091094982475432e-9;4.252663826191203;8.294710616277313e-9;0.9452057697490038;-5.198179637686416;0.0;0.0;0.0;0.0;0.0;40.28169615609258;409.72290947487323;46.29263695775763;368.1404976457854;-0.48574868864332693
4151.0;0.0;0.0011707959650625974;0.0;0.33309424821344347;0.0;0.0;0.0;0.0;0.0;2.7091094982475432e-9;4.252663826191203;8.294710616277313e-9;0.9452057697490038;-5.198179637686416;0.0;0.0;0.0;0.0;0.0;40.28169615609258;409.72290947487323;46.29263695775763;368.1404976457854;-0.48574868864332693
4152.0;0.0;0.0011707959650625974;0.0;0.33309424821344347;0.0;0.0;0.0;0.0;0.0;2.7091094982475432e-9;4.252663826191203;8.294710616277313e-9;0.9452057697490038;-5.198179637686416;0.0;0.0;0.0;0.0;0.0;40.28169615609258;409.72290947487323;46.29263695775763;368.1404976457854;-0.48574868864332693
4153.0;0.0;-0.0016024056411067381;0.0;0.33309424821344347;0.0;0.0;0.0;0.0;0.0;0.0;3.3264583706129036;0.0;0.16911234012393228;-3.4950351280006053;0.0;0.0;0.0;0.0;0.0;40.28169615609258;409.72290947487323;46.29263695775763;368.1404976457854;-0.48574868864332693
4154.0;0.0;-0.0016024056411067381;0.0;0.33309424821344347;0.0;0.0;0.0;0.0;0.0;0.0;3.3264583706129036;0.0;0.16911234012393228;-3.4950351280006053;0.0;0.0;0.0;0.0;0.0;40.28169615609258;409.72290947487323;46.29263695775763;368.1404976457854;-0.48574868864332693
4155.0;0.0;-0.0016024056411067381;0.0;0.33309424821344347;0.0;0.0;0.0;0.0;0.0;0.0;3.3264583706129036;0.0;0.16911234012393228;-3.4950351280006053;0.0;0.0;0.0;0.0;0.0;40.28169615609258;409.72290947487323;46.29263695775763;368.1404976457854;-0.48574868864332693
4156.0;0.0;-0.0016024056411067381;0.0;0.33309424821344347;0.0;0.0;0.0;0.0;0.0;0.0;3.3264583706129036;0.0;0.16911234012393228;-3.4950351280006053;0.0;0.0;0.0;0.0;0.0;40.28169615609258;409.72290947487323;46.29263695775763;368.1404976457854;-0.48574868864332693
4157.0;0.0;-0.0016024056411067381;0.0;0.33309424821344347;0.0;0.0;0.0;0.0;0.0;0.0;3.3264583706129036;0.0;0.16911234012393228;-3.4950351280006053;0.0;0.0;0.0;0.0;0.0;40.28169615609258;409.72290947487323;46.29263695775763;368.1404976457854;-0.48574868864332693
4158.0;0.0;-0.0016024056411067381;0.0;0.33309424821344347;0.0;0.0;0.0;0.0;0.0;0.0;3.3264583706129036;0.0;0.16911234012393228;-3.4950351280006053;0.0;0.0;0.0;0.0;0.0;40.28169615609258;409.72290947487323;46.29263695775763;368.1404976457854;-0.48574868864332693
4159.0;0.0;-0.0016024056411067381;0.0;0.33309424821344347;0.0;0.0;0.0;0.0;0.0;0.0;3.3264583706129036;0.0;0.16911234012393228;-3.4950351280006053;0.0;0.0;0.0;0.0;0.0;40.28169615609258;409.72290947487323;46.29263695775763;368.1404976457854;-0.48574868864332693
4160.0;0.0;-0.0016024056411067381;0.0;0.33309424821344347;0.0;0.0;0.0;0.0;0.0;0.0;3.3264583706129036;0.0;0.16911234012393228;-3.4950351280006053;0.0;0.0;0.0;0.0;0.0;40.28169615609258;409.72290947487323;46.29263695775763;368.1404976457854;-0.48574868864332693
4161.0;0.0;-0.0016024056411067381;0.0;0.33309424821344347;0.0;0.0;0.0;0.0;0.0;0.0;3.3264583706129036;0.0;0.16911234012393228;-3.4950351280006053;0.0;0.0;0.0;0.0;0.0;40.28169615609258;409.72290947487323;46.29263695775763;368.1404976457854;-0.48574868864332693
4162.0;0.0;-0.0016024056411067381;0.0;0.33309424821344347;0.0;0.0;0.0;0.0;0.0;0.0;3.3264583706129036;0.0;0.16911234012393228;-3.4950351280006053;0.0;0.0;0.0;0.0;0.0;40.28169615609258;409.72290947487323;46.29263695775763;368.1404976457854;-0.48574868864332693
4163.0;0.0;-0.0016024056411067381;0.0;0.33309424821344347;0.0;0.0;0.0;0.0;0.0;0.0;3.3264583706129036;0.0;0.16911234012393228;-3.4950351280006053;0.0;0.0;0.0;0.0;0.0;40.28169615609258;409.72290947487323;46.29263695775763;368.1404976457854;-0.48574868864332693
4164.0;0.0;-0.0016024056411067381;0.0;0.33309424821344347;0.0;0.0;0.0;0.0;0.0;0.0;3.3264583706129036;0.0;0.16911234012393228;-3.4950351280006053;0.0;0.0;0.0;0.0;0.0;40.28169615609258;409.72290947487323;46.29263695775763;368.1404976457854;-0.48574868864332693
4165.0;0.0;-0.0016024056411067381;0.0;0.33309424821344347;0.0;0.0;0.0;0.0;0.0;0.0;3.3264583706129036;0.0;0.16911234012393228;-3.4950351280006053;0.0;0.0;0.0;0.0;0.0;40.28169615609258;409.72290947487323;46.29263695775763;368.1404976457854;-0.48574868864332693
4166.0;0.0;-0.0016024056411067381;0.0;0.33309424821344347;0.0;0.0;0.0;0.0;0.0;0.0;3.3264583706129036;0.0;0.16911234012393228;-3.4950351280006053;0.0;0.0;0.0;0.0;0.0;40.28169615609258;409.72290947487323;46.29263695775763;368.1404976457854;-0.48574868864332693
4167.0;0.0;-0.0016024056411067381;0.0;0.33309424821344347;0.0;0.0;0.0;0.0;0.0;0.0;3.3264583706129036;0.0;0.16911234012393228;-3.4950351280006053;0.0;0.0;0.0;0.0;0.0;40.28169615609258;409.72290947487323;46.29263695775763;368.1404976457854;-0.48574868864332693
4168.0;0.0;-0.0016024056411067381;0.0;0.33309424821344347;0.0;0.0;0.0;0.0;0.0;0.0;3.3264583706129036;0.0;0.16911234012393228;-3.4950351280006053;0.0;0.0;0.0;0.0;0.0;40.28169615609258;409.72290947487323;46.29263695775763;368.1404976457854;-0.48574868864332693
4169.0;0.0;-0.0016024056411067381;0.0;0.33309424821344347;0.0;0.0;0.0;0.0;0.0;0.0;3.3264583706129036;0.0;0.16911234012393228;-3.4950351280006053;0.0;0.0;0.0;0.0;0.0;40.28169615609258;409.72290947487323;46.29263695775763;368.1404976457854;-0.48574868864332693
4170.0;0.0;-0.0016024056411067381;0.0;0.33309424821344347;0.0;0.0;0.0;0.0;0.0;0.0;3.3264583706129036;0.0;0.16911234012393228;-3.4950351280006053;0.0;0.0;0.0;0.0;0.0;40.28169615609258;409.72290947487323;46.29263695775763;368.1404976457854;-0.48574868864332693
4171.0;0.0;-0.0016024056411067381;0.0;0.33309424821344347;0.0;0.0;0.0;0.0;0.0;0.0;3.3264583706129036;0.0;0.16911234012393228;-3.4950351280006053;0.0;0.0;0.0;0.0;0.0;40.28169615609258;409.72290947487323;46.29263695775763;368.1404976457854;-0.48574868864332693
4172.0;0.0;-0.0016024056411067381;0.0;0.33309424821344347;0.0;0.0;0.0;0.0;0.0;0.0;3.3264583706129036;0.0;0.16911234012393228;-3.4950351280006053;0.0;0.0;0.0;0.0;0.0;40.28169615609258;409.72290947487323;46.29263695775763;368.1404976457854;-0.48574868864332693
4173.0;0.0;-0.0016024056411067381;0.0;0.33309424821344347;0.0;0.0;0.0;0.0;0.0;0.0;3.3264583706129036;0.0;0.16911234012393228;-3.4950351280006053;0.0;0.0;0.0;0.0;0.0;40.28169615609258;409.72290947487323;46.29263695775763;368.1404976457854;-0.48574868864332693
4174.0;0.0;-0.0016024056411067381;0.0;0.33309424821344347;0.0;0.0;0.0;0.0;0.0;0.0;3.3264583706129036;0.0;0.16911234012393228;-3.4950351280006053;0.0;0.0;0.0;0.0;0.0;40.28169615609258;409.72290947487323;46.29263695775763;368.1404976457854;-0.48574868864332693
4175.0;0.0;-0.0016024056411067381;0.0;0.33309424821344347;0.0;0.0;0.0;0.0;0.0;0.0;3.3264583706129036;0.0;0.16911234012393228;-3.4950351280006053;0.0;0.0;0.0;0.0;0.0;40.28169615609258;409.72290947487323;46.29263695775763;368.1404976457854;-0.48574868864332693
4176.0;0.0;-0.0016024056411067381;0.0;0.33309424821344347;0.0;0.0;0.0;0.0;0.0;0.0;3.3264583706129036;0.0;0.16911234012393228;-3.4950351280006053;0.0;0.0;0.0;0.0;0.0;40.28169615609258;409.72290947487323;46.29263695775763;368.1404976457854;-0.48574868864332693
4177.0;0.0;-7.69716158642627e-6;0.0;0.33309424821344347;0.0;0.0;0.0;0.0;0.0;0.0;4.1971887166139235;0.0;1.0305507483028615;-5.227711602468817;0.0;0.0;0.0;0.0;0.0;40.28169615609258;409.72290947487323;46.29263695775763;368.1404976457854;-0.48574868864332693
4178.0;0.0;-7.69716158642627e-6;0.0;0.33309424821344347;0.0;0.0;0.0;0.0;0.0;0.0;4.1971887166139235;0.0;1.0305507483028615;-5.227711602468817;0.0;0.0;0.0;0.0;0.0;40.28169615609258;409.72290947487323;46.29263695775763;368.1404976457854;-0.48574868864332693
4179.0;0.0;-7.69716158642627e-6;0.0;0.33309424821344347;0.0;0.0;0.0;0.0;0.0;0.0;4.1971887166139235;0.0;1.0305507483028615;-5.227711602468817;0.0;0.0;0.0;0.0;0.0;40.28169615609258;409.72290947487323;46.29263695775763;368.1404976457854;-0.48574868864332693
4180.0;0.0;-7.69716158642627e-6;0.0;0.33309424821344347;0.0;0.0;0.0;0.0;0.0;0.0;4.1971887166139235;0.0;1.0305507483028615;-5.227711602468817;0.0;0.0;0.0;0.0;0.0;40.28169615609258;409.72290947487323;46.29263695775763;368.1404976457854;-0.48574868864332693
4181.0;0.0;-7.69716158642627e-6;0.0;0.33309424821344347;0.0;0.0;0.0;0.0;0.0;0.0;4.1971887166139235;0.0;1.0305507483028615;-5.227711602468817;0.0;0.0;0.0;0.0;0.0;40.28169615609258;409.72290947487323;46.29263695775763;368.1404976457854;-0.48574868864332693
4182.0;0.0;-7.69716158642627e-6;0.0;0.33309424821344347;0.0;0.0;0.0;0.0;0.0;0.0;4.1971887166139235;0.0;1.0305507483028615;-5.227711602468817;0.0;0.0;0.0;0.0;0.0;40.28169615609258;409.72290947487323;46.29263695775763;368.1404976457854;-0.48574868864332693
4183.0;0.0;-7.69716158642627e-6;0.0;0.33309424821344347;0.0;0.0;0.0;0.0;0.0;0.0;4.1971887166139235;0.0;1.0305507483028615;-5.227711602468817;0.0;0.0;0.0;0.0;0.0;40.28169615609258;409.72290947487323;46.29263695775763;368.1404976457854;-0.48574868864332693
4184.0;0.0;-7.69716158642627e-6;0.0;0.33309424821344347;0.0;0.0;0.0;0.0;0.0;0.0;4.1971887166139235;0.0;1.0305507483028615;-5.227711602468817;0.0;0.0;0.0;0.0;0.0;40.28169615609258;409.72290947487323;46.29263695775763;368.1404976457854;-0.48574868864332693
4185.0;0.0;-7.69716158642627e-6;0.0;0.33309424821344347;0.0;0.0;0.0;0.0;0.0;0.0;4.1971887166139235;0.0;1.0305507483028615;-5.227711602468817;0.0;0.0;0.0;0.0;0.0;40.28169615609258;409.72290947487323;46.29263695775763;368.1404976457854;-0.48574868864332693
4186.0;0.0;-7.69716158642627e-6;0.0;0.33309424821344347;0.0;0.0;0.0;0.0;0.0;0.0;4.1971887166139235;0.0;1.0305507483028615;-5.227711602468817;0.0;0.0;0.0;0.0;0.0;40.28169615609258;409.72290947487323;46.29263695775763;368.1404976457854;-0.48574868864332693
4187.0;0.0;-7.69716158642627e-6;0.0;0.33309424821344347;0.0;0.0;0.0;0.0;0.0;0.0;4.1971887166139235;0.0;1.0305507483028615;-5.227711602468817;0.0;0.0;0.0;0.0;0.0;40.28169615609258;409.72290947487323;46.29263695775763;368.1404976457854;-0.48574868864332693
4188.0;0.0;-7.69716158642627e-6;0.0;0.33309424821344347;0.0;0.0;0.0;0.0;0.0;0.0;4.1971887166139235;0.0;1.0305507483028615;-5.227711602468817;0.0;0.0;0.0;0.0;0.0;40.28169615609258;409.72290947487323;46.29263695775763;368.1404976457854;-0.48574868864332693
4189.0;0.0;-7.69716158642627e-6;0.0;0.33309424821344347;0.0;0.0;0.0;0.0;0.0;0.0;4.1971887166139235;0.0;1.0305507483028615;-5.227711602468817;0.0;0.0;0.0;0.0;0.0;40.28169615609258;409.72290947487323;46.29263695775763;368.1404976457854;-0.48574868864332693
4190.0;0.0;-7.69716158642627e-6;0.0;0.33309424821344347;0.0;0.0;0.0;0.0;0.0;0.0;4.1971887166139235;0.0;1.0305507483028615;-5.227711602468817;0.0;0.0;0.0;0.0;0.0;40.28169615609258;409.72290947487323;46.29263695775763;368.1404976457854;-0.48574868864332693
4191.0;0.0;-7.69716158642627e-6;0.0;0.33309424821344347;0.0;0.0;0.0;0.0;0.0;0.0;4.1971887166139235;0.0;1.0305507483028615;-5.227711602468817;0.0;0.0;0.0;0.0;0.0;40.28169615609258;409.72290947487323;46.29263695775763;368.1404976457854;-0.48574868864332693
4192.0;0.0;-7.69716158642627e-6;0.0;0.33309424821344347;0.0;0.0;0.0;0.0;0.0;0.0;4.1971887166139235;0.0;1.0305507483028615;-5.227711602468817;0.0;0.0;0.0;0.0;0.0;40.28169615609258;409.72290947487323;46.29263695775763;368.1404976457854;-0.48574868864332693
4193.0;0.0;-7.69716158642627e-6;0.0;0.33309424821344347;0.0;0.0;0.0;0.0;0.0;0.0;4.1971887166139235;0.0;1.0305507483028615;-5.227711602468817;0.0;0.0;0.0;0.0;0.0;40.28169615609258;409.72290947487323;46.29263695775763;368.1404976457854;-0.48574868864332693
4194.0;0.0;-7.69716158642627e-6;0.0;0.33309424821344347;0.0;0.0;0.0;0.0;0.0;0.0;4.1971887166139235;0.0;1.0305507483028615;-5.227711602468817;0.0;0.0;0.0;0.0;0.0;40.28169615609258;409.72290947487323;46.29263695775763;368.1404976457854;-0.48574868864332693
4195.0;0.0;-7.69716158642627e-6;0.0;0.33309424821344347;0.0;0.0;0.0;0.0;0.0;0.0;4.1971887166139235;0.0;1.0305507483028615;-5.227711602468817;0.0;0.0;0.0;0.0;0.0;40.28169615609258;409.72290947487323;46.29263695775763;368.1404976457854;-0.48574868864332693
4196.0;0.0;-7.69716158642627e-6;0.0;0.33309424821344347;0.0;0.0;0.0;0.0;0.0;0.0;4.1971887166139235;0.0;1.0305507483028615;-5.227711602468817;0.0;0.0;0.0;0.0;0.0;40.28169615609258;409.72290947487323;46.29263695775763;368.1404976457854;-0.48574868864332693
4197.0;0.0;-7.69716158642627e-6;0.0;0.33309424821344347;0.0;0.0;0.0;0.0;0.0;0.0;4.1971887166139235;0.0;1.0305507483028615;-5.227711602468817;0.0;0.0;0.0;0.0;0.0;40.28169615609258;409.72290947487323;46.29263695775763;368.1404976457854;-0.48574868864332693
4198.0;0.0;-7.69716158642627e-6;0.0;0.33309424821344347;0.0;0.0;0.0;0.0;0.0;0.0;4.1971887166139235;0.0;1.0305507483028615;-5.227711602468817;0.0;0.0;0.0;0.0;0.0;40.28169615609258;409.72290947487323;46.29263695775763;368.1404976457854;-0.48574868864332693
4199.0;0.0;-7.69716158642627e-6;0.0;0.33309424821344347;0.0;0.0;0.0;0.0;0.0;0.0;4.1971887166139235;0.0;1.0305507483028615;-5.227711602468817;0.0;0.0;0.0;0.0;0.0;40.28169615609258;409.72290947487323;46.29263695775763;368.1404976457854;-0.48574868864332693
4200.0;0.0;-7.69716158642627e-6;0.0;0.33309424821344347;0.0;0.0;0.0;0.0;0.0;0.0;4.1971887166139235;0.0;1.0305507483028615;-5.227711602468817;0.0;0.0;0.0;0.0;0.0;40.28169615609258;409.72290947487323;46.29263695775763;368.1404976457854;-0.48574868864332693
4201.0;0.0;-1.4257230259325402e-6;0.0;0.33309424821344347;0.0;0.0;0.0;0.0;0.0;0.0;2.528914570564954;0.0;3.061402312644079;-5.590315725077368;0.0;0.0;0.0;0.0;0.0;40.28169615609258;409.72290947487323;46.29263695775763;368.1404976457854;-0.48574868864332693
4202.0;0.0;-1.4257230259325402e-6;0.0;0.33309424821344347;0.0;0.0;0.0;0.0;0.0;0.0;2.528914570564954;0.0;3.061402312644079;-5.590315725077368;0.0;0.0;0.0;0.0;0.0;40.28169615609258;409.72290947487323;46.29263695775763;368.1404976457854;-0.48574868864332693
4203.0;0.0;-1.4257230259325402e-6;0.0;0.33309424821344347;0.0;0.0;0.0;0.0;0.0;0.0;2.528914570564954;0.0;3.061402312644079;-5.590315725077368;0.0;0.0;0.0;0.0;0.0;40.28169615609258;409.72290947487323;46.29263695775763;368.1404976457854;-0.48574868864332693
4204.0;0.0;-1.4257230259325402e-6;0.0;0.33309424821344347;0.0;0.0;0.0;0.0;0.0;0.0;2.528914570564954;0.0;3.061402312644079;-5.590315725077368;0.0;0.0;0.0;0.0;0.0;40.28169615609258;409.72290947487323;46.29263695775763;368.1404976457854;-0.48574868864332693
4205.0;0.0;-1.4257230259325402e-6;0.0;0.33309424821344347;0.0;0.0;0.0;0.0;0.0;0.0;2.528914570564954;0.0;3.061402312644079;-5.590315725077368;0.0;0.0;0.0;0.0;0.0;40.28169615609258;409.72290947487323;46.29263695775763;368.1404976457854;-0.48574868864332693
4206.0;0.0;-1.4257230259325402e-6;0.0;0.33309424821344347;0.0;0.0;0.0;0.0;0.0;0.0;2.528914570564954;0.0;3.061402312644079;-5.590315725077368;0.0;0.0;0.0;0.0;0.0;40.28169615609258;409.72290947487323;46.29263695775763;368.1404976457854;-0.48574868864332693
4207.0;0.0;-1.4257230259325402e-6;0.0;0.33309424821344347;0.0;0.0;0.0;0.0;0.0;0.0;2.528914570564954;0.0;3.061402312644079;-5.590315725077368;0.0;0.0;0.0;0.0;0.0;40.28169615609258;409.72290947487323;46.29263695775763;368.1404976457854;-0.48574868864332693
4208.0;0.0;-1.4257230259325402e-6;0.0;0.33309424821344347;0.0;0.0;0.0;0.0;0.0;0.0;2.528914570564954;0.0;3.061402312644079;-5.590315725077368;0.0;0.0;0.0;0.0;0.0;40.28169615609258;409.72290947487323;46.29263695775763;368.1404976457854;-0.48574868864332693
4209.0;0.0;-1.4257230259325402e-6;0.0;0.33309424821344347;0.0;0.0;0.0;0.0;0.0;0.0;2.528914570564954;0.0;3.061402312644079;-5.590315725077368;0.0;0.0;0.0;0.0;0.0;40.28169615609258;409.72290947487323;46.29263695775763;368.1404976457854;-0.48574868864332693
4210.0;0.0;-1.4257230259325402e-6;0.0;0.33309424821344347;0.0;0.0;0.0;0.0;0.0;0.0;2.528914570564954;0.0;3.061402312644079;-5.590315725077368;0.0;0.0;0.0;0.0;0.0;40.28169615609258;409.72290947487323;46.29263695775763;368.1404976457854;-0.48574868864332693
4211.0;0.0;-1.4257230259325402e-6;0.0;0.33309424821344347;0.0;0.0;0.0;0.0;0.0;0.0;2.528914570564954;0.0;3.061402312644079;-5.590315725077368;0.0;0.0;0.0;0.0;0.0;40.28169615609258;409.72290947487323;46.29263695775763;368.1404976457854;-0.48574868864332693
4212.0;0.0;-1.4257230259325402e-6;0.0;0.33309424821344347;0.0;0.0;0.0;0.0;0.0;0.0;2.528914570564954;0.0;3.061402312644079;-5.590315725077368;0.0;0.0;0.0;0.0;0.0;40.28169615609258;409.72290947487323;46.29263695775763;368.1404976457854;-0.48574868864332693
4213.0;0.0;-1.4257230259325402e-6;0.0;0.33309424821344347;0.0;0.0;0.0;0.0;0.0;0.0;2.528914570564954;0.0;3.061402312644079;-5.590315725077368;0.0;0.0;0.0;0.0;0.0;40.28169615609258;409.72290947487323;46.29263695775763;368.1404976457854;-0.48574868864332693
4214.0;0.0;-1.4257230259325402e-6;0.0;0.33309424821344347;0.0;0.0;0.0;0.0;0.0;0.0;2.528914570564954;0.0;3.061402312644079;-5.590315725077368;0.0;0.0;0.0;0.0;0.0;40.28169615609258;409.72290947487323;46.29263695775763;368.1404976457854;-0.48574868864332693
4215.0;0.0;-1.4257230259325402e-6;0.0;0.33309424821344347;0.0;0.0;0.0;0.0;0.0;0.0;2.528914570564954;0.0;3.061402312644079;-5.590315725077368;0.0;0.0;0.0;0.0;0.0;40.28169615609258;409.72290947487323;46.29263695775763;368.1404976457854;-0.48574868864332693
4216.0;0.0;-1.4257230259325402e-6;0.0;0.33309424821344347;0.0;0.0;0.0;0.0;0.0;0.0;2.528914570564954;0.0;3.061402312644079;-5.590315725077368;0.0;0.0;0.0;0.0;0.0;40.28169615609258;409.72290947487323;46.29263695775763;368.1404976457854;-0.48574868864332693
4217.0;0.0;-1.4257230259325402e-6;0.0;0.33309424821344347;0.0;0.0;0.0;0.0;0.0;0.0;2.528914570564954;0.0;3.061402312644079;-5.590315725077368;0.0;0.0;0.0;0.0;0.0;40.28169615609258;409.72290947487323;46.29263695775763;368.1404976457854;-0.48574868864332693
4218.0;0.0;-1.4257230259325402e-6;0.0;0.33309424821344347;0.0;0.0;0.0;0.0;0.0;0.0;2.528914570564954;0.0;3.061402312644079;-5.590315725077368;0.0;0.0;0.0;0.0;0.0;40.28169615609258;409.72290947487323;46.29263695775763;368.1404976457854;-0.48574868864332693
4219.0;0.0;-1.4257230259325402e-6;0.0;0.33309424821344347;0.0;0.0;0.0;0.0;0.0;0.0;2.528914570564954;0.0;3.061402312644079;-5.590315725077368;0.0;0.0;0.0;0.0;0.0;40.28169615609258;409.72290947487323;46.29263695775763;368.1404976457854;-0.48574868864332693
4220.0;0.0;-1.4257230259325402e-6;0.0;0.33309424821344347;0.0;0.0;0.0;0.0;0.0;0.0;2.528914570564954;0.0;3.061402312644079;-5.590315725077368;0.0;0.0;0.0;0.0;0.0;40.28169615609258;409.72290947487323;46.29263695775763;368.1404976457854;-0.48574868864332693
4221.0;0.0;-1.4257230259325402e-6;0.0;0.33309424821344347;0.0;0.0;0.0;0.0;0.0;0.0;2.528914570564954;0.0;3.061402312644079;-5.590315725077368;0.0;0.0;0.0;0.0;0.0;40.28169615609258;409.72290947487323;46.29263695775763;368.1404976457854;-0.48574868864332693
4222.0;0.0;-1.4257230259325402e-6;0.0;0.33309424821344347;0.0;0.0;0.0;0.0;0.0;0.0;2.528914570564954;0.0;3.061402312644079;-5.590315725077368;0.0;0.0;0.0;0.0;0.0;40.28169615609258;409.72290947487323;46.29263695775763;368.1404976457854;-0.48574868864332693
4223.0;0.0;-1.4257230259325402e-6;0.0;0.33309424821344347;0.0;0.0;0.0;0.0;0.0;0.0;2.528914570564954;0.0;3.061402312644079;-5.590315725077368;0.0;0.0;0.0;0.0;0.0;40.28169615609258;409.72290947487323;46.29263695775763;368.1404976457854;-0.48574868864332693
4224.0;0.0;-1.4257230259325402e-6;0.0;0.33309424821344347;0.0;0.0;0.0;0.0;0.0;0.0;2.528914570564954;0.0;3.061402312644079;-5.590315725077368;0.0;0.0;0.0;0.0;0.0;40.28169615609258;409.72290947487323;46.29263695775763;368.1404976457854;-0.48574868864332693
4225.0;0.0;-9.778761854857937e-5;0.0;0.398370387620702;0.0;0.0;0.0;0.0;0.0;0.0;1.3617942107937628;0.0;4.052177667296685;-5.4139193130302194;0.0;0.0;0.0;0.0;0.0;40.2677644068922;411.4749809801818;46.292473757122984;375.12730202917373;-0.4275265632682218
4226.0;0.0;-9.778761854857937e-5;0.0;0.398370387620702;0.0;0.0;0.0;0.0;0.0;0.0;1.3617942107937628;0.0;4.052177667296685;-5.4139193130302194;0.0;0.0;0.0;0.0;0.0;40.2677644068922;411.4749809801818;46.292473757122984;375.12730202917373;-0.4275265632682218
4227.0;0.0;-9.778761854857937e-5;0.0;0.398370387620702;0.0;0.0;0.0;0.0;0.0;0.0;1.3617942107937628;0.0;4.052177667296685;-5.4139193130302194;0.0;0.0;0.0;0.0;0.0;40.2677644068922;411.4749809801818;46.292473757122984;375.12730202917373;-0.4275265632682218
4228.0;0.0;-9.778761854857937e-5;0.0;0.398370387620702;0.0;0.0;0.0;0.0;0.0;0.0;1.3617942107937628;0.0;4.052177667296685;-5.4139193130302194;0.0;0.0;0.0;0.0;0.0;40.2677644068922;411.4749809801818;46.292473757122984;375.12730202917373;-0.4275265632682218
4229.0;0.0;-9.778761854857937e-5;0.0;0.398370387620702;0.0;0.0;0.0;0.0;0.0;0.0;1.3617942107937628;0.0;4.052177667296685;-5.4139193130302194;0.0;0.0;0.0;0.0;0.0;40.2677644068922;411.4749809801818;46.292473757122984;375.12730202917373;-0.4275265632682218
4230.0;0.0;-9.778761854857937e-5;0.0;0.398370387620702;0.0;0.0;0.0;0.0;0.0;0.0;1.3617942107937628;0.0;4.052177667296685;-5.4139193130302194;0.0;0.0;0.0;0.0;0.0;40.2677644068922;411.4749809801818;46.292473757122984;375.12730202917373;-0.4275265632682218
4231.0;0.0;-9.778761854857937e-5;0.0;0.398370387620702;0.0;0.0;0.0;0.0;0.0;0.0;1.3617942107937628;0.0;4.052177667296685;-5.4139193130302194;0.0;0.0;0.0;0.0;0.0;40.2677644068922;411.4749809801818;46.292473757122984;375.12730202917373;-0.4275265632682218
4232.0;0.0;-9.778761854857937e-5;0.0;0.398370387620702;0.0;0.0;0.0;0.0;0.0;0.0;1.3617942107937628;0.0;4.052177667296685;-5.4139193130302194;0.0;0.0;0.0;0.0;0.0;40.2677644068922;411.4749809801818;46.292473757122984;375.12730202917373;-0.4275265632682218
4233.0;0.0;-9.778761854857937e-5;0.0;0.398370387620702;0.0;0.0;0.0;0.0;0.0;0.0;1.3617942107937628;0.0;4.052177667296685;-5.4139193130302194;0.0;0.0;0.0;0.0;0.0;40.2677644068922;411.4749809801818;46.292473757122984;375.12730202917373;-0.4275265632682218
4234.0;0.0;-9.778761854857937e-5;0.0;0.398370387620702;0.0;0.0;0.0;0.0;0.0;0.0;1.3617942107937628;0.0;4.052177667296685;-5.4139193130302194;0.0;0.0;0.0;0.0;0.0;40.2677644068922;411.4749809801818;46.292473757122984;375.12730202917373;-0.4275265632682218
4235.0;0.0;-9.778761854857937e-5;0.0;0.398370387620702;0.0;0.0;0.0;0.0;0.0;0.0;1.3617942107937628;0.0;4.052177667296685;-5.4139193130302194;0.0;0.0;0.0;0.0;0.0;40.2677644068922;411.4749809801818;46.292473757122984;375.12730202917373;-0.4275265632682218
4236.0;0.0;-9.778761854857937e-5;0.0;0.398370387620702;0.0;0.0;0.0;0.0;0.0;0.0;1.3617942107937628;0.0;4.052177667296685;-5.4139193130302194;0.0;0.0;0.0;0.0;0.0;40.2677644068922;411.4749809801818;46.292473757122984;375.12730202917373;-0.4275265632682218
4237.0;0.0;-9.778761854857937e-5;0.0;0.398370387620702;0.0;0.0;0.0;0.0;0.0;0.0;1.3617942107937628;0.0;4.052177667296685;-5.4139193130302194;0.0;0.0;0.0;0.0;0.0;40.2677644068922;411.4749809801818;46.292473757122984;375.12730202917373;-0.4275265632682218
4238.0;0.0;-9.778761854857937e-5;0.0;0.398370387620702;0.0;0.0;0.0;0.0;0.0;0.0;1.3617942107937628;0.0;4.052177667296685;-5.4139193130302194;0.0;0.0;0.0;0.0;0.0;40.2677644068922;411.4749809801818;46.292473757122984;375.12730202917373;-0.4275265632682218
4239.0;0.0;-9.778761854857937e-5;0.0;0.398370387620702;0.0;0.0;0.0;0.0;0.0;0.0;1.3617942107937628;0.0;4.052177667296685;-5.4139193130302194;0.0;0.0;0.0;0.0;0.0;40.2677644068922;411.4749809801818;46.292473757122984;375.12730202917373;-0.4275265632682218
4240.0;0.0;-9.778761854857937e-5;0.0;0.398370387620702;0.0;0.0;0.0;0.0;0.0;0.0;1.3617942107937628;0.0;4.052177667296685;-5.4139193130302194;0.0;0.0;0.0;0.0;0.0;40.2677644068922;411.4749809801818;46.292473757122984;375.12730202917373;-0.4275265632682218
4241.0;0.0;-9.778761854857937e-5;0.0;0.398370387620702;0.0;0.0;0.0;0.0;0.0;0.0;1.3617942107937628;0.0;4.052177667296685;-5.4139193130302194;0.0;0.0;0.0;0.0;0.0;40.2677644068922;411.4749809801818;46.292473757122984;375.12730202917373;-0.4275265632682218
4242.0;0.0;-9.778761854857937e-5;0.0;0.398370387620702;0.0;0.0;0.0;0.0;0.0;0.0;1.3617942107937628;0.0;4.052177667296685;-5.4139193130302194;0.0;0.0;0.0;0.0;0.0;40.2677644068922;411.4749809801818;46.292473757122984;375.12730202917373;-0.4275265632682218
4243.0;0.0;-9.778761854857937e-5;0.0;0.398370387620702;0.0;0.0;0.0;0.0;0.0;0.0;1.3617942107937628;0.0;4.052177667296685;-5.4139193130302194;0.0;0.0;0.0;0.0;0.0;40.2677644068922;411.4749809801818;46.292473757122984;375.12730202917373;-0.4275265632682218
4244.0;0.0;-9.778761854857937e-5;0.0;0.398370387620702;0.0;0.0;0.0;0.0;0.0;0.0;1.3617942107937628;0.0;4.052177667296685;-5.4139193130302194;0.0;0.0;0.0;0.0;0.0;40.2677644068922;411.4749809801818;46.292473757122984;375.12730202917373;-0.4275265632682218
4245.0;0.0;-9.778761854857937e-5;0.0;0.398370387620702;0.0;0.0;0.0;0.0;0.0;0.0;1.3617942107937628;0.0;4.052177667296685;-5.4139193130302194;0.0;0.0;0.0;0.0;0.0;40.2677644068922;411.4749809801818;46.292473757122984;375.12730202917373;-0.4275265632682218
4246.0;0.0;-9.778761854857937e-5;0.0;0.398370387620702;0.0;0.0;0.0;0.0;0.0;0.0;1.3617942107937628;0.0;4.052177667296685;-5.4139193130302194;0.0;0.0;0.0;0.0;0.0;40.2677644068922;411.4749809801818;46.292473757122984;375.12730202917373;-0.4275265632682218
4247.0;0.0;-9.778761854857937e-5;0.0;0.398370387620702;0.0;0.0;0.0;0.0;0.0;0.0;1.3617942107937628;0.0;4.052177667296685;-5.4139193130302194;0.0;0.0;0.0;0.0;0.0;40.2677644068922;411.4749809801818;46.292473757122984;375.12730202917373;-0.4275265632682218
4248.0;0.0;-9.778761854857937e-5;0.0;0.398370387620702;0.0;0.0;0.0;0.0;0.0;0.0;1.3617942107937628;0.0;4.052177667296685;-5.4139193130302194;0.0;0.0;0.0;0.0;0.0;40.2677644068922;411.4749809801818;46.292473757122984;375.12730202917373;-0.4275265632682218
4249.0;0.0;0.00991818770572005;0.0;0.398370387620702;0.0;0.0;0.0;0.0;0.0;0.0035239790166513955;1.1404117514121592;1.882854088525103e-6;3.935687708999111;-5.075478311143503;0.0;0.0;0.0;0.0;0.0;40.2677644068922;411.4749809801818;46.292473757122984;375.12730202917373;-0.4275265632682218
4250.0;0.0;0.00991818770572005;0.0;0.398370387620702;0.0;0.0;0.0;0.0;0.0;0.0035239790166513955;1.1404117514121592;1.882854088525103e-6;3.935687708999111;-5.075478311143503;0.0;0.0;0.0;0.0;0.0;40.2677644068922;411.4749809801818;46.292473757122984;375.12730202917373;-0.4275265632682218
4251.0;0.0;0.00991818770572005;0.0;0.398370387620702;0.0;0.0;0.0;0.0;0.0;0.0035239790166513955;1.1404117514121592;1.882854088525103e-6;3.935687708999111;-5.075478311143503;0.0;0.0;0.0;0.0;0.0;40.2677644068922;411.4749809801818;46.292473757122984;375.12730202917373;-0.4275265632682218
4252.0;0.0;0.00991818770572005;0.0;0.398370387620702;0.0;0.0;0.0;0.0;0.0;0.0035239790166513955;1.1404117514121592;1.882854088525103e-6;3.935687708999111;-5.075478311143503;0.0;0.0;0.0;0.0;0.0;40.2677644068922;411.4749809801818;46.292473757122984;375.12730202917373;-0.4275265632682218
4253.0;0.0;0.00991818770572005;0.0;0.398370387620702;0.0;0.0;0.0;0.0;0.0;0.0035239790166513955;1.1404117514121592;1.882854088525103e-6;3.935687708999111;-5.075478311143503;0.0;0.0;0.0;0.0;0.0;40.2677644068922;411.4749809801818;46.292473757122984;375.12730202917373;-0.4275265632682218
4254.0;0.0;0.00991818770572005;0.0;0.398370387620702;0.0;0.0;0.0;0.0;0.0;0.0035239790166513955;1.1404117514121592;1.882854088525103e-6;3.935687708999111;-5.075478311143503;0.0;0.0;0.0;0.0;0.0;40.2677644068922;411.4749809801818;46.292473757122984;375.12730202917373;-0.4275265632682218
4255.0;0.0;0.00991818770572005;0.0;0.398370387620702;0.0;0.0;0.0;0.0;0.0;0.0035239790166513955;1.1404117514121592;1.882854088525103e-6;3.935687708999111;-5.075478311143503;0.0;0.0;0.0;0.0;0.0;40.2677644068922;411.4749809801818;46.292473757122984;375.12730202917373;-0.4275265632682218
4256.0;0.0;0.00991818770572005;0.0;0.398370387620702;0.0;0.0;0.0;0.0;0.0;0.0035239790166513955;1.1404117514121592;1.882854088525103e-6;3.935687708999111;-5.075478311143503;0.0;0.0;0.0;0.0;0.0;40.2677644068922;411.4749809801818;46.292473757122984;375.12730202917373;-0.4275265632682218
4257.0;0.0;0.00991818770572005;0.0;0.398370387620702;0.0;0.0;0.0;0.0;0.0;0.0035239790166513955;1.1404117514121592;1.882854088525103e-6;3.935687708999111;-5.075478311143503;0.0;0.0;0.0;0.0;0.0;40.2677644068922;411.4749809801818;46.292473757122984;375.12730202917373;-0.4275265632682218
4258.0;0.0;0.00991818770572005;0.0;0.398370387620702;0.0;0.0;0.0;0.0;0.0;0.0035239790166513955;1.1404117514121592;1.882854088525103e-6;3.935687708999111;-5.075478311143503;0.0;0.0;0.0;0.0;0.0;40.2677644068922;411.4749809801818;46.292473757122984;375.12730202917373;-0.4275265632682218
4259.0;0.0;0.00991818770572005;0.0;0.398370387620702;0.0;0.0;0.0;0.0;0.0;0.0035239790166513955;1.1404117514121592;1.882854088525103e-6;3.935687708999111;-5.075478311143503;0.0;0.0;0.0;0.0;0.0;40.2677644068922;411.4749809801818;46.292473757122984;375.12730202917373;-0.4275265632682218
4260.0;0.0;0.00991818770572005;0.0;0.398370387620702;0.0;0.0;0.0;0.0;0.0;0.0035239790166513955;1.1404117514121592;1.882854088525103e-6;3.935687708999111;-5.075478311143503;0.0;0.0;0.0;0.0;0.0;40.2677644068922;411.4749809801818;46.292473757122984;375.12730202917373;-0.4275265632682218
4261.0;0.0;0.00991818770572005;0.0;0.398370387620702;0.0;0.0;0.0;0.0;0.0;0.0035239790166513955;1.1404117514121592;1.882854088525103e-6;3.935687708999111;-5.075478311143503;0.0;0.0;0.0;0.0;0.0;40.2677644068922;411.4749809801818;46.292473757122984;375.12730202917373;-0.4275265632682218
4262.0;0.0;0.00991818770572005;0.0;0.398370387620702;0.0;0.0;0.0;0.0;0.0;0.0035239790166513955;1.1404117514121592;1.882854088525103e-6;3.935687708999111;-5.075478311143503;0.0;0.0;0.0;0.0;0.0;40.2677644068922;411.4749809801818;46.292473757122984;375.12730202917373;-0.4275265632682218
4263.0;0.0;0.00991818770572005;0.0;0.398370387620702;0.0;0.0;0.0;0.0;0.0;0.0035239790166513955;1.1404117514121592;1.882854088525103e-6;3.935687708999111;-5.075478311143503;0.0;0.0;0.0;0.0;0.0;40.2677644068922;411.4749809801818;46.292473757122984;375.12730202917373;-0.4275265632682218
4264.0;0.0;0.00991818770572005;0.0;0.398370387620702;0.0;0.0;0.0;0.0;0.0;0.0035239790166513955;1.1404117514121592;1.882854088525103e-6;3.935687708999111;-5.075478311143503;0.0;0.0;0.0;0.0;0.0;40.2677644068922;411.4749809801818;46.292473757122984;375.12730202917373;-0.4275265632682218
4265.0;0.0;0.00991818770572005;0.0;0.398370387620702;0.0;0.0;0.0;0.0;0.0;0.0035239790166513955;1.1404117514121592;1.882854088525103e-6;3.935687708999111;-5.075478311143503;0.0;0.0;0.0;0.0;0.0;40.2677644068922;411.4749809801818;46.292473757122984;375.12730202917373;-0.4275265632682218
4266.0;0.0;0.00991818770572005;0.0;0.398370387620702;0.0;0.0;0.0;0.0;0.0;0.0035239790166513955;1.1404117514121592;1.882854088525103e-6;3.935687708999111;-5.075478311143503;0.0;0.0;0.0;0.0;0.0;40.2677644068922;411.4749809801818;46.292473757122984;375.12730202917373;-0.4275265632682218
4267.0;0.0;0.00991818770572005;0.0;0.398370387620702;0.0;0.0;0.0;0.0;0.0;0.0035239790166513955;1.1404117514121592;1.882854088525103e-6;3.935687708999111;-5.075478311143503;0.0;0.0;0.0;0.0;0.0;40.2677644068922;411.4749809801818;46.292473757122984;375.12730202917373;-0.4275265632682218
4268.0;0.0;0.00991818770572005;0.0;0.398370387620702;0.0;0.0;0.0;0.0;0.0;0.0035239790166513955;1.1404117514121592;1.882854088525103e-6;3.935687708999111;-5.075478311143503;0.0;0.0;0.0;0.0;0.0;40.2677644068922;411.4749809801818;46.292473757122984;375.12730202917373;-0.4275265632682218
4269.0;0.0;0.00991818770572005;0.0;0.398370387620702;0.0;0.0;0.0;0.0;0.0;0.0035239790166513955;1.1404117514121592;1.882854088525103e-6;3.935687708999111;-5.075478311143503;0.0;0.0;0.0;0.0;0.0;40.2677644068922;411.4749809801818;46.292473757122984;375.12730202917373;-0.4275265632682218
4270.0;0.0;0.00991818770572005;0.0;0.398370387620702;0.0;0.0;0.0;0.0;0.0;0.0035239790166513955;1.1404117514121592;1.882854088525103e-6;3.935687708999111;-5.075478311143503;0.0;0.0;0.0;0.0;0.0;40.2677644068922;411.4749809801818;46.292473757122984;375.12730202917373;-0.4275265632682218
4271.0;0.0;0.00991818770572005;0.0;0.398370387620702;0.0;0.0;0.0;0.0;0.0;0.0035239790166513955;1.1404117514121592;1.882854088525103e-6;3.935687708999111;-5.075478311143503;0.0;0.0;0.0;0.0;0.0;40.2677644068922;411.4749809801818;46.292473757122984;375.12730202917373;-0.4275265632682218
4272.0;0.0;0.00991818770572005;0.0;0.398370387620702;0.0;0.0;0.0;0.0;0.0;0.0035239790166513955;1.1404117514121592;1.882854088525103e-6;3.935687708999111;-5.075478311143503;0.0;0.0;0.0;0.0;0.0;40.2677644068922;411.4749809801818;46.292473757122984;375.12730202917373;-0.4275265632682218
4273.0;0.0;0.0004967204762693889;0.0;0.398370387620702;0.0;0.0;0.0;0.0;0.0;5.090357291074555e-6;3.615023611971679;4.2142744710255667e-7;0.6573041572134399;-4.272216404374119;0.0;0.0;0.0;0.0;0.0;40.2677644068922;411.4749809801818;46.292473757122984;375.12730202917373;-0.4275265632682218
4274.0;0.0;0.0004967204762693889;0.0;0.398370387620702;0.0;0.0;0.0;0.0;0.0;5.090357291074555e-6;3.615023611971679;4.2142744710255667e-7;0.6573041572134399;-4.272216404374119;0.0;0.0;0.0;0.0;0.0;40.2677644068922;411.4749809801818;46.292473757122984;375.12730202917373;-0.4275265632682218
4275.0;0.0;0.0004967204762693889;0.0;0.398370387620702;0.0;0.0;0.0;0.0;0.0;5.090357291074555e-6;3.615023611971679;4.2142744710255667e-7;0.6573041572134399;-4.272216404374119;0.0;0.0;0.0;0.0;0.0;40.2677644068922;411.4749809801818;46.292473757122984;375.12730202917373;-0.4275265632682218
4276.0;0.0;0.0004967204762693889;0.0;0.398370387620702;0.0;0.0;0.0;0.0;0.0;5.090357291074555e-6;3.615023611971679;4.2142744710255667e-7;0.6573041572134399;-4.272216404374119;0.0;0.0;0.0;0.0;0.0;40.2677644068922;411.4749809801818;46.292473757122984;375.12730202917373;-0.4275265632682218
4277.0;0.0;0.0004967204762693889;0.0;0.398370387620702;0.0;0.0;0.0;0.0;0.0;5.090357291074555e-6;3.615023611971679;4.2142744710255667e-7;0.6573041572134399;-4.272216404374119;0.0;0.0;0.0;0.0;0.0;40.2677644068922;411.4749809801818;46.292473757122984;375.12730202917373;-0.4275265632682218
4278.0;0.0;0.0004967204762693889;0.0;0.398370387620702;0.0;0.0;0.0;0.0;0.0;5.090357291074555e-6;3.615023611971679;4.2142744710255667e-7;0.6573041572134399;-4.272216404374119;0.0;0.0;0.0;0.0;0.0;40.2677644068922;411.4749809801818;46.292473757122984;375.12730202917373;-0.4275265632682218
4279.0;0.0;0.0004967204762693889;0.0;0.398370387620702;0.0;0.0;0.0;0.0;0.0;5.090357291074555e-6;3.615023611971679;4.2142744710255667e-7;0.6573041572134399;-4.272216404374119;0.0;0.0;0.0;0.0;0.0;40.2677644068922;411.4749809801818;46.292473757122984;375.12730202917373;-0.4275265632682218
4280.0;0.0;0.0004967204762693889;0.0;0.398370387620702;0.0;0.0;0.0;0.0;0.0;5.090357291074555e-6;3.615023611971679;4.2142744710255667e-7;0.6573041572134399;-4.272216404374119;0.0;0.0;0.0;0.0;0.0;40.2677644068922;411.4749809801818;46.292473757122984;375.12730202917373;-0.4275265632682218
4281.0;0.0;0.0004967204762693889;0.0;0.398370387620702;0.0;0.0;0.0;0.0;0.0;5.090357291074555e-6;3.615023611971679;4.2142744710255667e-7;0.6573041572134399;-4.272216404374119;0.0;0.0;0.0;0.0;0.0;40.2677644068922;411.4749809801818;46.292473757122984;375.12730202917373;-0.4275265632682218
4282.0;0.0;0.0004967204762693889;0.0;0.398370387620702;0.0;0.0;0.0;0.0;0.0;5.090357291074555e-6;3.615023611971679;4.2142744710255667e-7;0.6573041572134399;-4.272216404374119;0.0;0.0;0.0;0.0;0.0;40.2677644068922;411.4749809801818;46.292473757122984;375.12730202917373;-0.4275265632682218
4283.0;0.0;0.0004967204762693889;0.0;0.398370387620702;0.0;0.0;0.0;0.0;0.0;5.090357291074555e-6;3.615023611971679;4.2142744710255667e-7;0.6573041572134399;-4.272216404374119;0.0;0.0;0.0;0.0;0.0;40.2677644068922;411.4749809801818;46.292473757122984;375.12730202917373;-0.4275265632682218
4284.0;0.0;0.0004967204762693889;0.0;0.398370387620702;0.0;0.0;0.0;0.0;0.0;5.090357291074555e-6;3.615023611971679;4.2142744710255667e-7;0.6573041572134399;-4.272216404374119;0.0;0.0;0.0;0.0;0.0;40.2677644068922;411.4749809801818;46.292473757122984;375.12730202917373;-0.4275265632682218
4285.0;0.0;0.0004967204762693889;0.0;0.398370387620702;0.0;0.0;0.0;0.0;0.0;5.090357291074555e-6;3.615023611971679;4.2142744710255667e-7;0.6573041572134399;-4.272216404374119;0.0;0.0;0.0;0.0;0.0;40.2677644068922;411.4749809801818;46.292473757122984;375.12730202917373;-0.4275265632682218
4286.0;0.0;0.0004967204762693889;0.0;0.398370387620702;0.0;0.0;0.0;0.0;0.0;5.090357291074555e-6;3.615023611971679;4.2142744710255667e-7;0.6573041572134399;-4.272216404374119;0.0;0.0;0.0;0.0;0.0;40.2677644068922;411.4749809801818;46.292473757122984;375.12730202917373;-0.4275265632682218
4287.0;0.0;0.0004967204762693889;0.0;0.398370387620702;0.0;0.0;0.0;0.0;0.0;5.090357291074555e-6;3.615023611971679;4.2142744710255667e-7;0.6573041572134399;-4.272216404374119;0.0;0.0;0.0;0.0;0.0;40.2677644068922;411.4749809801818;46.292473757122984;375.12730202917373;-0.4275265632682218
4288.0;0.0;0.0004967204762693889;0.0;0.398370387620702;0.0;0.0;0.0;0.0;0.0;5.090357291074555e-6;3.615023611971679;4.2142744710255667e-7;0.6573041572134399;-4.272216404374119;0.0;0.0;0.0;0.0;0.0;40.2677644068922;411.4749809801818;46.292473757122984;375.12730202917373;-0.4275265632682218
4289.0;0.0;0.0004967204762693889;0.0;0.398370387620702;0.0;0.0;0.0;0.0;0.0;5.090357291074555e-6;3.615023611971679;4.2142744710255667e-7;0.6573041572134399;-4.272216404374119;0.0;0.0;0.0;0.0;0.0;40.2677644068922;411.4749809801818;46.292473757122984;375.12730202917373;-0.4275265632682218
4290.0;0.0;0.0004967204762693889;0.0;0.398370387620702;0.0;0.0;0.0;0.0;0.0;5.090357291074555e-6;3.615023611971679;4.2142744710255667e-7;0.6573041572134399;-4.272216404374119;0.0;0.0;0.0;0.0;0.0;40.2677644068922;411.4749809801818;46.292473757122984;375.12730202917373;-0.4275265632682218
4291.0;0.0;0.0004967204762693889;0.0;0.398370387620702;0.0;0.0;0.0;0.0;0.0;5.090357291074555e-6;3.615023611971679;4.2142744710255667e-7;0.6573041572134399;-4.272216404374119;0.0;0.0;0.0;0.0;0.0;40.2677644068922;411.4749809801818;46.292473757122984;375.12730202917373;-0.4275265632682218
4292.0;0.0;0.0004967204762693889;0.0;0.398370387620702;0.0;0.0;0.0;0.0;0.0;5.090357291074555e-6;3.615023611971679;4.2142744710255667e-7;0.6573041572134399;-4.272216404374119;0.0;0.0;0.0;0.0;0.0;40.2677644068922;411.4749809801818;46.292473757122984;375.12730202917373;-0.4275265632682218
4293.0;0.0;0.0004967204762693889;0.0;0.398370387620702;0.0;0.0;0.0;0.0;0.0;5.090357291074555e-6;3.615023611971679;4.2142744710255667e-7;0.6573041572134399;-4.272216404374119;0.0;0.0;0.0;0.0;0.0;40.2677644068922;411.4749809801818;46.292473757122984;375.12730202917373;-0.4275265632682218
4294.0;0.0;0.0004967204762693889;0.0;0.398370387620702;0.0;0.0;0.0;0.0;0.0;5.090357291074555e-6;3.615023611971679;4.2142744710255667e-7;0.6573041572134399;-4.272216404374119;0.0;0.0;0.0;0.0;0.0;40.2677644068922;411.4749809801818;46.292473757122984;375.12730202917373;-0.4275265632682218
4295.0;0.0;0.0004967204762693889;0.0;0.398370387620702;0.0;0.0;0.0;0.0;0.0;5.090357291074555e-6;3.615023611971679;4.2142744710255667e-7;0.6573041572134399;-4.272216404374119;0.0;0.0;0.0;0.0;0.0;40.2677644068922;411.4749809801818;46.292473757122984;375.12730202917373;-0.4275265632682218
4296.0;0.0;0.0004967204762693889;0.0;0.398370387620702;0.0;0.0;0.0;0.0;0.0;5.090357291074555e-6;3.615023611971679;4.2142744710255667e-7;0.6573041572134399;-4.272216404374119;0.0;0.0;0.0;0.0;0.0;40.2677644068922;411.4749809801818;46.292473757122984;375.12730202917373;-0.4275265632682218
4297.0;0.0;0.0026549648655336375;0.0;0.398370387620702;0.0;0.0;0.0;0.0;0.0;4.9542726030243596e-5;4.403948689578566;3.9296519482853273e-7;0.9695166283023693;-5.372714194043702;0.0;0.0;0.0;0.0;0.0;40.2677644068922;411.4749809801818;46.292473757122984;375.12730202917373;-0.4275265632682218
4298.0;0.0;0.0026549648655336375;0.0;0.398370387620702;0.0;0.0;0.0;0.0;0.0;4.9542726030243596e-5;4.403948689578566;3.9296519482853273e-7;0.9695166283023693;-5.372714194043702;0.0;0.0;0.0;0.0;0.0;40.2677644068922;411.4749809801818;46.292473757122984;375.12730202917373;-0.4275265632682218
4299.0;0.0;0.0026549648655336375;0.0;0.398370387620702;0.0;0.0;0.0;0.0;0.0;4.9542726030243596e-5;4.403948689578566;3.9296519482853273e-7;0.9695166283023693;-5.372714194043702;0.0;0.0;0.0;0.0;0.0;40.2677644068922;411.4749809801818;46.292473757122984;375.12730202917373;-0.4275265632682218
4300.0;0.0;0.0026549648655336375;0.0;0.398370387620702;0.0;0.0;0.0;0.0;0.0;4.9542726030243596e-5;4.403948689578566;3.9296519482853273e-7;0.9695166283023693;-5.372714194043702;0.0;0.0;0.0;0.0;0.0;40.2677644068922;411.4749809801818;46.292473757122984;375.12730202917373;-0.4275265632682218
4301.0;0.0;0.0026549648655336375;0.0;0.398370387620702;0.0;0.0;0.0;0.0;0.0;4.9542726030243596e-5;4.403948689578566;3.9296519482853273e-7;0.9695166283023693;-5.372714194043702;0.0;0.0;0.0;0.0;0.0;40.2677644068922;411.4749809801818;46.292473757122984;375.12730202917373;-0.4275265632682218
4302.0;0.0;0.0026549648655336375;0.0;0.398370387620702;0.0;0.0;0.0;0.0;0.0;4.9542726030243596e-5;4.403948689578566;3.9296519482853273e-7;0.9695166283023693;-5.372714194043702;0.0;0.0;0.0;0.0;0.0;40.2677644068922;411.4749809801818;46.292473757122984;375.12730202917373;-0.4275265632682218
4303.0;0.0;0.0026549648655336375;0.0;0.398370387620702;0.0;0.0;0.0;0.0;0.0;4.9542726030243596e-5;4.403948689578566;3.9296519482853273e-7;0.9695166283023693;-5.372714194043702;0.0;0.0;0.0;0.0;0.0;40.2677644068922;411.4749809801818;46.292473757122984;375.12730202917373;-0.4275265632682218
4304.0;0.0;0.0026549648655336375;0.0;0.398370387620702;0.0;0.0;0.0;0.0;0.0;4.9542726030243596e-5;4.403948689578566;3.9296519482853273e-7;0.9695166283023693;-5.372714194043702;0.0;0.0;0.0;0.0;0.0;40.2677644068922;411.4749809801818;46.292473757122984;375.12730202917373;-0.4275265632682218
4305.0;0.0;0.0026549648655336375;0.0;0.398370387620702;0.0;0.0;0.0;0.0;0.0;4.9542726030243596e-5;4.403948689578566;3.9296519482853273e-7;0.9695166283023693;-5.372714194043702;0.0;0.0;0.0;0.0;0.0;40.2677644068922;411.4749809801818;46.292473757122984;375.12730202917373;-0.4275265632682218
4306.0;0.0;0.0026549648655336375;0.0;0.398370387620702;0.0;0.0;0.0;0.0;0.0;4.9542726030243596e-5;4.403948689578566;3.9296519482853273e-7;0.9695166283023693;-5.372714194043702;0.0;0.0;0.0;0.0;0.0;40.2677644068922;411.4749809801818;46.292473757122984;375.12730202917373;-0.4275265632682218
4307.0;0.0;0.0026549648655336375;0.0;0.398370387620702;0.0;0.0;0.0;0.0;0.0;4.9542726030243596e-5;4.403948689578566;3.9296519482853273e-7;0.9695166283023693;-5.372714194043702;0.0;0.0;0.0;0.0;0.0;40.2677644068922;411.4749809801818;46.292473757122984;375.12730202917373;-0.4275265632682218
4308.0;0.0;0.0026549648655336375;0.0;0.398370387620702;0.0;0.0;0.0;0.0;0.0;4.9542726030243596e-5;4.403948689578566;3.9296519482853273e-7;0.9695166283023693;-5.372714194043702;0.0;0.0;0.0;0.0;0.0;40.2677644068922;411.4749809801818;46.292473757122984;375.12730202917373;-0.4275265632682218
4309.0;0.0;0.0026549648655336375;0.0;0.398370387620702;0.0;0.0;0.0;0.0;0.0;4.9542726030243596e-5;4.403948689578566;3.9296519482853273e-7;0.9695166283023693;-5.372714194043702;0.0;0.0;0.0;0.0;0.0;40.2677644068922;411.4749809801818;46.292473757122984;375.12730202917373;-0.4275265632682218
4310.0;0.0;0.0026549648655336375;0.0;0.398370387620702;0.0;0.0;0.0;0.0;0.0;4.9542726030243596e-5;4.403948689578566;3.9296519482853273e-7;0.9695166283023693;-5.372714194043702;0.0;0.0;0.0;0.0;0.0;40.2677644068922;411.4749809801818;46.292473757122984;375.12730202917373;-0.4275265632682218
4311.0;0.0;0.0026549648655336375;0.0;0.398370387620702;0.0;0.0;0.0;0.0;0.0;4.9542726030243596e-5;4.403948689578566;3.9296519482853273e-7;0.9695166283023693;-5.372714194043702;0.0;0.0;0.0;0.0;0.0;40.2677644068922;411.4749809801818;46.292473757122984;375.12730202917373;-0.4275265632682218
4312.0;0.0;0.0026549648655336375;0.0;0.398370387620702;0.0;0.0;0.0;0.0;0.0;4.9542726030243596e-5;4.403948689578566;3.9296519482853273e-7;0.9695166283023693;-5.372714194043702;0.0;0.0;0.0;0.0;0.0;40.2677644068922;411.4749809801818;46.292473757122984;375.12730202917373;-0.4275265632682218
4313.0;0.0;0.0026549648655336375;0.0;0.398370387620702;0.0;0.0;0.0;0.0;0.0;4.9542726030243596e-5;4.403948689578566;3.9296519482853273e-7;0.9695166283023693;-5.372714194043702;0.0;0.0;0.0;0.0;0.0;40.2677644068922;411.4749809801818;46.292473757122984;375.12730202917373;-0.4275265632682218
4314.0;0.0;0.0026549648655336375;0.0;0.398370387620702;0.0;0.0;0.0;0.0;0.0;4.9542726030243596e-5;4.403948689578566;3.9296519482853273e-7;0.9695166283023693;-5.372714194043702;0.0;0.0;0.0;0.0;0.0;40.2677644068922;411.4749809801818;46.292473757122984;375.12730202917373;-0.4275265632682218
4315.0;0.0;0.0026549648655336375;0.0;0.398370387620702;0.0;0.0;0.0;0.0;0.0;4.9542726030243596e-5;4.403948689578566;3.9296519482853273e-7;0.9695166283023693;-5.372714194043702;0.0;0.0;0.0;0.0;0.0;40.2677644068922;411.4749809801818;46.292473757122984;375.12730202917373;-0.4275265632682218
4316.0;0.0;0.0026549648655336375;0.0;0.398370387620702;0.0;0.0;0.0;0.0;0.0;4.9542726030243596e-5;4.403948689578566;3.9296519482853273e-7;0.9695166283023693;-5.372714194043702;0.0;0.0;0.0;0.0;0.0;40.2677644068922;411.4749809801818;46.292473757122984;375.12730202917373;-0.4275265632682218
4317.0;0.0;0.0026549648655336375;0.0;0.398370387620702;0.0;0.0;0.0;0.0;0.0;4.9542726030243596e-5;4.403948689578566;3.9296519482853273e-7;0.9695166283023693;-5.372714194043702;0.0;0.0;0.0;0.0;0.0;40.2677644068922;411.4749809801818;46.292473757122984;375.12730202917373;-0.4275265632682218
4318.0;0.0;0.0026549648655336375;0.0;0.398370387620702;0.0;0.0;0.0;0.0;0.0;4.9542726030243596e-5;4.403948689578566;3.9296519482853273e-7;0.9695166283023693;-5.372714194043702;0.0;0.0;0.0;0.0;0.0;40.2677644068922;411.4749809801818;46.292473757122984;375.12730202917373;-0.4275265632682218
4319.0;0.0;0.0026549648655336375;0.0;0.398370387620702;0.0;0.0;0.0;0.0;0.0;4.9542726030243596e-5;4.403948689578566;3.9296519482853273e-7;0.9695166283023693;-5.372714194043702;0.0;0.0;0.0;0.0;0.0;40.2677644068922;411.4749809801818;46.292473757122984;375.12730202917373;-0.4275265632682218
4320.0;0.0;0.0026549648655336375;0.0;0.398370387620702;0.0;0.0;0.0;0.0;0.0;4.9542726030243596e-5;4.403948689578566;3.9296519482853273e-7;0.9695166283023693;-5.372714194043702;0.0;0.0;0.0;0.0;0.0;40.2677644068922;411.4749809801818;46.292473757122984;375.12730202917373;-0.4275265632682218
4321.0;0.0;0.00031673795075506353;0.0;0.398370387620702;0.0;0.0;0.0;0.0;0.0;2.00142134983787e-6;4.339105646178541;2.3813002161214017e-7;1.0743816036627813;-5.413349377755288;0.0;0.0;0.0;0.0;0.0;40.2677644068922;411.4749809801818;46.292473757122984;375.12730202917373;-0.4275265632682218
4322.0;0.0;0.00031673795075506353;0.0;0.398370387620702;0.0;0.0;0.0;0.0;0.0;2.00142134983787e-6;4.339105646178541;2.3813002161214017e-7;1.0743816036627813;-5.413349377755288;0.0;0.0;0.0;0.0;0.0;40.2677644068922;411.4749809801818;46.292473757122984;375.12730202917373;-0.4275265632682218
4323.0;0.0;0.00031673795075506353;0.0;0.398370387620702;0.0;0.0;0.0;0.0;0.0;2.00142134983787e-6;4.339105646178541;2.3813002161214017e-7;1.0743816036627813;-5.413349377755288;0.0;0.0;0.0;0.0;0.0;40.2677644068922;411.4749809801818;46.292473757122984;375.12730202917373;-0.4275265632682218
4324.0;0.0;0.00031673795075506353;0.0;0.398370387620702;0.0;0.0;0.0;0.0;0.0;2.00142134983787e-6;4.339105646178541;2.3813002161214017e-7;1.0743816036627813;-5.413349377755288;0.0;0.0;0.0;0.0;0.0;40.2677644068922;411.4749809801818;46.292473757122984;375.12730202917373;-0.4275265632682218
4325.0;0.0;0.00031673795075506353;0.0;0.398370387620702;0.0;0.0;0.0;0.0;0.0;2.00142134983787e-6;4.339105646178541;2.3813002161214017e-7;1.0743816036627813;-5.413349377755288;0.0;0.0;0.0;0.0;0.0;40.2677644068922;411.4749809801818;46.292473757122984;375.12730202917373;-0.4275265632682218
4326.0;0.0;0.00031673795075506353;0.0;0.398370387620702;0.0;0.0;0.0;0.0;0.0;2.00142134983787e-6;4.339105646178541;2.3813002161214017e-7;1.0743816036627813;-5.413349377755288;0.0;0.0;0.0;0.0;0.0;40.2677644068922;411.4749809801818;46.292473757122984;375.12730202917373;-0.4275265632682218
4327.0;0.0;0.00031673795075506353;0.0;0.398370387620702;0.0;0.0;0.0;0.0;0.0;2.00142134983787e-6;4.339105646178541;2.3813002161214017e-7;1.0743816036627813;-5.413349377755288;0.0;0.0;0.0;0.0;0.0;40.2677644068922;411.4749809801818;46.292473757122984;375.12730202917373;-0.4275265632682218
4328.0;0.0;0.00031673795075506353;0.0;0.398370387620702;0.0;0.0;0.0;0.0;0.0;2.00142134983787e-6;4.339105646178541;2.3813002161214017e-7;1.0743816036627813;-5.413349377755288;0.0;0.0;0.0;0.0;0.0;40.2677644068922;411.4749809801818;46.292473757122984;375.12730202917373;-0.4275265632682218
4329.0;0.0;0.00031673795075506353;0.0;0.398370387620702;0.0;0.0;0.0;0.0;0.0;2.00142134983787e-6;4.339105646178541;2.3813002161214017e-7;1.0743816036627813;-5.413349377755288;0.0;0.0;0.0;0.0;0.0;40.2677644068922;411.4749809801818;46.292473757122984;375.12730202917373;-0.4275265632682218
4330.0;0.0;0.00031673795075506353;0.0;0.398370387620702;0.0;0.0;0.0;0.0;0.0;2.00142134983787e-6;4.339105646178541;2.3813002161214017e-7;1.0743816036627813;-5.413349377755288;0.0;0.0;0.0;0.0;0.0;40.2677644068922;411.4749809801818;46.292473757122984;375.12730202917373;-0.4275265632682218
4331.0;0.0;0.00031673795075506353;0.0;0.398370387620702;0.0;0.0;0.0;0.0;0.0;2.00142134983787e-6;4.339105646178541;2.3813002161214017e-7;1.0743816036627813;-5.413349377755288;0.0;0.0;0.0;0.0;0.0;40.2677644068922;411.4749809801818;46.292473757122984;375.12730202917373;-0.4275265632682218
4332.0;0.0;0.00031673795075506353;0.0;0.398370387620702;0.0;0.0;0.0;0.0;0.0;2.00142134983787e-6;4.339105646178541;2.3813002161214017e-7;1.0743816036627813;-5.413349377755288;0.0;0.0;0.0;0.0;0.0;40.2677644068922;411.4749809801818;46.292473757122984;375.12730202917373;-0.4275265632682218
4333.0;0.0;0.00031673795075506353;0.0;0.398370387620702;0.0;0.0;0.0;0.0;0.0;2.00142134983787e-6;4.339105646178541;2.3813002161214017e-7;1.0743816036627813;-5.413349377755288;0.0;0.0;0.0;0.0;0.0;40.2677644068922;411.4749809801818;46.292473757122984;375.12730202917373;-0.4275265632682218
4334.0;0.0;0.00031673795075506353;0.0;0.398370387620702;0.0;0.0;0.0;0.0;0.0;2.00142134983787e-6;4.339105646178541;2.3813002161214017e-7;1.0743816036627813;-5.413349377755288;0.0;0.0;0.0;0.0;0.0;40.2677644068922;411.4749809801818;46.292473757122984;375.12730202917373;-0.4275265632682218
4335.0;0.0;0.00031673795075506353;0.0;0.398370387620702;0.0;0.0;0.0;0.0;0.0;2.00142134983787e-6;4.339105646178541;2.3813002161214017e-7;1.0743816036627813;-5.413349377755288;0.0;0.0;0.0;0.0;0.0;40.2677644068922;411.4749809801818;46.292473757122984;375.12730202917373;-0.4275265632682218
4336.0;0.0;0.00031673795075506353;0.0;0.398370387620702;0.0;0.0;0.0;0.0;0.0;2.00142134983787e-6;4.339105646178541;2.3813002161214017e-7;1.0743816036627813;-5.413349377755288;0.0;0.0;0.0;0.0;0.0;40.2677644068922;411.4749809801818;46.292473757122984;375.12730202917373;-0.4275265632682218
4337.0;0.0;0.00031673795075506353;0.0;0.398370387620702;0.0;0.0;0.0;0.0;0.0;2.00142134983787e-6;4.339105646178541;2.3813002161214017e-7;1.0743816036627813;-5.413349377755288;0.0;0.0;0.0;0.0;0.0;40.2677644068922;411.4749809801818;46.292473757122984;375.12730202917373;-0.4275265632682218
4338.0;0.0;0.00031673795075506353;0.0;0.398370387620702;0.0;0.0;0.0;0.0;0.0;2.00142134983787e-6;4.339105646178541;2.3813002161214017e-7;1.0743816036627813;-5.413349377755288;0.0;0.0;0.0;0.0;0.0;40.2677644068922;411.4749809801818;46.292473757122984;375.12730202917373;-0.4275265632682218
4339.0;0.0;0.00031673795075506353;0.0;0.398370387620702;0.0;0.0;0.0;0.0;0.0;2.00142134983787e-6;4.339105646178541;2.3813002161214017e-7;1.0743816036627813;-5.413349377755288;0.0;0.0;0.0;0.0;0.0;40.2677644068922;411.4749809801818;46.292473757122984;375.12730202917373;-0.4275265632682218
4340.0;0.0;0.00031673795075506353;0.0;0.398370387620702;0.0;0.0;0.0;0.0;0.0;2.00142134983787e-6;4.339105646178541;2.3813002161214017e-7;1.0743816036627813;-5.413349377755288;0.0;0.0;0.0;0.0;0.0;40.2677644068922;411.4749809801818;46.292473757122984;375.12730202917373;-0.4275265632682218
4341.0;0.0;0.00031673795075506353;0.0;0.398370387620702;0.0;0.0;0.0;0.0;0.0;2.00142134983787e-6;4.339105646178541;2.3813002161214017e-7;1.0743816036627813;-5.413349377755288;0.0;0.0;0.0;0.0;0.0;40.2677644068922;411.4749809801818;46.292473757122984;375.12730202917373;-0.4275265632682218
4342.0;0.0;0.00031673795075506353;0.0;0.398370387620702;0.0;0.0;0.0;0.0;0.0;2.00142134983787e-6;4.339105646178541;2.3813002161214017e-7;1.0743816036627813;-5.413349377755288;0.0;0.0;0.0;0.0;0.0;40.2677644068922;411.4749809801818;46.292473757122984;375.12730202917373;-0.4275265632682218
4343.0;0.0;0.00031673795075506353;0.0;0.398370387620702;0.0;0.0;0.0;0.0;0.0;2.00142134983787e-6;4.339105646178541;2.3813002161214017e-7;1.0743816036627813;-5.413349377755288;0.0;0.0;0.0;0.0;0.0;40.2677644068922;411.4749809801818;46.292473757122984;375.12730202917373;-0.4275265632682218
4344.0;0.0;0.00031673795075506353;0.0;0.398370387620702;0.0;0.0;0.0;0.0;0.0;2.00142134983787e-6;4.339105646178541;2.3813002161214017e-7;1.0743816036627813;-5.413349377755288;0.0;0.0;0.0;0.0;0.0;40.2677644068922;411.4749809801818;46.292473757122984;375.12730202917373;-0.4275265632682218
4345.0;0.0;-0.0006044559728961302;0.0;0.398370387620702;0.0;0.0;0.0;0.0;0.0;0.0;3.4206588382729866;0.0;0.276152270642642;-3.6968982499039016;0.0;0.0;0.0;0.0;0.0;40.2677644068922;411.4749809801818;46.292473757122984;375.12730202917373;-0.4275265632682218
4346.0;0.0;-0.0006044559728961302;0.0;0.398370387620702;0.0;0.0;0.0;0.0;0.0;0.0;3.4206588382729866;0.0;0.276152270642642;-3.6968982499039016;0.0;0.0;0.0;0.0;0.0;40.2677644068922;411.4749809801818;46.292473757122984;375.12730202917373;-0.4275265632682218
4347.0;0.0;-0.0006044559728961302;0.0;0.398370387620702;0.0;0.0;0.0;0.0;0.0;0.0;3.4206588382729866;0.0;0.276152270642642;-3.6968982499039016;0.0;0.0;0.0;0.0;0.0;40.2677644068922;411.4749809801818;46.292473757122984;375.12730202917373;-0.4275265632682218
4348.0;0.0;-0.0006044559728961302;0.0;0.398370387620702;0.0;0.0;0.0;0.0;0.0;0.0;3.4206588382729866;0.0;0.276152270642642;-3.6968982499039016;0.0;0.0;0.0;0.0;0.0;40.2677644068922;411.4749809801818;46.292473757122984;375.12730202917373;-0.4275265632682218
4349.0;0.0;-0.0006044559728961302;0.0;0.398370387620702;0.0;0.0;0.0;0.0;0.0;0.0;3.4206588382729866;0.0;0.276152270642642;-3.6968982499039016;0.0;0.0;0.0;0.0;0.0;40.2677644068922;411.4749809801818;46.292473757122984;375.12730202917373;-0.4275265632682218
4350.0;0.0;-0.0006044559728961302;0.0;0.398370387620702;0.0;0.0;0.0;0.0;0.0;0.0;3.4206588382729866;0.0;0.276152270642642;-3.6968982499039016;0.0;0.0;0.0;0.0;0.0;40.2677644068922;411.4749809801818;46.292473757122984;375.12730202917373;-0.4275265632682218
4351.0;0.0;-0.0006044559728961302;0.0;0.398370387620702;0.0;0.0;0.0;0.0;0.0;0.0;3.4206588382729866;0.0;0.276152270642642;-3.6968982499039016;0.0;0.0;0.0;0.0;0.0;40.2677644068922;411.4749809801818;46.292473757122984;375.12730202917373;-0.4275265632682218
4352.0;0.0;-0.0006044559728961302;0.0;0.398370387620702;0.0;0.0;0.0;0.0;0.0;0.0;3.4206588382729866;0.0;0.276152270642642;-3.6968982499039016;0.0;0.0;0.0;0.0;0.0;40.2677644068922;411.4749809801818;46.292473757122984;375.12730202917373;-0.4275265632682218
4353.0;0.0;-0.0006044559728961302;0.0;0.398370387620702;0.0;0.0;0.0;0.0;0.0;0.0;3.4206588382729866;0.0;0.276152270642642;-3.6968982499039016;0.0;0.0;0.0;0.0;0.0;40.2677644068922;411.4749809801818;46.292473757122984;375.12730202917373;-0.4275265632682218
4354.0;0.0;-0.0006044559728961302;0.0;0.398370387620702;0.0;0.0;0.0;0.0;0.0;0.0;3.4206588382729866;0.0;0.276152270642642;-3.6968982499039016;0.0;0.0;0.0;0.0;0.0;40.2677644068922;411.4749809801818;46.292473757122984;375.12730202917373;-0.4275265632682218
4355.0;0.0;-0.0006044559728961302;0.0;0.398370387620702;0.0;0.0;0.0;0.0;0.0;0.0;3.4206588382729866;0.0;0.276152270642642;-3.6968982499039016;0.0;0.0;0.0;0.0;0.0;40.2677644068922;411.4749809801818;46.292473757122984;375.12730202917373;-0.4275265632682218
4356.0;0.0;-0.0006044559728961302;0.0;0.398370387620702;0.0;0.0;0.0;0.0;0.0;0.0;3.4206588382729866;0.0;0.276152270642642;-3.6968982499039016;0.0;0.0;0.0;0.0;0.0;40.2677644068922;411.4749809801818;46.292473757122984;375.12730202917373;-0.4275265632682218
4357.0;0.0;-0.0006044559728961302;0.0;0.398370387620702;0.0;0.0;0.0;0.0;0.0;0.0;3.4206588382729866;0.0;0.276152270642642;-3.6968982499039016;0.0;0.0;0.0;0.0;0.0;40.2677644068922;411.4749809801818;46.292473757122984;375.12730202917373;-0.4275265632682218
4358.0;0.0;-0.0006044559728961302;0.0;0.398370387620702;0.0;0.0;0.0;0.0;0.0;0.0;3.4206588382729866;0.0;0.276152270642642;-3.6968982499039016;0.0;0.0;0.0;0.0;0.0;40.2677644068922;411.4749809801818;46.292473757122984;375.12730202917373;-0.4275265632682218
4359.0;0.0;-0.0006044559728961302;0.0;0.398370387620702;0.0;0.0;0.0;0.0;0.0;0.0;3.4206588382729866;0.0;0.276152270642642;-3.6968982499039016;0.0;0.0;0.0;0.0;0.0;40.2677644068922;411.4749809801818;46.292473757122984;375.12730202917373;-0.4275265632682218
4360.0;0.0;-0.0006044559728961302;0.0;0.398370387620702;0.0;0.0;0.0;0.0;0.0;0.0;3.4206588382729866;0.0;0.276152270642642;-3.6968982499039016;0.0;0.0;0.0;0.0;0.0;40.2677644068922;411.4749809801818;46.292473757122984;375.12730202917373;-0.4275265632682218
4361.0;0.0;-0.0006044559728961302;0.0;0.398370387620702;0.0;0.0;0.0;0.0;0.0;0.0;3.4206588382729866;0.0;0.276152270642642;-3.6968982499039016;0.0;0.0;0.0;0.0;0.0;40.2677644068922;411.4749809801818;46.292473757122984;375.12730202917373;-0.4275265632682218
4362.0;0.0;-0.0006044559728961302;0.0;0.398370387620702;0.0;0.0;0.0;0.0;0.0;0.0;3.4206588382729866;0.0;0.276152270642642;-3.6968982499039016;0.0;0.0;0.0;0.0;0.0;40.2677644068922;411.4749809801818;46.292473757122984;375.12730202917373;-0.4275265632682218
4363.0;0.0;-0.0006044559728961302;0.0;0.398370387620702;0.0;0.0;0.0;0.0;0.0;0.0;3.4206588382729866;0.0;0.276152270642642;-3.6968982499039016;0.0;0.0;0.0;0.0;0.0;40.2677644068922;411.4749809801818;46.292473757122984;375.12730202917373;-0.4275265632682218
4364.0;0.0;-0.0006044559728961302;0.0;0.398370387620702;0.0;0.0;0.0;0.0;0.0;0.0;3.4206588382729866;0.0;0.276152270642642;-3.6968982499039016;0.0;0.0;0.0;0.0;0.0;40.2677644068922;411.4749809801818;46.292473757122984;375.12730202917373;-0.4275265632682218
4365.0;0.0;-0.0006044559728961302;0.0;0.398370387620702;0.0;0.0;0.0;0.0;0.0;0.0;3.4206588382729866;0.0;0.276152270642642;-3.6968982499039016;0.0;0.0;0.0;0.0;0.0;40.2677644068922;411.4749809801818;46.292473757122984;375.12730202917373;-0.4275265632682218
4366.0;0.0;-0.0006044559728961302;0.0;0.398370387620702;0.0;0.0;0.0;0.0;0.0;0.0;3.4206588382729866;0.0;0.276152270642642;-3.6968982499039016;0.0;0.0;0.0;0.0;0.0;40.2677644068922;411.4749809801818;46.292473757122984;375.12730202917373;-0.4275265632682218
4367.0;0.0;-0.0006044559728961302;0.0;0.398370387620702;0.0;0.0;0.0;0.0;0.0;0.0;3.4206588382729866;0.0;0.276152270642642;-3.6968982499039016;0.0;0.0;0.0;0.0;0.0;40.2677644068922;411.4749809801818;46.292473757122984;375.12730202917373;-0.4275265632682218
4368.0;0.0;-0.0006044559728961302;0.0;0.398370387620702;0.0;0.0;0.0;0.0;0.0;0.0;3.4206588382729866;0.0;0.276152270642642;-3.6968982499039016;0.0;0.0;0.0;0.0;0.0;40.2677644068922;411.4749809801818;46.292473757122984;375.12730202917373;-0.4275265632682218
4369.0;0.0;-8.959720016609719e-5;0.0;0.398370387620702;0.0;0.0;0.0;0.0;0.0;0.0;4.292393471837827;0.0;1.133767970389443;-5.426111726927775;0.0;0.0;0.0;0.0;0.0;40.2677644068922;411.4749809801818;46.292473757122984;375.12730202917373;-0.4275265632682218
4370.0;0.0;-8.959720016609719e-5;0.0;0.398370387620702;0.0;0.0;0.0;0.0;0.0;0.0;4.292393471837827;0.0;1.133767970389443;-5.426111726927775;0.0;0.0;0.0;0.0;0.0;40.2677644068922;411.4749809801818;46.292473757122984;375.12730202917373;-0.4275265632682218
4371.0;0.0;-8.959720016609719e-5;0.0;0.398370387620702;0.0;0.0;0.0;0.0;0.0;0.0;4.292393471837827;0.0;1.133767970389443;-5.426111726927775;0.0;0.0;0.0;0.0;0.0;40.2677644068922;411.4749809801818;46.292473757122984;375.12730202917373;-0.4275265632682218
4372.0;0.0;-8.959720016609719e-5;0.0;0.398370387620702;0.0;0.0;0.0;0.0;0.0;0.0;4.292393471837827;0.0;1.133767970389443;-5.426111726927775;0.0;0.0;0.0;0.0;0.0;40.2677644068922;411.4749809801818;46.292473757122984;375.12730202917373;-0.4275265632682218
4373.0;0.0;-8.959720016609719e-5;0.0;0.398370387620702;0.0;0.0;0.0;0.0;0.0;0.0;4.292393471837827;0.0;1.133767970389443;-5.426111726927775;0.0;0.0;0.0;0.0;0.0;40.2677644068922;411.4749809801818;46.292473757122984;375.12730202917373;-0.4275265632682218
4374.0;0.0;-8.959720016609719e-5;0.0;0.398370387620702;0.0;0.0;0.0;0.0;0.0;0.0;4.292393471837827;0.0;1.133767970389443;-5.426111726927775;0.0;0.0;0.0;0.0;0.0;40.2677644068922;411.4749809801818;46.292473757122984;375.12730202917373;-0.4275265632682218
4375.0;0.0;-8.959720016609719e-5;0.0;0.398370387620702;0.0;0.0;0.0;0.0;0.0;0.0;4.292393471837827;0.0;1.133767970389443;-5.426111726927775;0.0;0.0;0.0;0.0;0.0;40.2677644068922;411.4749809801818;46.292473757122984;375.12730202917373;-0.4275265632682218
4376.0;0.0;-8.959720016609719e-5;0.0;0.398370387620702;0.0;0.0;0.0;0.0;0.0;0.0;4.292393471837827;0.0;1.133767970389443;-5.426111726927775;0.0;0.0;0.0;0.0;0.0;40.2677644068922;411.4749809801818;46.292473757122984;375.12730202917373;-0.4275265632682218
4377.0;0.0;-8.959720016609719e-5;0.0;0.398370387620702;0.0;0.0;0.0;0.0;0.0;0.0;4.292393471837827;0.0;1.133767970389443;-5.426111726927775;0.0;0.0;0.0;0.0;0.0;40.2677644068922;411.4749809801818;46.292473757122984;375.12730202917373;-0.4275265632682218
4378.0;0.0;-8.959720016609719e-5;0.0;0.398370387620702;0.0;0.0;0.0;0.0;0.0;0.0;4.292393471837827;0.0;1.133767970389443;-5.426111726927775;0.0;0.0;0.0;0.0;0.0;40.2677644068922;411.4749809801818;46.292473757122984;375.12730202917373;-0.4275265632682218
4379.0;0.0;-8.959720016609719e-5;0.0;0.398370387620702;0.0;0.0;0.0;0.0;0.0;0.0;4.292393471837827;0.0;1.133767970389443;-5.426111726927775;0.0;0.0;0.0;0.0;0.0;40.2677644068922;411.4749809801818;46.292473757122984;375.12730202917373;-0.4275265632682218
4380.0;0.0;-8.959720016609719e-5;0.0;0.398370387620702;0.0;0.0;0.0;0.0;0.0;0.0;4.292393471837827;0.0;1.133767970389443;-5.426111726927775;0.0;0.0;0.0;0.0;0.0;40.2677644068922;411.4749809801818;46.292473757122984;375.12730202917373;-0.4275265632682218
4381.0;0.0;-8.959720016609719e-5;0.0;0.398370387620702;0.0;0.0;0.0;0.0;0.0;0.0;4.292393471837827;0.0;1.133767970389443;-5.426111726927775;0.0;0.0;0.0;0.0;0.0;40.2677644068922;411.4749809801818;46.292473757122984;375.12730202917373;-0.4275265632682218
4382.0;0.0;-8.959720016609719e-5;0.0;0.398370387620702;0.0;0.0;0.0;0.0;0.0;0.0;4.292393471837827;0.0;1.133767970389443;-5.426111726927775;0.0;0.0;0.0;0.0;0.0;40.2677644068922;411.4749809801818;46.292473757122984;375.12730202917373;-0.4275265632682218
4383.0;0.0;-8.959720016609719e-5;0.0;0.398370387620702;0.0;0.0;0.0;0.0;0.0;0.0;4.292393471837827;0.0;1.133767970389443;-5.426111726927775;0.0;0.0;0.0;0.0;0.0;40.2677644068922;411.4749809801818;46.292473757122984;375.12730202917373;-0.4275265632682218
4384.0;0.0;-8.959720016609719e-5;0.0;0.398370387620702;0.0;0.0;0.0;0.0;0.0;0.0;4.292393471837827;0.0;1.133767970389443;-5.426111726927775;0.0;0.0;0.0;0.0;0.0;40.2677644068922;411.4749809801818;46.292473757122984;375.12730202917373;-0.4275265632682218
4385.0;0.0;-8.959720016609719e-5;0.0;0.398370387620702;0.0;0.0;0.0;0.0;0.0;0.0;4.292393471837827;0.0;1.133767970389443;-5.426111726927775;0.0;0.0;0.0;0.0;0.0;40.2677644068922;411.4749809801818;46.292473757122984;375.12730202917373;-0.4275265632682218
4386.0;0.0;-8.959720016609719e-5;0.0;0.398370387620702;0.0;0.0;0.0;0.0;0.0;0.0;4.292393471837827;0.0;1.133767970389443;-5.426111726927775;0.0;0.0;0.0;0.0;0.0;40.2677644068922;411.4749809801818;46.292473757122984;375.12730202917373;-0.4275265632682218
4387.0;0.0;-8.959720016609719e-5;0.0;0.398370387620702;0.0;0.0;0.0;0.0;0.0;0.0;4.292393471837827;0.0;1.133767970389443;-5.426111726927775;0.0;0.0;0.0;0.0;0.0;40.2677644068922;411.4749809801818;46.292473757122984;375.12730202917373;-0.4275265632682218
4388.0;0.0;-8.959720016609719e-5;0.0;0.398370387620702;0.0;0.0;0.0;0.0;0.0;0.0;4.292393471837827;0.0;1.133767970389443;-5.426111726927775;0.0;0.0;0.0;0.0;0.0;40.2677644068922;411.4749809801818;46.292473757122984;375.12730202917373;-0.4275265632682218
4389.0;0.0;-8.959720016609719e-5;0.0;0.398370387620702;0.0;0.0;0.0;0.0;0.0;0.0;4.292393471837827;0.0;1.133767970389443;-5.426111726927775;0.0;0.0;0.0;0.0;0.0;40.2677644068922;411.4749809801818;46.292473757122984;375.12730202917373;-0.4275265632682218
4390.0;0.0;-8.959720016609719e-5;0.0;0.398370387620702;0.0;0.0;0.0;0.0;0.0;0.0;4.292393471837827;0.0;1.133767970389443;-5.426111726927775;0.0;0.0;0.0;0.0;0.0;40.2677644068922;411.4749809801818;46.292473757122984;375.12730202917373;-0.4275265632682218
4391.0;0.0;-8.959720016609719e-5;0.0;0.398370387620702;0.0;0.0;0.0;0.0;0.0;0.0;4.292393471837827;0.0;1.133767970389443;-5.426111726927775;0.0;0.0;0.0;0.0;0.0;40.2677644068922;411.4749809801818;46.292473757122984;375.12730202917373;-0.4275265632682218
4392.0;0.0;-8.959720016609719e-5;0.0;0.398370387620702;0.0;0.0;0.0;0.0;0.0;0.0;4.292393471837827;0.0;1.133767970389443;-5.426111726927775;0.0;0.0;0.0;0.0;0.0;40.2677644068922;411.4749809801818;46.292473757122984;375.12730202917373;-0.4275265632682218
4393.0;0.0;-2.1195907276890257e-6;0.0;0.398370387620702;0.0;0.0;0.0;0.0;0.0;0.0;2.5972016010845396;0.0;3.268311129383669;-5.865511797491119;0.0;0.0;0.0;0.0;0.0;40.2677644068922;411.4749809801818;46.292473757122984;375.12730202917373;-0.4275265632682218
4394.0;0.0;-2.1195907276890257e-6;0.0;0.398370387620702;0.0;0.0;0.0;0.0;0.0;0.0;2.5972016010845396;0.0;3.268311129383669;-5.865511797491119;0.0;0.0;0.0;0.0;0.0;40.2677644068922;411.4749809801818;46.292473757122984;375.12730202917373;-0.4275265632682218
4395.0;0.0;-2.1195907276890257e-6;0.0;0.398370387620702;0.0;0.0;0.0;0.0;0.0;0.0;2.5972016010845396;0.0;3.268311129383669;-5.865511797491119;0.0;0.0;0.0;0.0;0.0;40.2677644068922;411.4749809801818;46.292473757122984;375.12730202917373;-0.4275265632682218
4396.0;0.0;-2.1195907276890257e-6;0.0;0.398370387620702;0.0;0.0;0.0;0.0;0.0;0.0;2.5972016010845396;0.0;3.268311129383669;-5.865511797491119;0.0;0.0;0.0;0.0;0.0;40.2677644068922;411.4749809801818;46.292473757122984;375.12730202917373;-0.4275265632682218
4397.0;0.0;-2.1195907276890257e-6;0.0;0.398370387620702;0.0;0.0;0.0;0.0;0.0;0.0;2.5972016010845396;0.0;3.268311129383669;-5.865511797491119;0.0;0.0;0.0;0.0;0.0;40.2677644068922;411.4749809801818;46.292473757122984;375.12730202917373;-0.4275265632682218
4398.0;0.0;-2.1195907276890257e-6;0.0;0.398370387620702;0.0;0.0;0.0;0.0;0.0;0.0;2.5972016010845396;0.0;3.268311129383669;-5.865511797491119;0.0;0.0;0.0;0.0;0.0;40.2677644068922;411.4749809801818;46.292473757122984;375.12730202917373;-0.4275265632682218
4399.0;0.0;-2.1195907276890257e-6;0.0;0.398370387620702;0.0;0.0;0.0;0.0;0.0;0.0;2.5972016010845396;0.0;3.268311129383669;-5.865511797491119;0.0;0.0;0.0;0.0;0.0;40.2677644068922;411.4749809801818;46.292473757122984;375.12730202917373;-0.4275265632682218
4400.0;0.0;-2.1195907276890257e-6;0.0;0.398370387620702;0.0;0.0;0.0;0.0;0.0;0.0;2.5972016010845396;0.0;3.268311129383669;-5.865511797491119;0.0;0.0;0.0;0.0;0.0;40.2677644068922;411.4749809801818;46.292473757122984;375.12730202917373;-0.4275265632682218
4401.0;0.0;-2.1195907276890257e-6;0.0;0.398370387620702;0.0;0.0;0.0;0.0;0.0;0.0;2.5972016010845396;0.0;3.268311129383669;-5.865511797491119;0.0;0.0;0.0;0.0;0.0;40.2677644068922;411.4749809801818;46.292473757122984;375.12730202917373;-0.4275265632682218
4402.0;0.0;-2.1195907276890257e-6;0.0;0.398370387620702;0.0;0.0;0.0;0.0;0.0;0.0;2.5972016010845396;0.0;3.268311129383669;-5.865511797491119;0.0;0.0;0.0;0.0;0.0;40.2677644068922;411.4749809801818;46.292473757122984;375.12730202917373;-0.4275265632682218
4403.0;0.0;-2.1195907276890257e-6;0.0;0.398370387620702;0.0;0.0;0.0;0.0;0.0;0.0;2.5972016010845396;0.0;3.268311129383669;-5.865511797491119;0.0;0.0;0.0;0.0;0.0;40.2677644068922;411.4749809801818;46.292473757122984;375.12730202917373;-0.4275265632682218
4404.0;0.0;-2.1195907276890257e-6;0.0;0.398370387620702;0.0;0.0;0.0;0.0;0.0;0.0;2.5972016010845396;0.0;3.268311129383669;-5.865511797491119;0.0;0.0;0.0;0.0;0.0;40.2677644068922;411.4749809801818;46.292473757122984;375.12730202917373;-0.4275265632682218
4405.0;0.0;-2.1195907276890257e-6;0.0;0.398370387620702;0.0;0.0;0.0;0.0;0.0;0.0;2.5972016010845396;0.0;3.268311129383669;-5.865511797491119;0.0;0.0;0.0;0.0;0.0;40.2677644068922;411.4749809801818;46.292473757122984;375.12730202917373;-0.4275265632682218
4406.0;0.0;-2.1195907276890257e-6;0.0;0.398370387620702;0.0;0.0;0.0;0.0;0.0;0.0;2.5972016010845396;0.0;3.268311129383669;-5.865511797491119;0.0;0.0;0.0;0.0;0.0;40.2677644068922;411.4749809801818;46.292473757122984;375.12730202917373;-0.4275265632682218
4407.0;0.0;-2.1195907276890257e-6;0.0;0.398370387620702;0.0;0.0;0.0;0.0;0.0;0.0;2.5972016010845396;0.0;3.268311129383669;-5.865511797491119;0.0;0.0;0.0;0.0;0.0;40.2677644068922;411.4749809801818;46.292473757122984;375.12730202917373;-0.4275265632682218
4408.0;0.0;-2.1195907276890257e-6;0.0;0.398370387620702;0.0;0.0;0.0;0.0;0.0;0.0;2.5972016010845396;0.0;3.268311129383669;-5.865511797491119;0.0;0.0;0.0;0.0;0.0;40.2677644068922;411.4749809801818;46.292473757122984;375.12730202917373;-0.4275265632682218
4409.0;0.0;-2.1195907276890257e-6;0.0;0.398370387620702;0.0;0.0;0.0;0.0;0.0;0.0;2.5972016010845396;0.0;3.268311129383669;-5.865511797491119;0.0;0.0;0.0;0.0;0.0;40.2677644068922;411.4749809801818;46.292473757122984;375.12730202917373;-0.4275265632682218
4410.0;0.0;-2.1195907276890257e-6;0.0;0.398370387620702;0.0;0.0;0.0;0.0;0.0;0.0;2.5972016010845396;0.0;3.268311129383669;-5.865511797491119;0.0;0.0;0.0;0.0;0.0;40.2677644068922;411.4749809801818;46.292473757122984;375.12730202917373;-0.4275265632682218
4411.0;0.0;-2.1195907276890257e-6;0.0;0.398370387620702;0.0;0.0;0.0;0.0;0.0;0.0;2.5972016010845396;0.0;3.268311129383669;-5.865511797491119;0.0;0.0;0.0;0.0;0.0;40.2677644068922;411.4749809801818;46.292473757122984;375.12730202917373;-0.4275265632682218
4412.0;0.0;-2.1195907276890257e-6;0.0;0.398370387620702;0.0;0.0;0.0;0.0;0.0;0.0;2.5972016010845396;0.0;3.268311129383669;-5.865511797491119;0.0;0.0;0.0;0.0;0.0;40.2677644068922;411.4749809801818;46.292473757122984;375.12730202917373;-0.4275265632682218
4413.0;0.0;-2.1195907276890257e-6;0.0;0.398370387620702;0.0;0.0;0.0;0.0;0.0;0.0;2.5972016010845396;0.0;3.268311129383669;-5.865511797491119;0.0;0.0;0.0;0.0;0.0;40.2677644068922;411.4749809801818;46.292473757122984;375.12730202917373;-0.4275265632682218
4414.0;0.0;-2.1195907276890257e-6;0.0;0.398370387620702;0.0;0.0;0.0;0.0;0.0;0.0;2.5972016010845396;0.0;3.268311129383669;-5.865511797491119;0.0;0.0;0.0;0.0;0.0;40.2677644068922;411.4749809801818;46.292473757122984;375.12730202917373;-0.4275265632682218
4415.0;0.0;-2.1195907276890257e-6;0.0;0.398370387620702;0.0;0.0;0.0;0.0;0.0;0.0;2.5972016010845396;0.0;3.268311129383669;-5.865511797491119;0.0;0.0;0.0;0.0;0.0;40.2677644068922;411.4749809801818;46.292473757122984;375.12730202917373;-0.4275265632682218
4416.0;0.0;-2.1195907276890257e-6;0.0;0.398370387620702;0.0;0.0;0.0;0.0;0.0;0.0;2.5972016010845396;0.0;3.268311129383669;-5.865511797491119;0.0;0.0;0.0;0.0;0.0;40.2677644068922;411.4749809801818;46.292473757122984;375.12730202917373;-0.4275265632682218
4417.0;0.0;-5.398354040533957e-6;0.0;0.4656389719895416;0.0;0.0;0.0;0.0;0.0;0.00014422256362393228;1.4053003115150946;5.527815826580032e-5;4.216165388434775;-5.621646443363267;0.0;0.0;0.0;0.0;0.0;40.252206612897034;413.1325873486171;46.2760947861927;381.86099969601366;-0.026224461458800086
4418.0;0.0;-5.398354040533957e-6;0.0;0.4656389719895416;0.0;0.0;0.0;0.0;0.0;0.00014422256362393228;1.4053003115150946;5.527815826580032e-5;4.216165388434775;-5.621646443363267;0.0;0.0;0.0;0.0;0.0;40.252206612897034;413.1325873486171;46.2760947861927;381.86099969601366;-0.026224461458800086
4419.0;0.0;-5.398354040533957e-6;0.0;0.4656389719895416;0.0;0.0;0.0;0.0;0.0;0.00014422256362393228;1.4053003115150946;5.527815826580032e-5;4.216165388434775;-5.621646443363267;0.0;0.0;0.0;0.0;0.0;40.252206612897034;413.1325873486171;46.2760947861927;381.86099969601366;-0.026224461458800086
4420.0;0.0;-5.398354040533957e-6;0.0;0.4656389719895416;0.0;0.0;0.0;0.0;0.0;0.00014422256362393228;1.4053003115150946;5.527815826580032e-5;4.216165388434775;-5.621646443363267;0.0;0.0;0.0;0.0;0.0;40.252206612897034;413.1325873486171;46.2760947861927;381.86099969601366;-0.026224461458800086
4421.0;0.0;-5.398354040533957e-6;0.0;0.4656389719895416;0.0;0.0;0.0;0.0;0.0;0.00014422256362393228;1.4053003115150946;5.527815826580032e-5;4.216165388434775;-5.621646443363267;0.0;0.0;0.0;0.0;0.0;40.252206612897034;413.1325873486171;46.2760947861927;381.86099969601366;-0.026224461458800086
4422.0;0.0;-5.398354040533957e-6;0.0;0.4656389719895416;0.0;0.0;0.0;0.0;0.0;0.00014422256362393228;1.4053003115150946;5.527815826580032e-5;4.216165388434775;-5.621646443363267;0.0;0.0;0.0;0.0;0.0;40.252206612897034;413.1325873486171;46.2760947861927;381.86099969601366;-0.026224461458800086
4423.0;0.0;-5.398354040533957e-6;0.0;0.4656389719895416;0.0;0.0;0.0;0.0;0.0;0.00014422256362393228;1.4053003115150946;5.527815826580032e-5;4.216165388434775;-5.621646443363267;0.0;0.0;0.0;0.0;0.0;40.252206612897034;413.1325873486171;46.2760947861927;381.86099969601366;-0.026224461458800086
4424.0;0.0;-5.398354040533957e-6;0.0;0.4656389719895416;0.0;0.0;0.0;0.0;0.0;0.00014422256362393228;1.4053003115150946;5.527815826580032e-5;4.216165388434775;-5.621646443363267;0.0;0.0;0.0;0.0;0.0;40.252206612897034;413.1325873486171;46.2760947861927;381.86099969601366;-0.026224461458800086
4425.0;0.0;-5.398354040533957e-6;0.0;0.4656389719895416;0.0;0.0;0.0;0.0;0.0;0.00014422256362393228;1.4053003115150946;5.527815826580032e-5;4.216165388434775;-5.621646443363267;0.0;0.0;0.0;0.0;0.0;40.252206612897034;413.1325873486171;46.2760947861927;381.86099969601366;-0.026224461458800086
4426.0;0.0;-5.398354040533957e-6;0.0;0.4656389719895416;0.0;0.0;0.0;0.0;0.0;0.00014422256362393228;1.4053003115150946;5.527815826580032e-5;4.216165388434775;-5.621646443363267;0.0;0.0;0.0;0.0;0.0;40.252206612897034;413.1325873486171;46.2760947861927;381.86099969601366;-0.026224461458800086
4427.0;0.0;-5.398354040533957e-6;0.0;0.4656389719895416;0.0;0.0;0.0;0.0;0.0;0.00014422256362393228;1.4053003115150946;5.527815826580032e-5;4.216165388434775;-5.621646443363267;0.0;0.0;0.0;0.0;0.0;40.252206612897034;413.1325873486171;46.2760947861927;381.86099969601366;-0.026224461458800086
4428.0;0.0;-5.398354040533957e-6;0.0;0.4656389719895416;0.0;0.0;0.0;0.0;0.0;0.00014422256362393228;1.4053003115150946;5.527815826580032e-5;4.216165388434775;-5.621646443363267;0.0;0.0;0.0;0.0;0.0;40.252206612897034;413.1325873486171;46.2760947861927;381.86099969601366;-0.026224461458800086
4429.0;0.0;-5.398354040533957e-6;0.0;0.4656389719895416;0.0;0.0;0.0;0.0;0.0;0.00014422256362393228;1.4053003115150946;5.527815826580032e-5;4.216165388434775;-5.621646443363267;0.0;0.0;0.0;0.0;0.0;40.252206612897034;413.1325873486171;46.2760947861927;381.86099969601366;-0.026224461458800086
4430.0;0.0;-5.398354040533957e-6;0.0;0.4656389719895416;0.0;0.0;0.0;0.0;0.0;0.00014422256362393228;1.4053003115150946;5.527815826580032e-5;4.216165388434775;-5.621646443363267;0.0;0.0;0.0;0.0;0.0;40.252206612897034;413.1325873486171;46.2760947861927;381.86099969601366;-0.026224461458800086
4431.0;0.0;-5.398354040533957e-6;0.0;0.4656389719895416;0.0;0.0;0.0;0.0;0.0;0.00014422256362393228;1.4053003115150946;5.527815826580032e-5;4.216165388434775;-5.621646443363267;0.0;0.0;0.0;0.0;0.0;40.252206612897034;413.1325873486171;46.2760947861927;381.86099969601366;-0.026224461458800086
4432.0;0.0;-5.398354040533957e-6;0.0;0.4656389719895416;0.0;0.0;0.0;0.0;0.0;0.00014422256362393228;1.4053003115150946;5.527815826580032e-5;4.216165388434775;-5.621646443363267;0.0;0.0;0.0;0.0;0.0;40.252206612897034;413.1325873486171;46.2760947861927;381.86099969601366;-0.026224461458800086
4433.0;0.0;-5.398354040533957e-6;0.0;0.4656389719895416;0.0;0.0;0.0;0.0;0.0;0.00014422256362393228;1.4053003115150946;5.527815826580032e-5;4.216165388434775;-5.621646443363267;0.0;0.0;0.0;0.0;0.0;40.252206612897034;413.1325873486171;46.2760947861927;381.86099969601366;-0.026224461458800086
4434.0;0.0;-5.398354040533957e-6;0.0;0.4656389719895416;0.0;0.0;0.0;0.0;0.0;0.00014422256362393228;1.4053003115150946;5.527815826580032e-5;4.216165388434775;-5.621646443363267;0.0;0.0;0.0;0.0;0.0;40.252206612897034;413.1325873486171;46.2760947861927;381.86099969601366;-0.026224461458800086
4435.0;0.0;-5.398354040533957e-6;0.0;0.4656389719895416;0.0;0.0;0.0;0.0;0.0;0.00014422256362393228;1.4053003115150946;5.527815826580032e-5;4.216165388434775;-5.621646443363267;0.0;0.0;0.0;0.0;0.0;40.252206612897034;413.1325873486171;46.2760947861927;381.86099969601366;-0.026224461458800086
4436.0;0.0;-5.398354040533957e-6;0.0;0.4656389719895416;0.0;0.0;0.0;0.0;0.0;0.00014422256362393228;1.4053003115150946;5.527815826580032e-5;4.216165388434775;-5.621646443363267;0.0;0.0;0.0;0.0;0.0;40.252206612897034;413.1325873486171;46.2760947861927;381.86099969601366;-0.026224461458800086
4437.0;0.0;-5.398354040533957e-6;0.0;0.4656389719895416;0.0;0.0;0.0;0.0;0.0;0.00014422256362393228;1.4053003115150946;5.527815826580032e-5;4.216165388434775;-5.621646443363267;0.0;0.0;0.0;0.0;0.0;40.252206612897034;413.1325873486171;46.2760947861927;381.86099969601366;-0.026224461458800086
4438.0;0.0;-5.398354040533957e-6;0.0;0.4656389719895416;0.0;0.0;0.0;0.0;0.0;0.00014422256362393228;1.4053003115150946;5.527815826580032e-5;4.216165388434775;-5.621646443363267;0.0;0.0;0.0;0.0;0.0;40.252206612897034;413.1325873486171;46.2760947861927;381.86099969601366;-0.026224461458800086
4439.0;0.0;-5.398354040533957e-6;0.0;0.4656389719895416;0.0;0.0;0.0;0.0;0.0;0.00014422256362393228;1.4053003115150946;5.527815826580032e-5;4.216165388434775;-5.621646443363267;0.0;0.0;0.0;0.0;0.0;40.252206612897034;413.1325873486171;46.2760947861927;381.86099969601366;-0.026224461458800086
4440.0;0.0;-5.398354040533957e-6;0.0;0.4656389719895416;0.0;0.0;0.0;0.0;0.0;0.00014422256362393228;1.4053003115150946;5.527815826580032e-5;4.216165388434775;-5.621646443363267;0.0;0.0;0.0;0.0;0.0;40.252206612897034;413.1325873486171;46.2760947861927;381.86099969601366;-0.026224461458800086
4441.0;0.0;-0.0038871616967279185;0.0;0.4656389719895416;0.0;0.0;0.0;0.0;0.0;0.0;1.075323569559047;0.0;4.099340006894614;-5.17592791491728;0.0;0.0;0.0;0.0;0.0;40.252206612897034;413.1325873486171;46.2760947861927;381.86099969601366;-0.026224461458800086
4442.0;0.0;-0.0038871616967279185;0.0;0.4656389719895416;0.0;0.0;0.0;0.0;0.0;0.0;1.075323569559047;0.0;4.099340006894614;-5.17592791491728;0.0;0.0;0.0;0.0;0.0;40.252206612897034;413.1325873486171;46.2760947861927;381.86099969601366;-0.026224461458800086
4443.0;0.0;-0.0038871616967279185;0.0;0.4656389719895416;0.0;0.0;0.0;0.0;0.0;0.0;1.075323569559047;0.0;4.099340006894614;-5.17592791491728;0.0;0.0;0.0;0.0;0.0;40.252206612897034;413.1325873486171;46.2760947861927;381.86099969601366;-0.026224461458800086
4444.0;0.0;-0.0038871616967279185;0.0;0.4656389719895416;0.0;0.0;0.0;0.0;0.0;0.0;1.075323569559047;0.0;4.099340006894614;-5.17592791491728;0.0;0.0;0.0;0.0;0.0;40.252206612897034;413.1325873486171;46.2760947861927;381.86099969601366;-0.026224461458800086
4445.0;0.0;-0.0038871616967279185;0.0;0.4656389719895416;0.0;0.0;0.0;0.0;0.0;0.0;1.075323569559047;0.0;4.099340006894614;-5.17592791491728;0.0;0.0;0.0;0.0;0.0;40.252206612897034;413.1325873486171;46.2760947861927;381.86099969601366;-0.026224461458800086
4446.0;0.0;-0.0038871616967279185;0.0;0.4656389719895416;0.0;0.0;0.0;0.0;0.0;0.0;1.075323569559047;0.0;4.099340006894614;-5.17592791491728;0.0;0.0;0.0;0.0;0.0;40.252206612897034;413.1325873486171;46.2760947861927;381.86099969601366;-0.026224461458800086
4447.0;0.0;-0.0038871616967279185;0.0;0.4656389719895416;0.0;0.0;0.0;0.0;0.0;0.0;1.075323569559047;0.0;4.099340006894614;-5.17592791491728;0.0;0.0;0.0;0.0;0.0;40.252206612897034;413.1325873486171;46.2760947861927;381.86099969601366;-0.026224461458800086
4448.0;0.0;-0.0038871616967279185;0.0;0.4656389719895416;0.0;0.0;0.0;0.0;0.0;0.0;1.075323569559047;0.0;4.099340006894614;-5.17592791491728;0.0;0.0;0.0;0.0;0.0;40.252206612897034;413.1325873486171;46.2760947861927;381.86099969601366;-0.026224461458800086
4449.0;0.0;-0.0038871616967279185;0.0;0.4656389719895416;0.0;0.0;0.0;0.0;0.0;0.0;1.075323569559047;0.0;4.099340006894614;-5.17592791491728;0.0;0.0;0.0;0.0;0.0;40.252206612897034;413.1325873486171;46.2760947861927;381.86099969601366;-0.026224461458800086
4450.0;0.0;-0.0038871616967279185;0.0;0.4656389719895416;0.0;0.0;0.0;0.0;0.0;0.0;1.075323569559047;0.0;4.099340006894614;-5.17592791491728;0.0;0.0;0.0;0.0;0.0;40.252206612897034;413.1325873486171;46.2760947861927;381.86099969601366;-0.026224461458800086
4451.0;0.0;-0.0038871616967279185;0.0;0.4656389719895416;0.0;0.0;0.0;0.0;0.0;0.0;1.075323569559047;0.0;4.099340006894614;-5.17592791491728;0.0;0.0;0.0;0.0;0.0;40.252206612897034;413.1325873486171;46.2760947861927;381.86099969601366;-0.026224461458800086
4452.0;0.0;-0.0038871616967279185;0.0;0.4656389719895416;0.0;0.0;0.0;0.0;0.0;0.0;1.075323569559047;0.0;4.099340006894614;-5.17592791491728;0.0;0.0;0.0;0.0;0.0;40.252206612897034;413.1325873486171;46.2760947861927;381.86099969601366;-0.026224461458800086
4453.0;0.0;-0.0038871616967279185;0.0;0.4656389719895416;0.0;0.0;0.0;0.0;0.0;0.0;1.075323569559047;0.0;4.099340006894614;-5.17592791491728;0.0;0.0;0.0;0.0;0.0;40.252206612897034;413.1325873486171;46.2760947861927;381.86099969601366;-0.026224461458800086
4454.0;0.0;-0.0038871616967279185;0.0;0.4656389719895416;0.0;0.0;0.0;0.0;0.0;0.0;1.075323569559047;0.0;4.099340006894614;-5.17592791491728;0.0;0.0;0.0;0.0;0.0;40.252206612897034;413.1325873486171;46.2760947861927;381.86099969601366;-0.026224461458800086
4455.0;0.0;-0.0038871616967279185;0.0;0.4656389719895416;0.0;0.0;0.0;0.0;0.0;0.0;1.075323569559047;0.0;4.099340006894614;-5.17592791491728;0.0;0.0;0.0;0.0;0.0;40.252206612897034;413.1325873486171;46.2760947861927;381.86099969601366;-0.026224461458800086
4456.0;0.0;-0.0038871616967279185;0.0;0.4656389719895416;0.0;0.0;0.0;0.0;0.0;0.0;1.075323569559047;0.0;4.099340006894614;-5.17592791491728;0.0;0.0;0.0;0.0;0.0;40.252206612897034;413.1325873486171;46.2760947861927;381.86099969601366;-0.026224461458800086
4457.0;0.0;-0.0038871616967279185;0.0;0.4656389719895416;0.0;0.0;0.0;0.0;0.0;0.0;1.075323569559047;0.0;4.099340006894614;-5.17592791491728;0.0;0.0;0.0;0.0;0.0;40.252206612897034;413.1325873486171;46.2760947861927;381.86099969601366;-0.026224461458800086
4458.0;0.0;-0.0038871616967279185;0.0;0.4656389719895416;0.0;0.0;0.0;0.0;0.0;0.0;1.075323569559047;0.0;4.099340006894614;-5.17592791491728;0.0;0.0;0.0;0.0;0.0;40.252206612897034;413.1325873486171;46.2760947861927;381.86099969601366;-0.026224461458800086
4459.0;0.0;-0.0038871616967279185;0.0;0.4656389719895416;0.0;0.0;0.0;0.0;0.0;0.0;1.075323569559047;0.0;4.099340006894614;-5.17592791491728;0.0;0.0;0.0;0.0;0.0;40.252206612897034;413.1325873486171;46.2760947861927;381.86099969601366;-0.026224461458800086
4460.0;0.0;-0.0038871616967279185;0.0;0.4656389719895416;0.0;0.0;0.0;0.0;0.0;0.0;1.075323569559047;0.0;4.099340006894614;-5.17592791491728;0.0;0.0;0.0;0.0;0.0;40.252206612897034;413.1325873486171;46.2760947861927;381.86099969601366;-0.026224461458800086
4461.0;0.0;-0.0038871616967279185;0.0;0.4656389719895416;0.0;0.0;0.0;0.0;0.0;0.0;1.075323569559047;0.0;4.099340006894614;-5.17592791491728;0.0;0.0;0.0;0.0;0.0;40.252206612897034;413.1325873486171;46.2760947861927;381.86099969601366;-0.026224461458800086
4462.0;0.0;-0.0038871616967279185;0.0;0.4656389719895416;0.0;0.0;0.0;0.0;0.0;0.0;1.075323569559047;0.0;4.099340006894614;-5.17592791491728;0.0;0.0;0.0;0.0;0.0;40.252206612897034;413.1325873486171;46.2760947861927;381.86099969601366;-0.026224461458800086
4463.0;0.0;-0.0038871616967279185;0.0;0.4656389719895416;0.0;0.0;0.0;0.0;0.0;0.0;1.075323569559047;0.0;4.099340006894614;-5.17592791491728;0.0;0.0;0.0;0.0;0.0;40.252206612897034;413.1325873486171;46.2760947861927;381.86099969601366;-0.026224461458800086
4464.0;0.0;-0.0038871616967279185;0.0;0.4656389719895416;0.0;0.0;0.0;0.0;0.0;0.0;1.075323569559047;0.0;4.099340006894614;-5.17592791491728;0.0;0.0;0.0;0.0;0.0;40.252206612897034;413.1325873486171;46.2760947861927;381.86099969601366;-0.026224461458800086
4465.0;0.0;-0.0019854831744715597;0.0;0.4656389719895416;0.0;0.0;0.0;0.0;0.0;0.0;3.597314477289938;0.0;0.8410740584838665;-4.438698487825456;0.0;0.0;0.0;0.0;0.0;40.252206612897034;413.1325873486171;46.2760947861927;381.86099969601366;-0.026224461458800086
4466.0;0.0;-0.0019854831744715597;0.0;0.4656389719895416;0.0;0.0;0.0;0.0;0.0;0.0;3.597314477289938;0.0;0.8410740584838665;-4.438698487825456;0.0;0.0;0.0;0.0;0.0;40.252206612897034;413.1325873486171;46.2760947861927;381.86099969601366;-0.026224461458800086
4467.0;0.0;-0.0019854831744715597;0.0;0.4656389719895416;0.0;0.0;0.0;0.0;0.0;0.0;3.597314477289938;0.0;0.8410740584838665;-4.438698487825456;0.0;0.0;0.0;0.0;0.0;40.252206612897034;413.1325873486171;46.2760947861927;381.86099969601366;-0.026224461458800086
4468.0;0.0;-0.0019854831744715597;0.0;0.4656389719895416;0.0;0.0;0.0;0.0;0.0;0.0;3.597314477289938;0.0;0.8410740584838665;-4.438698487825456;0.0;0.0;0.0;0.0;0.0;40.252206612897034;413.1325873486171;46.2760947861927;381.86099969601366;-0.026224461458800086
4469.0;0.0;-0.0019854831744715597;0.0;0.4656389719895416;0.0;0.0;0.0;0.0;0.0;0.0;3.597314477289938;0.0;0.8410740584838665;-4.438698487825456;0.0;0.0;0.0;0.0;0.0;40.252206612897034;413.1325873486171;46.2760947861927;381.86099969601366;-0.026224461458800086
4470.0;0.0;-0.0019854831744715597;0.0;0.4656389719895416;0.0;0.0;0.0;0.0;0.0;0.0;3.597314477289938;0.0;0.8410740584838665;-4.438698487825456;0.0;0.0;0.0;0.0;0.0;40.252206612897034;413.1325873486171;46.2760947861927;381.86099969601366;-0.026224461458800086
4471.0;0.0;-0.0019854831744715597;0.0;0.4656389719895416;0.0;0.0;0.0;0.0;0.0;0.0;3.597314477289938;0.0;0.8410740584838665;-4.438698487825456;0.0;0.0;0.0;0.0;0.0;40.252206612897034;413.1325873486171;46.2760947861927;381.86099969601366;-0.026224461458800086
4472.0;0.0;-0.0019854831744715597;0.0;0.4656389719895416;0.0;0.0;0.0;0.0;0.0;0.0;3.597314477289938;0.0;0.8410740584838665;-4.438698487825456;0.0;0.0;0.0;0.0;0.0;40.252206612897034;413.1325873486171;46.2760947861927;381.86099969601366;-0.026224461458800086
4473.0;0.0;-0.0019854831744715597;0.0;0.4656389719895416;0.0;0.0;0.0;0.0;0.0;0.0;3.597314477289938;0.0;0.8410740584838665;-4.438698487825456;0.0;0.0;0.0;0.0;0.0;40.252206612897034;413.1325873486171;46.2760947861927;381.86099969601366;-0.026224461458800086
4474.0;0.0;-0.0019854831744715597;0.0;0.4656389719895416;0.0;0.0;0.0;0.0;0.0;0.0;3.597314477289938;0.0;0.8410740584838665;-4.438698487825456;0.0;0.0;0.0;0.0;0.0;40.252206612897034;413.1325873486171;46.2760947861927;381.86099969601366;-0.026224461458800086
4475.0;0.0;-0.0019854831744715597;0.0;0.4656389719895416;0.0;0.0;0.0;0.0;0.0;0.0;3.597314477289938;0.0;0.8410740584838665;-4.438698487825456;0.0;0.0;0.0;0.0;0.0;40.252206612897034;413.1325873486171;46.2760947861927;381.86099969601366;-0.026224461458800086
4476.0;0.0;-0.0019854831744715597;0.0;0.4656389719895416;0.0;0.0;0.0;0.0;0.0;0.0;3.597314477289938;0.0;0.8410740584838665;-4.438698487825456;0.0;0.0;0.0;0.0;0.0;40.252206612897034;413.1325873486171;46.2760947861927;381.86099969601366;-0.026224461458800086
4477.0;0.0;-0.0019854831744715597;0.0;0.4656389719895416;0.0;0.0;0.0;0.0;0.0;0.0;3.597314477289938;0.0;0.8410740584838665;-4.438698487825456;0.0;0.0;0.0;0.0;0.0;40.252206612897034;413.1325873486171;46.2760947861927;381.86099969601366;-0.026224461458800086
4478.0;0.0;-0.0019854831744715597;0.0;0.4656389719895416;0.0;0.0;0.0;0.0;0.0;0.0;3.597314477289938;0.0;0.8410740584838665;-4.438698487825456;0.0;0.0;0.0;0.0;0.0;40.252206612897034;413.1325873486171;46.2760947861927;381.86099969601366;-0.026224461458800086
4479.0;0.0;-0.0019854831744715597;0.0;0.4656389719895416;0.0;0.0;0.0;0.0;0.0;0.0;3.597314477289938;0.0;0.8410740584838665;-4.438698487825456;0.0;0.0;0.0;0.0;0.0;40.252206612897034;413.1325873486171;46.2760947861927;381.86099969601366;-0.026224461458800086
4480.0;0.0;-0.0019854831744715597;0.0;0.4656389719895416;0.0;0.0;0.0;0.0;0.0;0.0;3.597314477289938;0.0;0.8410740584838665;-4.438698487825456;0.0;0.0;0.0;0.0;0.0;40.252206612897034;413.1325873486171;46.2760947861927;381.86099969601366;-0.026224461458800086
4481.0;0.0;-0.0019854831744715597;0.0;0.4656389719895416;0.0;0.0;0.0;0.0;0.0;0.0;3.597314477289938;0.0;0.8410740584838665;-4.438698487825456;0.0;0.0;0.0;0.0;0.0;40.252206612897034;413.1325873486171;46.2760947861927;381.86099969601366;-0.026224461458800086
4482.0;0.0;-0.0019854831744715597;0.0;0.4656389719895416;0.0;0.0;0.0;0.0;0.0;0.0;3.597314477289938;0.0;0.8410740584838665;-4.438698487825456;0.0;0.0;0.0;0.0;0.0;40.252206612897034;413.1325873486171;46.2760947861927;381.86099969601366;-0.026224461458800086
4483.0;0.0;-0.0019854831744715597;0.0;0.4656389719895416;0.0;0.0;0.0;0.0;0.0;0.0;3.597314477289938;0.0;0.8410740584838665;-4.438698487825456;0.0;0.0;0.0;0.0;0.0;40.252206612897034;413.1325873486171;46.2760947861927;381.86099969601366;-0.026224461458800086
4484.0;0.0;-0.0019854831744715597;0.0;0.4656389719895416;0.0;0.0;0.0;0.0;0.0;0.0;3.597314477289938;0.0;0.8410740584838665;-4.438698487825456;0.0;0.0;0.0;0.0;0.0;40.252206612897034;413.1325873486171;46.2760947861927;381.86099969601366;-0.026224461458800086
4485.0;0.0;-0.0019854831744715597;0.0;0.4656389719895416;0.0;0.0;0.0;0.0;0.0;0.0;3.597314477289938;0.0;0.8410740584838665;-4.438698487825456;0.0;0.0;0.0;0.0;0.0;40.252206612897034;413.1325873486171;46.2760947861927;381.86099969601366;-0.026224461458800086
4486.0;0.0;-0.0019854831744715597;0.0;0.4656389719895416;0.0;0.0;0.0;0.0;0.0;0.0;3.597314477289938;0.0;0.8410740584838665;-4.438698487825456;0.0;0.0;0.0;0.0;0.0;40.252206612897034;413.1325873486171;46.2760947861927;381.86099969601366;-0.026224461458800086
4487.0;0.0;-0.0019854831744715597;0.0;0.4656389719895416;0.0;0.0;0.0;0.0;0.0;0.0;3.597314477289938;0.0;0.8410740584838665;-4.438698487825456;0.0;0.0;0.0;0.0;0.0;40.252206612897034;413.1325873486171;46.2760947861927;381.86099969601366;-0.026224461458800086
4488.0;0.0;-0.0019854831744715597;0.0;0.4656389719895416;0.0;0.0;0.0;0.0;0.0;0.0;3.597314477289938;0.0;0.8410740584838665;-4.438698487825456;0.0;0.0;0.0;0.0;0.0;40.252206612897034;413.1325873486171;46.2760947861927;381.86099969601366;-0.026224461458800086
4489.0;0.0;-0.002573542632795775;0.0;0.4656389719895416;0.0;0.0;0.0;0.0;0.0;0.0;4.347426776316869;0.0;1.203498454056916;-5.552728981290726;0.0;0.0;0.0;0.0;0.0;40.252206612897034;413.1325873486171;46.2760947861927;381.86099969601366;-0.026224461458800086
4490.0;0.0;-0.002573542632795775;0.0;0.4656389719895416;0.0;0.0;0.0;0.0;0.0;0.0;4.347426776316869;0.0;1.203498454056916;-5.552728981290726;0.0;0.0;0.0;0.0;0.0;40.252206612897034;413.1325873486171;46.2760947861927;381.86099969601366;-0.026224461458800086
4491.0;0.0;-0.002573542632795775;0.0;0.4656389719895416;0.0;0.0;0.0;0.0;0.0;0.0;4.347426776316869;0.0;1.203498454056916;-5.552728981290726;0.0;0.0;0.0;0.0;0.0;40.252206612897034;413.1325873486171;46.2760947861927;381.86099969601366;-0.026224461458800086
4492.0;0.0;-0.002573542632795775;0.0;0.4656389719895416;0.0;0.0;0.0;0.0;0.0;0.0;4.347426776316869;0.0;1.203498454056916;-5.552728981290726;0.0;0.0;0.0;0.0;0.0;40.252206612897034;413.1325873486171;46.2760947861927;381.86099969601366;-0.026224461458800086
4493.0;0.0;-0.002573542632795775;0.0;0.4656389719895416;0.0;0.0;0.0;0.0;0.0;0.0;4.347426776316869;0.0;1.203498454056916;-5.552728981290726;0.0;0.0;0.0;0.0;0.0;40.252206612897034;413.1325873486171;46.2760947861927;381.86099969601366;-0.026224461458800086
4494.0;0.0;-0.002573542632795775;0.0;0.4656389719895416;0.0;0.0;0.0;0.0;0.0;0.0;4.347426776316869;0.0;1.203498454056916;-5.552728981290726;0.0;0.0;0.0;0.0;0.0;40.252206612897034;413.1325873486171;46.2760947861927;381.86099969601366;-0.026224461458800086
4495.0;0.0;-0.002573542632795775;0.0;0.4656389719895416;0.0;0.0;0.0;0.0;0.0;0.0;4.347426776316869;0.0;1.203498454056916;-5.552728981290726;0.0;0.0;0.0;0.0;0.0;40.252206612897034;413.1325873486171;46.2760947861927;381.86099969601366;-0.026224461458800086
4496.0;0.0;-0.002573542632795775;0.0;0.4656389719895416;0.0;0.0;0.0;0.0;0.0;0.0;4.347426776316869;0.0;1.203498454056916;-5.552728981290726;0.0;0.0;0.0;0.0;0.0;40.252206612897034;413.1325873486171;46.2760947861927;381.86099969601366;-0.026224461458800086
4497.0;0.0;-0.002573542632795775;0.0;0.4656389719895416;0.0;0.0;0.0;0.0;0.0;0.0;4.347426776316869;0.0;1.203498454056916;-5.552728981290726;0.0;0.0;0.0;0.0;0.0;40.252206612897034;413.1325873486171;46.2760947861927;381.86099969601366;-0.026224461458800086
4498.0;0.0;-0.002573542632795775;0.0;0.4656389719895416;0.0;0.0;0.0;0.0;0.0;0.0;4.347426776316869;0.0;1.203498454056916;-5.552728981290726;0.0;0.0;0.0;0.0;0.0;40.252206612897034;413.1325873486171;46.2760947861927;381.86099969601366;-0.026224461458800086
4499.0;0.0;-0.002573542632795775;0.0;0.4656389719895416;0.0;0.0;0.0;0.0;0.0;0.0;4.347426776316869;0.0;1.203498454056916;-5.552728981290726;0.0;0.0;0.0;0.0;0.0;40.252206612897034;413.1325873486171;46.2760947861927;381.86099969601366;-0.026224461458800086
4500.0;0.0;-0.002573542632795775;0.0;0.4656389719895416;0.0;0.0;0.0;0.0;0.0;0.0;4.347426776316869;0.0;1.203498454056916;-5.552728981290726;0.0;0.0;0.0;0.0;0.0;40.252206612897034;413.1325873486171;46.2760947861927;381.86099969601366;-0.026224461458800086
4501.0;0.0;-0.002573542632795775;0.0;0.4656389719895416;0.0;0.0;0.0;0.0;0.0;0.0;4.347426776316869;0.0;1.203498454056916;-5.552728981290726;0.0;0.0;0.0;0.0;0.0;40.252206612897034;413.1325873486171;46.2760947861927;381.86099969601366;-0.026224461458800086
4502.0;0.0;-0.002573542632795775;0.0;0.4656389719895416;0.0;0.0;0.0;0.0;0.0;0.0;4.347426776316869;0.0;1.203498454056916;-5.552728981290726;0.0;0.0;0.0;0.0;0.0;40.252206612897034;413.1325873486171;46.2760947861927;381.86099969601366;-0.026224461458800086
4503.0;0.0;-0.002573542632795775;0.0;0.4656389719895416;0.0;0.0;0.0;0.0;0.0;0.0;4.347426776316869;0.0;1.203498454056916;-5.552728981290726;0.0;0.0;0.0;0.0;0.0;40.252206612897034;413.1325873486171;46.2760947861927;381.86099969601366;-0.026224461458800086
4504.0;0.0;-0.002573542632795775;0.0;0.4656389719895416;0.0;0.0;0.0;0.0;0.0;0.0;4.347426776316869;0.0;1.203498454056916;-5.552728981290726;0.0;0.0;0.0;0.0;0.0;40.252206612897034;413.1325873486171;46.2760947861927;381.86099969601366;-0.026224461458800086
4505.0;0.0;-0.002573542632795775;0.0;0.4656389719895416;0.0;0.0;0.0;0.0;0.0;0.0;4.347426776316869;0.0;1.203498454056916;-5.552728981290726;0.0;0.0;0.0;0.0;0.0;40.252206612897034;413.1325873486171;46.2760947861927;381.86099969601366;-0.026224461458800086
4506.0;0.0;-0.002573542632795775;0.0;0.4656389719895416;0.0;0.0;0.0;0.0;0.0;0.0;4.347426776316869;0.0;1.203498454056916;-5.552728981290726;0.0;0.0;0.0;0.0;0.0;40.252206612897034;413.1325873486171;46.2760947861927;381.86099969601366;-0.026224461458800086
4507.0;0.0;-0.002573542632795775;0.0;0.4656389719895416;0.0;0.0;0.0;0.0;0.0;0.0;4.347426776316869;0.0;1.203498454056916;-5.552728981290726;0.0;0.0;0.0;0.0;0.0;40.252206612897034;413.1325873486171;46.2760947861927;381.86099969601366;-0.026224461458800086
4508.0;0.0;-0.002573542632795775;0.0;0.4656389719895416;0.0;0.0;0.0;0.0;0.0;0.0;4.347426776316869;0.0;1.203498454056916;-5.552728981290726;0.0;0.0;0.0;0.0;0.0;40.252206612897034;413.1325873486171;46.2760947861927;381.86099969601366;-0.026224461458800086
4509.0;0.0;-0.002573542632795775;0.0;0.4656389719895416;0.0;0.0;0.0;0.0;0.0;0.0;4.347426776316869;0.0;1.203498454056916;-5.552728981290726;0.0;0.0;0.0;0.0;0.0;40.252206612897034;413.1325873486171;46.2760947861927;381.86099969601366;-0.026224461458800086
4510.0;0.0;-0.002573542632795775;0.0;0.4656389719895416;0.0;0.0;0.0;0.0;0.0;0.0;4.347426776316869;0.0;1.203498454056916;-5.552728981290726;0.0;0.0;0.0;0.0;0.0;40.252206612897034;413.1325873486171;46.2760947861927;381.86099969601366;-0.026224461458800086
4511.0;0.0;-0.002573542632795775;0.0;0.4656389719895416;0.0;0.0;0.0;0.0;0.0;0.0;4.347426776316869;0.0;1.203498454056916;-5.552728981290726;0.0;0.0;0.0;0.0;0.0;40.252206612897034;413.1325873486171;46.2760947861927;381.86099969601366;-0.026224461458800086
4512.0;0.0;-0.002573542632795775;0.0;0.4656389719895416;0.0;0.0;0.0;0.0;0.0;0.0;4.347426776316869;0.0;1.203498454056916;-5.552728981290726;0.0;0.0;0.0;0.0;0.0;40.252206612897034;413.1325873486171;46.2760947861927;381.86099969601366;-0.026224461458800086
4513.0;0.0;-0.0008010353308713727;0.0;0.4656389719895416;0.0;0.0;0.0;0.0;0.0;0.0;4.30917048447121;0.0;1.3055188934554043;-5.614702436342449;0.0;0.0;0.0;0.0;0.0;40.252206612897034;413.1325873486171;46.2760947861927;381.86099969601366;-0.026224461458800086
4514.0;0.0;-0.0008010353308713727;0.0;0.4656389719895416;0.0;0.0;0.0;0.0;0.0;0.0;4.30917048447121;0.0;1.3055188934554043;-5.614702436342449;0.0;0.0;0.0;0.0;0.0;40.252206612897034;413.1325873486171;46.2760947861927;381.86099969601366;-0.026224461458800086
4515.0;0.0;-0.0008010353308713727;0.0;0.4656389719895416;0.0;0.0;0.0;0.0;0.0;0.0;4.30917048447121;0.0;1.3055188934554043;-5.614702436342449;0.0;0.0;0.0;0.0;0.0;40.252206612897034;413.1325873486171;46.2760947861927;381.86099969601366;-0.026224461458800086
4516.0;0.0;-0.0008010353308713727;0.0;0.4656389719895416;0.0;0.0;0.0;0.0;0.0;0.0;4.30917048447121;0.0;1.3055188934554043;-5.614702436342449;0.0;0.0;0.0;0.0;0.0;40.252206612897034;413.1325873486171;46.2760947861927;381.86099969601366;-0.026224461458800086
4517.0;0.0;-0.0008010353308713727;0.0;0.4656389719895416;0.0;0.0;0.0;0.0;0.0;0.0;4.30917048447121;0.0;1.3055188934554043;-5.614702436342449;0.0;0.0;0.0;0.0;0.0;40.252206612897034;413.1325873486171;46.2760947861927;381.86099969601366;-0.026224461458800086
4518.0;0.0;-0.0008010353308713727;0.0;0.4656389719895416;0.0;0.0;0.0;0.0;0.0;0.0;4.30917048447121;0.0;1.3055188934554043;-5.614702436342449;0.0;0.0;0.0;0.0;0.0;40.252206612897034;413.1325873486171;46.2760947861927;381.86099969601366;-0.026224461458800086
4519.0;0.0;-0.0008010353308713727;0.0;0.4656389719895416;0.0;0.0;0.0;0.0;0.0;0.0;4.30917048447121;0.0;1.3055188934554043;-5.614702436342449;0.0;0.0;0.0;0.0;0.0;40.252206612897034;413.1325873486171;46.2760947861927;381.86099969601366;-0.026224461458800086
4520.0;0.0;-0.0008010353308713727;0.0;0.4656389719895416;0.0;0.0;0.0;0.0;0.0;0.0;4.30917048447121;0.0;1.3055188934554043;-5.614702436342449;0.0;0.0;0.0;0.0;0.0;40.252206612897034;413.1325873486171;46.2760947861927;381.86099969601366;-0.026224461458800086
4521.0;0.0;-0.0008010353308713727;0.0;0.4656389719895416;0.0;0.0;0.0;0.0;0.0;0.0;4.30917048447121;0.0;1.3055188934554043;-5.614702436342449;0.0;0.0;0.0;0.0;0.0;40.252206612897034;413.1325873486171;46.2760947861927;381.86099969601366;-0.026224461458800086
4522.0;0.0;-0.0008010353308713727;0.0;0.4656389719895416;0.0;0.0;0.0;0.0;0.0;0.0;4.30917048447121;0.0;1.3055188934554043;-5.614702436342449;0.0;0.0;0.0;0.0;0.0;40.252206612897034;413.1325873486171;46.2760947861927;381.86099969601366;-0.026224461458800086
4523.0;0.0;-0.0008010353308713727;0.0;0.4656389719895416;0.0;0.0;0.0;0.0;0.0;0.0;4.30917048447121;0.0;1.3055188934554043;-5.614702436342449;0.0;0.0;0.0;0.0;0.0;40.252206612897034;413.1325873486171;46.2760947861927;381.86099969601366;-0.026224461458800086
4524.0;0.0;-0.0008010353308713727;0.0;0.4656389719895416;0.0;0.0;0.0;0.0;0.0;0.0;4.30917048447121;0.0;1.3055188934554043;-5.614702436342449;0.0;0.0;0.0;0.0;0.0;40.252206612897034;413.1325873486171;46.2760947861927;381.86099969601366;-0.026224461458800086
4525.0;0.0;-0.0008010353308713727;0.0;0.4656389719895416;0.0;0.0;0.0;0.0;0.0;0.0;4.30917048447121;0.0;1.3055188934554043;-5.614702436342449;0.0;0.0;0.0;0.0;0.0;40.252206612897034;413.1325873486171;46.2760947861927;381.86099969601366;-0.026224461458800086
4526.0;0.0;-0.0008010353308713727;0.0;0.4656389719895416;0.0;0.0;0.0;0.0;0.0;0.0;4.30917048447121;0.0;1.3055188934554043;-5.614702436342449;0.0;0.0;0.0;0.0;0.0;40.252206612897034;413.1325873486171;46.2760947861927;381.86099969601366;-0.026224461458800086
4527.0;0.0;-0.0008010353308713727;0.0;0.4656389719895416;0.0;0.0;0.0;0.0;0.0;0.0;4.30917048447121;0.0;1.3055188934554043;-5.614702436342449;0.0;0.0;0.0;0.0;0.0;40.252206612897034;413.1325873486171;46.2760947861927;381.86099969601366;-0.026224461458800086
4528.0;0.0;-0.0008010353308713727;0.0;0.4656389719895416;0.0;0.0;0.0;0.0;0.0;0.0;4.30917048447121;0.0;1.3055188934554043;-5.614702436342449;0.0;0.0;0.0;0.0;0.0;40.252206612897034;413.1325873486171;46.2760947861927;381.86099969601366;-0.026224461458800086
4529.0;0.0;-0.0008010353308713727;0.0;0.4656389719895416;0.0;0.0;0.0;0.0;0.0;0.0;4.30917048447121;0.0;1.3055188934554043;-5.614702436342449;0.0;0.0;0.0;0.0;0.0;40.252206612897034;413.1325873486171;46.2760947861927;381.86099969601366;-0.026224461458800086
4530.0;0.0;-0.0008010353308713727;0.0;0.4656389719895416;0.0;0.0;0.0;0.0;0.0;0.0;4.30917048447121;0.0;1.3055188934554043;-5.614702436342449;0.0;0.0;0.0;0.0;0.0;40.252206612897034;413.1325873486171;46.2760947861927;381.86099969601366;-0.026224461458800086
4531.0;0.0;-0.0008010353308713727;0.0;0.4656389719895416;0.0;0.0;0.0;0.0;0.0;0.0;4.30917048447121;0.0;1.3055188934554043;-5.614702436342449;0.0;0.0;0.0;0.0;0.0;40.252206612897034;413.1325873486171;46.2760947861927;381.86099969601366;-0.026224461458800086
4532.0;0.0;-0.0008010353308713727;0.0;0.4656389719895416;0.0;0.0;0.0;0.0;0.0;0.0;4.30917048447121;0.0;1.3055188934554043;-5.614702436342449;0.0;0.0;0.0;0.0;0.0;40.252206612897034;413.1325873486171;46.2760947861927;381.86099969601366;-0.026224461458800086
4533.0;0.0;-0.0008010353308713727;0.0;0.4656389719895416;0.0;0.0;0.0;0.0;0.0;0.0;4.30917048447121;0.0;1.3055188934554043;-5.614702436342449;0.0;0.0;0.0;0.0;0.0;40.252206612897034;413.1325873486171;46.2760947861927;381.86099969601366;-0.026224461458800086
4534.0;0.0;-0.0008010353308713727;0.0;0.4656389719895416;0.0;0.0;0.0;0.0;0.0;0.0;4.30917048447121;0.0;1.3055188934554043;-5.614702436342449;0.0;0.0;0.0;0.0;0.0;40.252206612897034;413.1325873486171;46.2760947861927;381.86099969601366;-0.026224461458800086
4535.0;0.0;-0.0008010353308713727;0.0;0.4656389719895416;0.0;0.0;0.0;0.0;0.0;0.0;4.30917048447121;0.0;1.3055188934554043;-5.614702436342449;0.0;0.0;0.0;0.0;0.0;40.252206612897034;413.1325873486171;46.2760947861927;381.86099969601366;-0.026224461458800086
4536.0;0.0;-0.0008010353308713727;0.0;0.4656389719895416;0.0;0.0;0.0;0.0;0.0;0.0;4.30917048447121;0.0;1.3055188934554043;-5.614702436342449;0.0;0.0;0.0;0.0;0.0;40.252206612897034;413.1325873486171;46.2760947861927;381.86099969601366;-0.026224461458800086
4537.0;0.0;-0.0023371508872513528;0.0;0.4656389719895416;0.0;0.0;0.0;0.0;0.0;0.0;3.4058409205296014;0.0;0.4919592632664723;-3.897619403086519;0.0;0.0;0.0;0.0;0.0;40.252206612897034;413.1325873486171;46.2760947861927;381.86099969601366;-0.026224461458800086
4538.0;0.0;-0.0023371508872513528;0.0;0.4656389719895416;0.0;0.0;0.0;0.0;0.0;0.0;3.4058409205296014;0.0;0.4919592632664723;-3.897619403086519;0.0;0.0;0.0;0.0;0.0;40.252206612897034;413.1325873486171;46.2760947861927;381.86099969601366;-0.026224461458800086
4539.0;0.0;-0.0023371508872513528;0.0;0.4656389719895416;0.0;0.0;0.0;0.0;0.0;0.0;3.4058409205296014;0.0;0.4919592632664723;-3.897619403086519;0.0;0.0;0.0;0.0;0.0;40.252206612897034;413.1325873486171;46.2760947861927;381.86099969601366;-0.026224461458800086
4540.0;0.0;-0.0023371508872513528;0.0;0.4656389719895416;0.0;0.0;0.0;0.0;0.0;0.0;3.4058409205296014;0.0;0.4919592632664723;-3.897619403086519;0.0;0.0;0.0;0.0;0.0;40.252206612897034;413.1325873486171;46.2760947861927;381.86099969601366;-0.026224461458800086
4541.0;0.0;-0.0023371508872513528;0.0;0.4656389719895416;0.0;0.0;0.0;0.0;0.0;0.0;3.4058409205296014;0.0;0.4919592632664723;-3.897619403086519;0.0;0.0;0.0;0.0;0.0;40.252206612897034;413.1325873486171;46.2760947861927;381.86099969601366;-0.026224461458800086
4542.0;0.0;-0.0023371508872513528;0.0;0.4656389719895416;0.0;0.0;0.0;0.0;0.0;0.0;3.4058409205296014;0.0;0.4919592632664723;-3.897619403086519;0.0;0.0;0.0;0.0;0.0;40.252206612897034;413.1325873486171;46.2760947861927;381.86099969601366;-0.026224461458800086
4543.0;0.0;-0.0023371508872513528;0.0;0.4656389719895416;0.0;0.0;0.0;0.0;0.0;0.0;3.4058409205296014;0.0;0.4919592632664723;-3.897619403086519;0.0;0.0;0.0;0.0;0.0;40.252206612897034;413.1325873486171;46.2760947861927;381.86099969601366;-0.026224461458800086
4544.0;0.0;-0.0023371508872513528;0.0;0.4656389719895416;0.0;0.0;0.0;0.0;0.0;0.0;3.4058409205296014;0.0;0.4919592632664723;-3.897619403086519;0.0;0.0;0.0;0.0;0.0;40.252206612897034;413.1325873486171;46.2760947861927;381.86099969601366;-0.026224461458800086
4545.0;0.0;-0.0023371508872513528;0.0;0.4656389719895416;0.0;0.0;0.0;0.0;0.0;0.0;3.4058409205296014;0.0;0.4919592632664723;-3.897619403086519;0.0;0.0;0.0;0.0;0.0;40.252206612897034;413.1325873486171;46.2760947861927;381.86099969601366;-0.026224461458800086
4546.0;0.0;-0.0023371508872513528;0.0;0.4656389719895416;0.0;0.0;0.0;0.0;0.0;0.0;3.4058409205296014;0.0;0.4919592632664723;-3.897619403086519;0.0;0.0;0.0;0.0;0.0;40.252206612897034;413.1325873486171;46.2760947861927;381.86099969601366;-0.026224461458800086
4547.0;0.0;-0.0023371508872513528;0.0;0.4656389719895416;0.0;0.0;0.0;0.0;0.0;0.0;3.4058409205296014;0.0;0.4919592632664723;-3.897619403086519;0.0;0.0;0.0;0.0;0.0;40.252206612897034;413.1325873486171;46.2760947861927;381.86099969601366;-0.026224461458800086
4548.0;0.0;-0.0023371508872513528;0.0;0.4656389719895416;0.0;0.0;0.0;0.0;0.0;0.0;3.4058409205296014;0.0;0.4919592632664723;-3.897619403086519;0.0;0.0;0.0;0.0;0.0;40.252206612897034;413.1325873486171;46.2760947861927;381.86099969601366;-0.026224461458800086
4549.0;0.0;-0.0023371508872513528;0.0;0.4656389719895416;0.0;0.0;0.0;0.0;0.0;0.0;3.4058409205296014;0.0;0.4919592632664723;-3.897619403086519;0.0;0.0;0.0;0.0;0.0;40.252206612897034;413.1325873486171;46.2760947861927;381.86099969601366;-0.026224461458800086
4550.0;0.0;-0.0023371508872513528;0.0;0.4656389719895416;0.0;0.0;0.0;0.0;0.0;0.0;3.4058409205296014;0.0;0.4919592632664723;-3.897619403086519;0.0;0.0;0.0;0.0;0.0;40.252206612897034;413.1325873486171;46.2760947861927;381.86099969601366;-0.026224461458800086
4551.0;0.0;-0.0023371508872513528;0.0;0.4656389719895416;0.0;0.0;0.0;0.0;0.0;0.0;3.4058409205296014;0.0;0.4919592632664723;-3.897619403086519;0.0;0.0;0.0;0.0;0.0;40.252206612897034;413.1325873486171;46.2760947861927;381.86099969601366;-0.026224461458800086
4552.0;0.0;-0.0023371508872513528;0.0;0.4656389719895416;0.0;0.0;0.0;0.0;0.0;0.0;3.4058409205296014;0.0;0.4919592632664723;-3.897619403086519;0.0;0.0;0.0;0.0;0.0;40.252206612897034;413.1325873486171;46.2760947861927;381.86099969601366;-0.026224461458800086
4553.0;0.0;-0.0023371508872513528;0.0;0.4656389719895416;0.0;0.0;0.0;0.0;0.0;0.0;3.4058409205296014;0.0;0.4919592632664723;-3.897619403086519;0.0;0.0;0.0;0.0;0.0;40.252206612897034;413.1325873486171;46.2760947861927;381.86099969601366;-0.026224461458800086
4554.0;0.0;-0.0023371508872513528;0.0;0.4656389719895416;0.0;0.0;0.0;0.0;0.0;0.0;3.4058409205296014;0.0;0.4919592632664723;-3.897619403086519;0.0;0.0;0.0;0.0;0.0;40.252206612897034;413.1325873486171;46.2760947861927;381.86099969601366;-0.026224461458800086
4555.0;0.0;-0.0023371508872513528;0.0;0.4656389719895416;0.0;0.0;0.0;0.0;0.0;0.0;3.4058409205296014;0.0;0.4919592632664723;-3.897619403086519;0.0;0.0;0.0;0.0;0.0;40.252206612897034;413.1325873486171;46.2760947861927;381.86099969601366;-0.026224461458800086
4556.0;0.0;-0.0023371508872513528;0.0;0.4656389719895416;0.0;0.0;0.0;0.0;0.0;0.0;3.4058409205296014;0.0;0.4919592632664723;-3.897619403086519;0.0;0.0;0.0;0.0;0.0;40.252206612897034;413.1325873486171;46.2760947861927;381.86099969601366;-0.026224461458800086
4557.0;0.0;-0.0023371508872513528;0.0;0.4656389719895416;0.0;0.0;0.0;0.0;0.0;0.0;3.4058409205296014;0.0;0.4919592632664723;-3.897619403086519;0.0;0.0;0.0;0.0;0.0;40.252206612897034;413.1325873486171;46.2760947861927;381.86099969601366;-0.026224461458800086
4558.0;0.0;-0.0023371508872513528;0.0;0.4656389719895416;0.0;0.0;0.0;0.0;0.0;0.0;3.4058409205296014;0.0;0.4919592632664723;-3.897619403086519;0.0;0.0;0.0;0.0;0.0;40.252206612897034;413.1325873486171;46.2760947861927;381.86099969601366;-0.026224461458800086
4559.0;0.0;-0.0023371508872513528;0.0;0.4656389719895416;0.0;0.0;0.0;0.0;0.0;0.0;3.4058409205296014;0.0;0.4919592632664723;-3.897619403086519;0.0;0.0;0.0;0.0;0.0;40.252206612897034;413.1325873486171;46.2760947861927;381.86099969601366;-0.026224461458800086
4560.0;0.0;-0.0023371508872513528;0.0;0.4656389719895416;0.0;0.0;0.0;0.0;0.0;0.0;3.4058409205296014;0.0;0.4919592632664723;-3.897619403086519;0.0;0.0;0.0;0.0;0.0;40.252206612897034;413.1325873486171;46.2760947861927;381.86099969601366;-0.026224461458800086
4561.0;0.0;-2.40757665169994e-5;0.0;0.4656389719895416;0.0;0.0;0.0;0.0;0.0;0.0;4.306961022427675;0.0;1.3862676288578417;-5.693218877859256;0.0;0.0;0.0;0.0;0.0;40.252206612897034;413.1325873486171;46.2760947861927;381.86099969601366;-0.026224461458800086
4562.0;0.0;-2.40757665169994e-5;0.0;0.4656389719895416;0.0;0.0;0.0;0.0;0.0;0.0;4.306961022427675;0.0;1.3862676288578417;-5.693218877859256;0.0;0.0;0.0;0.0;0.0;40.252206612897034;413.1325873486171;46.2760947861927;381.86099969601366;-0.026224461458800086
4563.0;0.0;-2.40757665169994e-5;0.0;0.4656389719895416;0.0;0.0;0.0;0.0;0.0;0.0;4.306961022427675;0.0;1.3862676288578417;-5.693218877859256;0.0;0.0;0.0;0.0;0.0;40.252206612897034;413.1325873486171;46.2760947861927;381.86099969601366;-0.026224461458800086
4564.0;0.0;-2.40757665169994e-5;0.0;0.4656389719895416;0.0;0.0;0.0;0.0;0.0;0.0;4.306961022427675;0.0;1.3862676288578417;-5.693218877859256;0.0;0.0;0.0;0.0;0.0;40.252206612897034;413.1325873486171;46.2760947861927;381.86099969601366;-0.026224461458800086
4565.0;0.0;-2.40757665169994e-5;0.0;0.4656389719895416;0.0;0.0;0.0;0.0;0.0;0.0;4.306961022427675;0.0;1.3862676288578417;-5.693218877859256;0.0;0.0;0.0;0.0;0.0;40.252206612897034;413.1325873486171;46.2760947861927;381.86099969601366;-0.026224461458800086
4566.0;0.0;-2.40757665169994e-5;0.0;0.4656389719895416;0.0;0.0;0.0;0.0;0.0;0.0;4.306961022427675;0.0;1.3862676288578417;-5.693218877859256;0.0;0.0;0.0;0.0;0.0;40.252206612897034;413.1325873486171;46.2760947861927;381.86099969601366;-0.026224461458800086
4567.0;0.0;-2.40757665169994e-5;0.0;0.4656389719895416;0.0;0.0;0.0;0.0;0.0;0.0;4.306961022427675;0.0;1.3862676288578417;-5.693218877859256;0.0;0.0;0.0;0.0;0.0;40.252206612897034;413.1325873486171;46.2760947861927;381.86099969601366;-0.026224461458800086
4568.0;0.0;-2.40757665169994e-5;0.0;0.4656389719895416;0.0;0.0;0.0;0.0;0.0;0.0;4.306961022427675;0.0;1.3862676288578417;-5.693218877859256;0.0;0.0;0.0;0.0;0.0;40.252206612897034;413.1325873486171;46.2760947861927;381.86099969601366;-0.026224461458800086
4569.0;0.0;-2.40757665169994e-5;0.0;0.4656389719895416;0.0;0.0;0.0;0.0;0.0;0.0;4.306961022427675;0.0;1.3862676288578417;-5.693218877859256;0.0;0.0;0.0;0.0;0.0;40.252206612897034;413.1325873486171;46.2760947861927;381.86099969601366;-0.026224461458800086
4570.0;0.0;-2.40757665169994e-5;0.0;0.4656389719895416;0.0;0.0;0.0;0.0;0.0;0.0;4.306961022427675;0.0;1.3862676288578417;-5.693218877859256;0.0;0.0;0.0;0.0;0.0;40.252206612897034;413.1325873486171;46.2760947861927;381.86099969601366;-0.026224461458800086
4571.0;0.0;-2.40757665169994e-5;0.0;0.4656389719895416;0.0;0.0;0.0;0.0;0.0;0.0;4.306961022427675;0.0;1.3862676288578417;-5.693218877859256;0.0;0.0;0.0;0.0;0.0;40.252206612897034;413.1325873486171;46.2760947861927;381.86099969601366;-0.026224461458800086
4572.0;0.0;-2.40757665169994e-5;0.0;0.4656389719895416;0.0;0.0;0.0;0.0;0.0;0.0;4.306961022427675;0.0;1.3862676288578417;-5.693218877859256;0.0;0.0;0.0;0.0;0.0;40.252206612897034;413.1325873486171;46.2760947861927;381.86099969601366;-0.026224461458800086
4573.0;0.0;-2.40757665169994e-5;0.0;0.4656389719895416;0.0;0.0;0.0;0.0;0.0;0.0;4.306961022427675;0.0;1.3862676288578417;-5.693218877859256;0.0;0.0;0.0;0.0;0.0;40.252206612897034;413.1325873486171;46.2760947861927;381.86099969601366;-0.026224461458800086
4574.0;0.0;-2.40757665169994e-5;0.0;0.4656389719895416;0.0;0.0;0.0;0.0;0.0;0.0;4.306961022427675;0.0;1.3862676288578417;-5.693218877859256;0.0;0.0;0.0;0.0;0.0;40.252206612897034;413.1325873486171;46.2760947861927;381.86099969601366;-0.026224461458800086
4575.0;0.0;-2.40757665169994e-5;0.0;0.4656389719895416;0.0;0.0;0.0;0.0;0.0;0.0;4.306961022427675;0.0;1.3862676288578417;-5.693218877859256;0.0;0.0;0.0;0.0;0.0;40.252206612897034;413.1325873486171;46.2760947861927;381.86099969601366;-0.026224461458800086
4576.0;0.0;-2.40757665169994e-5;0.0;0.4656389719895416;0.0;0.0;0.0;0.0;0.0;0.0;4.306961022427675;0.0;1.3862676288578417;-5.693218877859256;0.0;0.0;0.0;0.0;0.0;40.252206612897034;413.1325873486171;46.2760947861927;381.86099969601366;-0.026224461458800086
4577.0;0.0;-2.40757665169994e-5;0.0;0.4656389719895416;0.0;0.0;0.0;0.0;0.0;0.0;4.306961022427675;0.0;1.3862676288578417;-5.693218877859256;0.0;0.0;0.0;0.0;0.0;40.252206612897034;413.1325873486171;46.2760947861927;381.86099969601366;-0.026224461458800086
4578.0;0.0;-2.40757665169994e-5;0.0;0.4656389719895416;0.0;0.0;0.0;0.0;0.0;0.0;4.306961022427675;0.0;1.3862676288578417;-5.693218877859256;0.0;0.0;0.0;0.0;0.0;40.252206612897034;413.1325873486171;46.2760947861927;381.86099969601366;-0.026224461458800086
4579.0;0.0;-2.40757665169994e-5;0.0;0.4656389719895416;0.0;0.0;0.0;0.0;0.0;0.0;4.306961022427675;0.0;1.3862676288578417;-5.693218877859256;0.0;0.0;0.0;0.0;0.0;40.252206612897034;413.1325873486171;46.2760947861927;381.86099969601366;-0.026224461458800086
4580.0;0.0;-2.40757665169994e-5;0.0;0.4656389719895416;0.0;0.0;0.0;0.0;0.0;0.0;4.306961022427675;0.0;1.3862676288578417;-5.693218877859256;0.0;0.0;0.0;0.0;0.0;40.252206612897034;413.1325873486171;46.2760947861927;381.86099969601366;-0.026224461458800086
4581.0;0.0;-2.40757665169994e-5;0.0;0.4656389719895416;0.0;0.0;0.0;0.0;0.0;0.0;4.306961022427675;0.0;1.3862676288578417;-5.693218877859256;0.0;0.0;0.0;0.0;0.0;40.252206612897034;413.1325873486171;46.2760947861927;381.86099969601366;-0.026224461458800086
4582.0;0.0;-2.40757665169994e-5;0.0;0.4656389719895416;0.0;0.0;0.0;0.0;0.0;0.0;4.306961022427675;0.0;1.3862676288578417;-5.693218877859256;0.0;0.0;0.0;0.0;0.0;40.252206612897034;413.1325873486171;46.2760947861927;381.86099969601366;-0.026224461458800086
4583.0;0.0;-2.40757665169994e-5;0.0;0.4656389719895416;0.0;0.0;0.0;0.0;0.0;0.0;4.306961022427675;0.0;1.3862676288578417;-5.693218877859256;0.0;0.0;0.0;0.0;0.0;40.252206612897034;413.1325873486171;46.2760947861927;381.86099969601366;-0.026224461458800086
4584.0;0.0;-2.40757665169994e-5;0.0;0.4656389719895416;0.0;0.0;0.0;0.0;0.0;0.0;4.306961022427675;0.0;1.3862676288578417;-5.693218877859256;0.0;0.0;0.0;0.0;0.0;40.252206612897034;413.1325873486171;46.2760947861927;381.86099969601366;-0.026224461458800086
4585.0;0.0;-3.993085555173298e-6;0.0;0.4656389719895416;0.0;0.0;0.0;0.0;0.0;0.0;2.66150755831701;0.0;3.458810309849;-6.120320141402739;0.0;0.0;0.0;0.0;0.0;40.252206612897034;413.1325873486171;46.2760947861927;381.86099969601366;-0.026224461458800086
4586.0;0.0;-3.993085555173298e-6;0.0;0.4656389719895416;0.0;0.0;0.0;0.0;0.0;0.0;2.66150755831701;0.0;3.458810309849;-6.120320141402739;0.0;0.0;0.0;0.0;0.0;40.252206612897034;413.1325873486171;46.2760947861927;381.86099969601366;-0.026224461458800086
4587.0;0.0;-3.993085555173298e-6;0.0;0.4656389719895416;0.0;0.0;0.0;0.0;0.0;0.0;2.66150755831701;0.0;3.458810309849;-6.120320141402739;0.0;0.0;0.0;0.0;0.0;40.252206612897034;413.1325873486171;46.2760947861927;381.86099969601366;-0.026224461458800086
4588.0;0.0;-3.993085555173298e-6;0.0;0.4656389719895416;0.0;0.0;0.0;0.0;0.0;0.0;2.66150755831701;0.0;3.458810309849;-6.120320141402739;0.0;0.0;0.0;0.0;0.0;40.252206612897034;413.1325873486171;46.2760947861927;381.86099969601366;-0.026224461458800086
4589.0;0.0;-3.993085555173298e-6;0.0;0.4656389719895416;0.0;0.0;0.0;0.0;0.0;0.0;2.66150755831701;0.0;3.458810309849;-6.120320141402739;0.0;0.0;0.0;0.0;0.0;40.252206612897034;413.1325873486171;46.2760947861927;381.86099969601366;-0.026224461458800086
4590.0;0.0;-3.993085555173298e-6;0.0;0.4656389719895416;0.0;0.0;0.0;0.0;0.0;0.0;2.66150755831701;0.0;3.458810309849;-6.120320141402739;0.0;0.0;0.0;0.0;0.0;40.252206612897034;413.1325873486171;46.2760947861927;381.86099969601366;-0.026224461458800086
4591.0;0.0;-3.993085555173298e-6;0.0;0.4656389719895416;0.0;0.0;0.0;0.0;0.0;0.0;2.66150755831701;0.0;3.458810309849;-6.120320141402739;0.0;0.0;0.0;0.0;0.0;40.252206612897034;413.1325873486171;46.2760947861927;381.86099969601366;-0.026224461458800086
4592.0;0.0;-3.993085555173298e-6;0.0;0.4656389719895416;0.0;0.0;0.0;0.0;0.0;0.0;2.66150755831701;0.0;3.458810309849;-6.120320141402739;0.0;0.0;0.0;0.0;0.0;40.252206612897034;413.1325873486171;46.2760947861927;381.86099969601366;-0.026224461458800086
4593.0;0.0;-3.993085555173298e-6;0.0;0.4656389719895416;0.0;0.0;0.0;0.0;0.0;0.0;2.66150755831701;0.0;3.458810309849;-6.120320141402739;0.0;0.0;0.0;0.0;0.0;40.252206612897034;413.1325873486171;46.2760947861927;381.86099969601366;-0.026224461458800086
4594.0;0.0;-3.993085555173298e-6;0.0;0.4656389719895416;0.0;0.0;0.0;0.0;0.0;0.0;2.66150755831701;0.0;3.458810309849;-6.120320141402739;0.0;0.0;0.0;0.0;0.0;40.252206612897034;413.1325873486171;46.2760947861927;381.86099969601366;-0.026224461458800086
4595.0;0.0;-3.993085555173298e-6;0.0;0.4656389719895416;0.0;0.0;0.0;0.0;0.0;0.0;2.66150755831701;0.0;3.458810309849;-6.120320141402739;0.0;0.0;0.0;0.0;0.0;40.252206612897034;413.1325873486171;46.2760947861927;381.86099969601366;-0.026224461458800086
4596.0;0.0;-3.993085555173298e-6;0.0;0.4656389719895416;0.0;0.0;0.0;0.0;0.0;0.0;2.66150755831701;0.0;3.458810309849;-6.120320141402739;0.0;0.0;0.0;0.0;0.0;40.252206612897034;413.1325873486171;46.2760947861927;381.86099969601366;-0.026224461458800086
4597.0;0.0;-3.993085555173298e-6;0.0;0.4656389719895416;0.0;0.0;0.0;0.0;0.0;0.0;2.66150755831701;0.0;3.458810309849;-6.120320141402739;0.0;0.0;0.0;0.0;0.0;40.252206612897034;413.1325873486171;46.2760947861927;381.86099969601366;-0.026224461458800086
4598.0;0.0;-3.993085555173298e-6;0.0;0.4656389719895416;0.0;0.0;0.0;0.0;0.0;0.0;2.66150755831701;0.0;3.458810309849;-6.120320141402739;0.0;0.0;0.0;0.0;0.0;40.252206612897034;413.1325873486171;46.2760947861927;381.86099969601366;-0.026224461458800086
4599.0;0.0;-3.993085555173298e-6;0.0;0.4656389719895416;0.0;0.0;0.0;0.0;0.0;0.0;2.66150755831701;0.0;3.458810309849;-6.120320141402739;0.0;0.0;0.0;0.0;0.0;40.252206612897034;413.1325873486171;46.2760947861927;381.86099969601366;-0.026224461458800086
4600.0;0.0;-3.993085555173298e-6;0.0;0.4656389719895416;0.0;0.0;0.0;0.0;0.0;0.0;2.66150755831701;0.0;3.458810309849;-6.120320141402739;0.0;0.0;0.0;0.0;0.0;40.252206612897034;413.1325873486171;46.2760947861927;381.86099969601366;-0.026224461458800086
4601.0;0.0;-3.993085555173298e-6;0.0;0.4656389719895416;0.0;0.0;0.0;0.0;0.0;0.0;2.66150755831701;0.0;3.458810309849;-6.120320141402739;0.0;0.0;0.0;0.0;0.0;40.252206612897034;413.1325873486171;46.2760947861927;381.86099969601366;-0.026224461458800086
4602.0;0.0;-3.993085555173298e-6;0.0;0.4656389719895416;0.0;0.0;0.0;0.0;0.0;0.0;2.66150755831701;0.0;3.458810309849;-6.120320141402739;0.0;0.0;0.0;0.0;0.0;40.252206612897034;413.1325873486171;46.2760947861927;381.86099969601366;-0.026224461458800086
4603.0;0.0;-3.993085555173298e-6;0.0;0.4656389719895416;0.0;0.0;0.0;0.0;0.0;0.0;2.66150755831701;0.0;3.458810309849;-6.120320141402739;0.0;0.0;0.0;0.0;0.0;40.252206612897034;413.1325873486171;46.2760947861927;381.86099969601366;-0.026224461458800086
4604.0;0.0;-3.993085555173298e-6;0.0;0.4656389719895416;0.0;0.0;0.0;0.0;0.0;0.0;2.66150755831701;0.0;3.458810309849;-6.120320141402739;0.0;0.0;0.0;0.0;0.0;40.252206612897034;413.1325873486171;46.2760947861927;381.86099969601366;-0.026224461458800086
4605.0;0.0;-3.993085555173298e-6;0.0;0.4656389719895416;0.0;0.0;0.0;0.0;0.0;0.0;2.66150755831701;0.0;3.458810309849;-6.120320141402739;0.0;0.0;0.0;0.0;0.0;40.252206612897034;413.1325873486171;46.2760947861927;381.86099969601366;-0.026224461458800086
4606.0;0.0;-3.993085555173298e-6;0.0;0.4656389719895416;0.0;0.0;0.0;0.0;0.0;0.0;2.66150755831701;0.0;3.458810309849;-6.120320141402739;0.0;0.0;0.0;0.0;0.0;40.252206612897034;413.1325873486171;46.2760947861927;381.86099969601366;-0.026224461458800086
4607.0;0.0;-3.993085555173298e-6;0.0;0.4656389719895416;0.0;0.0;0.0;0.0;0.0;0.0;2.66150755831701;0.0;3.458810309849;-6.120320141402739;0.0;0.0;0.0;0.0;0.0;40.252206612897034;413.1325873486171;46.2760947861927;381.86099969601366;-0.026224461458800086
4608.0;0.0;-3.993085555173298e-6;0.0;0.4656389719895416;0.0;0.0;0.0;0.0;0.0;0.0;2.66150755831701;0.0;3.458810309849;-6.120320141402739;0.0;0.0;0.0;0.0;0.0;40.252206612897034;413.1325873486171;46.2760947861927;381.86099969601366;-0.026224461458800086
4609.0;0.0;-1.6530000679327887e-6;0.0;0.5565437797507621;0.0;0.0;0.0;0.0;0.0;0.00010897911874127403;1.4128766888253756;3.152777320546973e-5;4.41415015881918;-5.827126766910301;0.0;0.0;0.0;0.0;0.0;40.25144235789182;415.4168479545496;46.277395276294584;388.33450758154675;-0.02525348316434833
4610.0;0.0;-1.6530000679327887e-6;0.0;0.5565437797507621;0.0;0.0;0.0;0.0;0.0;0.00010897911874127403;1.4128766888253756;3.152777320546973e-5;4.41415015881918;-5.827126766910301;0.0;0.0;0.0;0.0;0.0;40.25144235789182;415.4168479545496;46.277395276294584;388.33450758154675;-0.02525348316434833
4611.0;0.0;-1.6530000679327887e-6;0.0;0.5565437797507621;0.0;0.0;0.0;0.0;0.0;0.00010897911874127403;1.4128766888253756;3.152777320546973e-5;4.41415015881918;-5.827126766910301;0.0;0.0;0.0;0.0;0.0;40.25144235789182;415.4168479545496;46.277395276294584;388.33450758154675;-0.02525348316434833
4612.0;0.0;-1.6530000679327887e-6;0.0;0.5565437797507621;0.0;0.0;0.0;0.0;0.0;0.00010897911874127403;1.4128766888253756;3.152777320546973e-5;4.41415015881918;-5.827126766910301;0.0;0.0;0.0;0.0;0.0;40.25144235789182;415.4168479545496;46.277395276294584;388.33450758154675;-0.02525348316434833
4613.0;0.0;-1.6530000679327887e-6;0.0;0.5565437797507621;0.0;0.0;0.0;0.0;0.0;0.00010897911874127403;1.4128766888253756;3.152777320546973e-5;4.41415015881918;-5.827126766910301;0.0;0.0;0.0;0.0;0.0;40.25144235789182;415.4168479545496;46.277395276294584;388.33450758154675;-0.02525348316434833
4614.0;0.0;-1.6530000679327887e-6;0.0;0.5565437797507621;0.0;0.0;0.0;0.0;0.0;0.00010897911874127403;1.4128766888253756;3.152777320546973e-5;4.41415015881918;-5.827126766910301;0.0;0.0;0.0;0.0;0.0;40.25144235789182;415.4168479545496;46.277395276294584;388.33450758154675;-0.02525348316434833
4615.0;0.0;-1.6530000679327887e-6;0.0;0.5565437797507621;0.0;0.0;0.0;0.0;0.0;0.00010897911874127403;1.4128766888253756;3.152777320546973e-5;4.41415015881918;-5.827126766910301;0.0;0.0;0.0;0.0;0.0;40.25144235789182;415.4168479545496;46.277395276294584;388.33450758154675;-0.02525348316434833
4616.0;0.0;-1.6530000679327887e-6;0.0;0.5565437797507621;0.0;0.0;0.0;0.0;0.0;0.00010897911874127403;1.4128766888253756;3.152777320546973e-5;4.41415015881918;-5.827126766910301;0.0;0.0;0.0;0.0;0.0;40.25144235789182;415.4168479545496;46.277395276294584;388.33450758154675;-0.02525348316434833
4617.0;0.0;-1.6530000679327887e-6;0.0;0.5565437797507621;0.0;0.0;0.0;0.0;0.0;0.00010897911874127403;1.4128766888253756;3.152777320546973e-5;4.41415015881918;-5.827126766910301;0.0;0.0;0.0;0.0;0.0;40.25144235789182;415.4168479545496;46.277395276294584;388.33450758154675;-0.02525348316434833
4618.0;0.0;-1.6530000679327887e-6;0.0;0.5565437797507621;0.0;0.0;0.0;0.0;0.0;0.00010897911874127403;1.4128766888253756;3.152777320546973e-5;4.41415015881918;-5.827126766910301;0.0;0.0;0.0;0.0;0.0;40.25144235789182;415.4168479545496;46.277395276294584;388.33450758154675;-0.02525348316434833
4619.0;0.0;-1.6530000679327887e-6;0.0;0.5565437797507621;0.0;0.0;0.0;0.0;0.0;0.00010897911874127403;1.4128766888253756;3.152777320546973e-5;4.41415015881918;-5.827126766910301;0.0;0.0;0.0;0.0;0.0;40.25144235789182;415.4168479545496;46.277395276294584;388.33450758154675;-0.02525348316434833
4620.0;0.0;-1.6530000679327887e-6;0.0;0.5565437797507621;0.0;0.0;0.0;0.0;0.0;0.00010897911874127403;1.4128766888253756;3.152777320546973e-5;4.41415015881918;-5.827126766910301;0.0;0.0;0.0;0.0;0.0;40.25144235789182;415.4168479545496;46.277395276294584;388.33450758154675;-0.02525348316434833
4621.0;0.0;-1.6530000679327887e-6;0.0;0.5565437797507621;0.0;0.0;0.0;0.0;0.0;0.00010897911874127403;1.4128766888253756;3.152777320546973e-5;4.41415015881918;-5.827126766910301;0.0;0.0;0.0;0.0;0.0;40.25144235789182;415.4168479545496;46.277395276294584;388.33450758154675;-0.02525348316434833
4622.0;0.0;-1.6530000679327887e-6;0.0;0.5565437797507621;0.0;0.0;0.0;0.0;0.0;0.00010897911874127403;1.4128766888253756;3.152777320546973e-5;4.41415015881918;-5.827126766910301;0.0;0.0;0.0;0.0;0.0;40.25144235789182;415.4168479545496;46.277395276294584;388.33450758154675;-0.02525348316434833
4623.0;0.0;-1.6530000679327887e-6;0.0;0.5565437797507621;0.0;0.0;0.0;0.0;0.0;0.00010897911874127403;1.4128766888253756;3.152777320546973e-5;4.41415015881918;-5.827126766910301;0.0;0.0;0.0;0.0;0.0;40.25144235789182;415.4168479545496;46.277395276294584;388.33450758154675;-0.02525348316434833
4624.0;0.0;-1.6530000679327887e-6;0.0;0.5565437797507621;0.0;0.0;0.0;0.0;0.0;0.00010897911874127403;1.4128766888253756;3.152777320546973e-5;4.41415015881918;-5.827126766910301;0.0;0.0;0.0;0.0;0.0;40.25144235789182;415.4168479545496;46.277395276294584;388.33450758154675;-0.02525348316434833
4625.0;0.0;-1.6530000679327887e-6;0.0;0.5565437797507621;0.0;0.0;0.0;0.0;0.0;0.00010897911874127403;1.4128766888253756;3.152777320546973e-5;4.41415015881918;-5.827126766910301;0.0;0.0;0.0;0.0;0.0;40.25144235789182;415.4168479545496;46.277395276294584;388.33450758154675;-0.02525348316434833
4626.0;0.0;-1.6530000679327887e-6;0.0;0.5565437797507621;0.0;0.0;0.0;0.0;0.0;0.00010897911874127403;1.4128766888253756;3.152777320546973e-5;4.41415015881918;-5.827126766910301;0.0;0.0;0.0;0.0;0.0;40.25144235789182;415.4168479545496;46.277395276294584;388.33450758154675;-0.02525348316434833
4627.0;0.0;-1.6530000679327887e-6;0.0;0.5565437797507621;0.0;0.0;0.0;0.0;0.0;0.00010897911874127403;1.4128766888253756;3.152777320546973e-5;4.41415015881918;-5.827126766910301;0.0;0.0;0.0;0.0;0.0;40.25144235789182;415.4168479545496;46.277395276294584;388.33450758154675;-0.02525348316434833
4628.0;0.0;-1.6530000679327887e-6;0.0;0.5565437797507621;0.0;0.0;0.0;0.0;0.0;0.00010897911874127403;1.4128766888253756;3.152777320546973e-5;4.41415015881918;-5.827126766910301;0.0;0.0;0.0;0.0;0.0;40.25144235789182;415.4168479545496;46.277395276294584;388.33450758154675;-0.02525348316434833
4629.0;0.0;-1.6530000679327887e-6;0.0;0.5565437797507621;0.0;0.0;0.0;0.0;0.0;0.00010897911874127403;1.4128766888253756;3.152777320546973e-5;4.41415015881918;-5.827126766910301;0.0;0.0;0.0;0.0;0.0;40.25144235789182;415.4168479545496;46.277395276294584;388.33450758154675;-0.02525348316434833
4630.0;0.0;-1.6530000679327887e-6;0.0;0.5565437797507621;0.0;0.0;0.0;0.0;0.0;0.00010897911874127403;1.4128766888253756;3.152777320546973e-5;4.41415015881918;-5.827126766910301;0.0;0.0;0.0;0.0;0.0;40.25144235789182;415.4168479545496;46.277395276294584;388.33450758154675;-0.02525348316434833
4631.0;0.0;-1.6530000679327887e-6;0.0;0.5565437797507621;0.0;0.0;0.0;0.0;0.0;0.00010897911874127403;1.4128766888253756;3.152777320546973e-5;4.41415015881918;-5.827126766910301;0.0;0.0;0.0;0.0;0.0;40.25144235789182;415.4168479545496;46.277395276294584;388.33450758154675;-0.02525348316434833
4632.0;0.0;-1.6530000679327887e-6;0.0;0.5565437797507621;0.0;0.0;0.0;0.0;0.0;0.00010897911874127403;1.4128766888253756;3.152777320546973e-5;4.41415015881918;-5.827126766910301;0.0;0.0;0.0;0.0;0.0;40.25144235789182;415.4168479545496;46.277395276294584;388.33450758154675;-0.02525348316434833
4633.0;0.0;-7.432331679509588e-5;0.0;0.5565437797507621;0.0;0.0;0.0;0.0;0.0;6.309859638436234e-5;1.3717489305267774;1.8335862648441852e-5;4.443313015881011;-5.815164837875743;0.0;0.0;0.0;0.0;0.0;40.25144235789182;415.4168479545496;46.277395276294584;388.33450758154675;-0.02525348316434833
4634.0;0.0;-7.432331679509588e-5;0.0;0.5565437797507621;0.0;0.0;0.0;0.0;0.0;6.309859638436234e-5;1.3717489305267774;1.8335862648441852e-5;4.443313015881011;-5.815164837875743;0.0;0.0;0.0;0.0;0.0;40.25144235789182;415.4168479545496;46.277395276294584;388.33450758154675;-0.02525348316434833
4635.0;0.0;-7.432331679509588e-5;0.0;0.5565437797507621;0.0;0.0;0.0;0.0;0.0;6.309859638436234e-5;1.3717489305267774;1.8335862648441852e-5;4.443313015881011;-5.815164837875743;0.0;0.0;0.0;0.0;0.0;40.25144235789182;415.4168479545496;46.277395276294584;388.33450758154675;-0.02525348316434833
4636.0;0.0;-7.432331679509588e-5;0.0;0.5565437797507621;0.0;0.0;0.0;0.0;0.0;6.309859638436234e-5;1.3717489305267774;1.8335862648441852e-5;4.443313015881011;-5.815164837875743;0.0;0.0;0.0;0.0;0.0;40.25144235789182;415.4168479545496;46.277395276294584;388.33450758154675;-0.02525348316434833
4637.0;0.0;-7.432331679509588e-5;0.0;0.5565437797507621;0.0;0.0;0.0;0.0;0.0;6.309859638436234e-5;1.3717489305267774;1.8335862648441852e-5;4.443313015881011;-5.815164837875743;0.0;0.0;0.0;0.0;0.0;40.25144235789182;415.4168479545496;46.277395276294584;388.33450758154675;-0.02525348316434833
4638.0;0.0;-7.432331679509588e-5;0.0;0.5565437797507621;0.0;0.0;0.0;0.0;0.0;6.309859638436234e-5;1.3717489305267774;1.8335862648441852e-5;4.443313015881011;-5.815164837875743;0.0;0.0;0.0;0.0;0.0;40.25144235789182;415.4168479545496;46.277395276294584;388.33450758154675;-0.02525348316434833
4639.0;0.0;-7.432331679509588e-5;0.0;0.5565437797507621;0.0;0.0;0.0;0.0;0.0;6.309859638436234e-5;1.3717489305267774;1.8335862648441852e-5;4.443313015881011;-5.815164837875743;0.0;0.0;0.0;0.0;0.0;40.25144235789182;415.4168479545496;46.277395276294584;388.33450758154675;-0.02525348316434833
4640.0;0.0;-7.432331679509588e-5;0.0;0.5565437797507621;0.0;0.0;0.0;0.0;0.0;6.309859638436234e-5;1.3717489305267774;1.8335862648441852e-5;4.443313015881011;-5.815164837875743;0.0;0.0;0.0;0.0;0.0;40.25144235789182;415.4168479545496;46.277395276294584;388.33450758154675;-0.02525348316434833
4641.0;0.0;-7.432331679509588e-5;0.0;0.5565437797507621;0.0;0.0;0.0;0.0;0.0;6.309859638436234e-5;1.3717489305267774;1.8335862648441852e-5;4.443313015881011;-5.815164837875743;0.0;0.0;0.0;0.0;0.0;40.25144235789182;415.4168479545496;46.277395276294584;388.33450758154675;-0.02525348316434833
4642.0;0.0;-7.432331679509588e-5;0.0;0.5565437797507621;0.0;0.0;0.0;0.0;0.0;6.309859638436234e-5;1.3717489305267774;1.8335862648441852e-5;4.443313015881011;-5.815164837875743;0.0;0.0;0.0;0.0;0.0;40.25144235789182;415.4168479545496;46.277395276294584;388.33450758154675;-0.02525348316434833
4643.0;0.0;-7.432331679509588e-5;0.0;0.5565437797507621;0.0;0.0;0.0;0.0;0.0;6.309859638436234e-5;1.3717489305267774;1.8335862648441852e-5;4.443313015881011;-5.815164837875743;0.0;0.0;0.0;0.0;0.0;40.25144235789182;415.4168479545496;46.277395276294584;388.33450758154675;-0.02525348316434833
4644.0;0.0;-7.432331679509588e-5;0.0;0.5565437797507621;0.0;0.0;0.0;0.0;0.0;6.309859638436234e-5;1.3717489305267774;1.8335862648441852e-5;4.443313015881011;-5.815164837875743;0.0;0.0;0.0;0.0;0.0;40.25144235789182;415.4168479545496;46.277395276294584;388.33450758154675;-0.02525348316434833
4645.0;0.0;-7.432331679509588e-5;0.0;0.5565437797507621;0.0;0.0;0.0;0.0;0.0;6.309859638436234e-5;1.3717489305267774;1.8335862648441852e-5;4.443313015881011;-5.815164837875743;0.0;0.0;0.0;0.0;0.0;40.25144235789182;415.4168479545496;46.277395276294584;388.33450758154675;-0.02525348316434833
4646.0;0.0;-7.432331679509588e-5;0.0;0.5565437797507621;0.0;0.0;0.0;0.0;0.0;6.309859638436234e-5;1.3717489305267774;1.8335862648441852e-5;4.443313015881011;-5.815164837875743;0.0;0.0;0.0;0.0;0.0;40.25144235789182;415.4168479545496;46.277395276294584;388.33450758154675;-0.02525348316434833
4647.0;0.0;-7.432331679509588e-5;0.0;0.5565437797507621;0.0;0.0;0.0;0.0;0.0;6.309859638436234e-5;1.3717489305267774;1.8335862648441852e-5;4.443313015881011;-5.815164837875743;0.0;0.0;0.0;0.0;0.0;40.25144235789182;415.4168479545496;46.277395276294584;388.33450758154675;-0.02525348316434833
4648.0;0.0;-7.432331679509588e-5;0.0;0.5565437797507621;0.0;0.0;0.0;0.0;0.0;6.309859638436234e-5;1.3717489305267774;1.8335862648441852e-5;4.443313015881011;-5.815164837875743;0.0;0.0;0.0;0.0;0.0;40.25144235789182;415.4168479545496;46.277395276294584;388.33450758154675;-0.02525348316434833
4649.0;0.0;-7.432331679509588e-5;0.0;0.5565437797507621;0.0;0.0;0.0;0.0;0.0;6.309859638436234e-5;1.3717489305267774;1.8335862648441852e-5;4.443313015881011;-5.815164837875743;0.0;0.0;0.0;0.0;0.0;40.25144235789182;415.4168479545496;46.277395276294584;388.33450758154675;-0.02525348316434833
4650.0;0.0;-7.432331679509588e-5;0.0;0.5565437797507621;0.0;0.0;0.0;0.0;0.0;6.309859638436234e-5;1.3717489305267774;1.8335862648441852e-5;4.443313015881011;-5.815164837875743;0.0;0.0;0.0;0.0;0.0;40.25144235789182;415.4168479545496;46.277395276294584;388.33450758154675;-0.02525348316434833
4651.0;0.0;-7.432331679509588e-5;0.0;0.5565437797507621;0.0;0.0;0.0;0.0;0.0;6.309859638436234e-5;1.3717489305267774;1.8335862648441852e-5;4.443313015881011;-5.815164837875743;0.0;0.0;0.0;0.0;0.0;40.25144235789182;415.4168479545496;46.277395276294584;388.33450758154675;-0.02525348316434833
4652.0;0.0;-7.432331679509588e-5;0.0;0.5565437797507621;0.0;0.0;0.0;0.0;0.0;6.309859638436234e-5;1.3717489305267774;1.8335862648441852e-5;4.443313015881011;-5.815164837875743;0.0;0.0;0.0;0.0;0.0;40.25144235789182;415.4168479545496;46.277395276294584;388.33450758154675;-0.02525348316434833
4653.0;0.0;-7.432331679509588e-5;0.0;0.5565437797507621;0.0;0.0;0.0;0.0;0.0;6.309859638436234e-5;1.3717489305267774;1.8335862648441852e-5;4.443313015881011;-5.815164837875743;0.0;0.0;0.0;0.0;0.0;40.25144235789182;415.4168479545496;46.277395276294584;388.33450758154675;-0.02525348316434833
4654.0;0.0;-7.432331679509588e-5;0.0;0.5565437797507621;0.0;0.0;0.0;0.0;0.0;6.309859638436234e-5;1.3717489305267774;1.8335862648441852e-5;4.443313015881011;-5.815164837875743;0.0;0.0;0.0;0.0;0.0;40.25144235789182;415.4168479545496;46.277395276294584;388.33450758154675;-0.02525348316434833
4655.0;0.0;-7.432331679509588e-5;0.0;0.5565437797507621;0.0;0.0;0.0;0.0;0.0;6.309859638436234e-5;1.3717489305267774;1.8335862648441852e-5;4.443313015881011;-5.815164837875743;0.0;0.0;0.0;0.0;0.0;40.25144235789182;415.4168479545496;46.277395276294584;388.33450758154675;-0.02525348316434833
4656.0;0.0;-7.432331679509588e-5;0.0;0.5565437797507621;0.0;0.0;0.0;0.0;0.0;6.309859638436234e-5;1.3717489305267774;1.8335862648441852e-5;4.443313015881011;-5.815164837875743;0.0;0.0;0.0;0.0;0.0;40.25144235789182;415.4168479545496;46.277395276294584;388.33450758154675;-0.02525348316434833
4657.0;0.0;-9.258912202310059e-5;0.0;0.5565437797507621;0.0;0.0;0.0;0.0;0.0;7.708263037370472e-5;3.6237384707122198;0.0;1.007267990503906;-4.630874061957226;0.0;0.0;0.0;0.0;0.0;40.25144235789182;415.4168479545496;46.277395276294584;388.33450758154675;-0.02525348316434833
4658.0;0.0;-9.258912202310059e-5;0.0;0.5565437797507621;0.0;0.0;0.0;0.0;0.0;7.708263037370472e-5;3.6237384707122198;0.0;1.007267990503906;-4.630874061957226;0.0;0.0;0.0;0.0;0.0;40.25144235789182;415.4168479545496;46.277395276294584;388.33450758154675;-0.02525348316434833
4659.0;0.0;-9.258912202310059e-5;0.0;0.5565437797507621;0.0;0.0;0.0;0.0;0.0;7.708263037370472e-5;3.6237384707122198;0.0;1.007267990503906;-4.630874061957226;0.0;0.0;0.0;0.0;0.0;40.25144235789182;415.4168479545496;46.277395276294584;388.33450758154675;-0.02525348316434833
4660.0;0.0;-9.258912202310059e-5;0.0;0.5565437797507621;0.0;0.0;0.0;0.0;0.0;7.708263037370472e-5;3.6237384707122198;0.0;1.007267990503906;-4.630874061957226;0.0;0.0;0.0;0.0;0.0;40.25144235789182;415.4168479545496;46.277395276294584;388.33450758154675;-0.02525348316434833
4661.0;0.0;-9.258912202310059e-5;0.0;0.5565437797507621;0.0;0.0;0.0;0.0;0.0;7.708263037370472e-5;3.6237384707122198;0.0;1.007267990503906;-4.630874061957226;0.0;0.0;0.0;0.0;0.0;40.25144235789182;415.4168479545496;46.277395276294584;388.33450758154675;-0.02525348316434833
4662.0;0.0;-9.258912202310059e-5;0.0;0.5565437797507621;0.0;0.0;0.0;0.0;0.0;7.708263037370472e-5;3.6237384707122198;0.0;1.007267990503906;-4.630874061957226;0.0;0.0;0.0;0.0;0.0;40.25144235789182;415.4168479545496;46.277395276294584;388.33450758154675;-0.02525348316434833
4663.0;0.0;-9.258912202310059e-5;0.0;0.5565437797507621;0.0;0.0;0.0;0.0;0.0;7.708263037370472e-5;3.6237384707122198;0.0;1.007267990503906;-4.630874061957226;0.0;0.0;0.0;0.0;0.0;40.25144235789182;415.4168479545496;46.277395276294584;388.33450758154675;-0.02525348316434833
4664.0;0.0;-9.258912202310059e-5;0.0;0.5565437797507621;0.0;0.0;0.0;0.0;0.0;7.708263037370472e-5;3.6237384707122198;0.0;1.007267990503906;-4.630874061957226;0.0;0.0;0.0;0.0;0.0;40.25144235789182;415.4168479545496;46.277395276294584;388.33450758154675;-0.02525348316434833
4665.0;0.0;-9.258912202310059e-5;0.0;0.5565437797507621;0.0;0.0;0.0;0.0;0.0;7.708263037370472e-5;3.6237384707122198;0.0;1.007267990503906;-4.630874061957226;0.0;0.0;0.0;0.0;0.0;40.25144235789182;415.4168479545496;46.277395276294584;388.33450758154675;-0.02525348316434833
4666.0;0.0;-9.258912202310059e-5;0.0;0.5565437797507621;0.0;0.0;0.0;0.0;0.0;7.708263037370472e-5;3.6237384707122198;0.0;1.007267990503906;-4.630874061957226;0.0;0.0;0.0;0.0;0.0;40.25144235789182;415.4168479545496;46.277395276294584;388.33450758154675;-0.02525348316434833
4667.0;0.0;-9.258912202310059e-5;0.0;0.5565437797507621;0.0;0.0;0.0;0.0;0.0;7.708263037370472e-5;3.6237384707122198;0.0;1.007267990503906;-4.630874061957226;0.0;0.0;0.0;0.0;0.0;40.25144235789182;415.4168479545496;46.277395276294584;388.33450758154675;-0.02525348316434833
4668.0;0.0;-9.258912202310059e-5;0.0;0.5565437797507621;0.0;0.0;0.0;0.0;0.0;7.708263037370472e-5;3.6237384707122198;0.0;1.007267990503906;-4.630874061957226;0.0;0.0;0.0;0.0;0.0;40.25144235789182;415.4168479545496;46.277395276294584;388.33450758154675;-0.02525348316434833
4669.0;0.0;-9.258912202310059e-5;0.0;0.5565437797507621;0.0;0.0;0.0;0.0;0.0;7.708263037370472e-5;3.6237384707122198;0.0;1.007267990503906;-4.630874061957226;0.0;0.0;0.0;0.0;0.0;40.25144235789182;415.4168479545496;46.277395276294584;388.33450758154675;-0.02525348316434833
4670.0;0.0;-9.258912202310059e-5;0.0;0.5565437797507621;0.0;0.0;0.0;0.0;0.0;7.708263037370472e-5;3.6237384707122198;0.0;1.007267990503906;-4.630874061957226;0.0;0.0;0.0;0.0;0.0;40.25144235789182;415.4168479545496;46.277395276294584;388.33450758154675;-0.02525348316434833
4671.0;0.0;-9.258912202310059e-5;0.0;0.5565437797507621;0.0;0.0;0.0;0.0;0.0;7.708263037370472e-5;3.6237384707122198;0.0;1.007267990503906;-4.630874061957226;0.0;0.0;0.0;0.0;0.0;40.25144235789182;415.4168479545496;46.277395276294584;388.33450758154675;-0.02525348316434833
4672.0;0.0;-9.258912202310059e-5;0.0;0.5565437797507621;0.0;0.0;0.0;0.0;0.0;7.708263037370472e-5;3.6237384707122198;0.0;1.007267990503906;-4.630874061957226;0.0;0.0;0.0;0.0;0.0;40.25144235789182;415.4168479545496;46.277395276294584;388.33450758154675;-0.02525348316434833
4673.0;0.0;-9.258912202310059e-5;0.0;0.5565437797507621;0.0;0.0;0.0;0.0;0.0;7.708263037370472e-5;3.6237384707122198;0.0;1.007267990503906;-4.630874061957226;0.0;0.0;0.0;0.0;0.0;40.25144235789182;415.4168479545496;46.277395276294584;388.33450758154675;-0.02525348316434833
4674.0;0.0;-9.258912202310059e-5;0.0;0.5565437797507621;0.0;0.0;0.0;0.0;0.0;7.708263037370472e-5;3.6237384707122198;0.0;1.007267990503906;-4.630874061957226;0.0;0.0;0.0;0.0;0.0;40.25144235789182;415.4168479545496;46.277395276294584;388.33450758154675;-0.02525348316434833
4675.0;0.0;-9.258912202310059e-5;0.0;0.5565437797507621;0.0;0.0;0.0;0.0;0.0;7.708263037370472e-5;3.6237384707122198;0.0;1.007267990503906;-4.630874061957226;0.0;0.0;0.0;0.0;0.0;40.25144235789182;415.4168479545496;46.277395276294584;388.33450758154675;-0.02525348316434833
4676.0;0.0;-9.258912202310059e-5;0.0;0.5565437797507621;0.0;0.0;0.0;0.0;0.0;7.708263037370472e-5;3.6237384707122198;0.0;1.007267990503906;-4.630874061957226;0.0;0.0;0.0;0.0;0.0;40.25144235789182;415.4168479545496;46.277395276294584;388.33450758154675;-0.02525348316434833
4677.0;0.0;-9.258912202310059e-5;0.0;0.5565437797507621;0.0;0.0;0.0;0.0;0.0;7.708263037370472e-5;3.6237384707122198;0.0;1.007267990503906;-4.630874061957226;0.0;0.0;0.0;0.0;0.0;40.25144235789182;415.4168479545496;46.277395276294584;388.33450758154675;-0.02525348316434833
4678.0;0.0;-9.258912202310059e-5;0.0;0.5565437797507621;0.0;0.0;0.0;0.0;0.0;7.708263037370472e-5;3.6237384707122198;0.0;1.007267990503906;-4.630874061957226;0.0;0.0;0.0;0.0;0.0;40.25144235789182;415.4168479545496;46.277395276294584;388.33450758154675;-0.02525348316434833
4679.0;0.0;-9.258912202310059e-5;0.0;0.5565437797507621;0.0;0.0;0.0;0.0;0.0;7.708263037370472e-5;3.6237384707122198;0.0;1.007267990503906;-4.630874061957226;0.0;0.0;0.0;0.0;0.0;40.25144235789182;415.4168479545496;46.277395276294584;388.33450758154675;-0.02525348316434833
4680.0;0.0;-9.258912202310059e-5;0.0;0.5565437797507621;0.0;0.0;0.0;0.0;0.0;7.708263037370472e-5;3.6237384707122198;0.0;1.007267990503906;-4.630874061957226;0.0;0.0;0.0;0.0;0.0;40.25144235789182;415.4168479545496;46.277395276294584;388.33450758154675;-0.02525348316434833
4681.0;0.0;-0.00016724619189140114;0.0;0.5565437797507621;0.0;0.0;0.0;0.0;0.0;0.0;4.380056720063381;0.0;1.4419334736140519;-5.822036713842263;0.0;0.0;0.0;0.0;0.0;40.25144235789182;415.4168479545496;46.277395276294584;388.33450758154675;-0.02525348316434833
4682.0;0.0;-0.00016724619189140114;0.0;0.5565437797507621;0.0;0.0;0.0;0.0;0.0;0.0;4.380056720063381;0.0;1.4419334736140519;-5.822036713842263;0.0;0.0;0.0;0.0;0.0;40.25144235789182;415.4168479545496;46.277395276294584;388.33450758154675;-0.02525348316434833
4683.0;0.0;-0.00016724619189140114;0.0;0.5565437797507621;0.0;0.0;0.0;0.0;0.0;0.0;4.380056720063381;0.0;1.4419334736140519;-5.822036713842263;0.0;0.0;0.0;0.0;0.0;40.25144235789182;415.4168479545496;46.277395276294584;388.33450758154675;-0.02525348316434833
4684.0;0.0;-0.00016724619189140114;0.0;0.5565437797507621;0.0;0.0;0.0;0.0;0.0;0.0;4.380056720063381;0.0;1.4419334736140519;-5.822036713842263;0.0;0.0;0.0;0.0;0.0;40.25144235789182;415.4168479545496;46.277395276294584;388.33450758154675;-0.02525348316434833
4685.0;0.0;-0.00016724619189140114;0.0;0.5565437797507621;0.0;0.0;0.0;0.0;0.0;0.0;4.380056720063381;0.0;1.4419334736140519;-5.822036713842263;0.0;0.0;0.0;0.0;0.0;40.25144235789182;415.4168479545496;46.277395276294584;388.33450758154675;-0.02525348316434833
4686.0;0.0;-0.00016724619189140114;0.0;0.5565437797507621;0.0;0.0;0.0;0.0;0.0;0.0;4.380056720063381;0.0;1.4419334736140519;-5.822036713842263;0.0;0.0;0.0;0.0;0.0;40.25144235789182;415.4168479545496;46.277395276294584;388.33450758154675;-0.02525348316434833
4687.0;0.0;-0.00016724619189140114;0.0;0.5565437797507621;0.0;0.0;0.0;0.0;0.0;0.0;4.380056720063381;0.0;1.4419334736140519;-5.822036713842263;0.0;0.0;0.0;0.0;0.0;40.25144235789182;415.4168479545496;46.277395276294584;388.33450758154675;-0.02525348316434833
4688.0;0.0;-0.00016724619189140114;0.0;0.5565437797507621;0.0;0.0;0.0;0.0;0.0;0.0;4.380056720063381;0.0;1.4419334736140519;-5.822036713842263;0.0;0.0;0.0;0.0;0.0;40.25144235789182;415.4168479545496;46.277395276294584;388.33450758154675;-0.02525348316434833
4689.0;0.0;-0.00016724619189140114;0.0;0.5565437797507621;0.0;0.0;0.0;0.0;0.0;0.0;4.380056720063381;0.0;1.4419334736140519;-5.822036713842263;0.0;0.0;0.0;0.0;0.0;40.25144235789182;415.4168479545496;46.277395276294584;388.33450758154675;-0.02525348316434833
4690.0;0.0;-0.00016724619189140114;0.0;0.5565437797507621;0.0;0.0;0.0;0.0;0.0;0.0;4.380056720063381;0.0;1.4419334736140519;-5.822036713842263;0.0;0.0;0.0;0.0;0.0;40.25144235789182;415.4168479545496;46.277395276294584;388.33450758154675;-0.02525348316434833
4691.0;0.0;-0.00016724619189140114;0.0;0.5565437797507621;0.0;0.0;0.0;0.0;0.0;0.0;4.380056720063381;0.0;1.4419334736140519;-5.822036713842263;0.0;0.0;0.0;0.0;0.0;40.25144235789182;415.4168479545496;46.277395276294584;388.33450758154675;-0.02525348316434833
4692.0;0.0;-0.00016724619189140114;0.0;0.5565437797507621;0.0;0.0;0.0;0.0;0.0;0.0;4.380056720063381;0.0;1.4419334736140519;-5.822036713842263;0.0;0.0;0.0;0.0;0.0;40.25144235789182;415.4168479545496;46.277395276294584;388.33450758154675;-0.02525348316434833
4693.0;0.0;-0.00016724619189140114;0.0;0.5565437797507621;0.0;0.0;0.0;0.0;0.0;0.0;4.380056720063381;0.0;1.4419334736140519;-5.822036713842263;0.0;0.0;0.0;0.0;0.0;40.25144235789182;415.4168479545496;46.277395276294584;388.33450758154675;-0.02525348316434833
4694.0;0.0;-0.00016724619189140114;0.0;0.5565437797507621;0.0;0.0;0.0;0.0;0.0;0.0;4.380056720063381;0.0;1.4419334736140519;-5.822036713842263;0.0;0.0;0.0;0.0;0.0;40.25144235789182;415.4168479545496;46.277395276294584;388.33450758154675;-0.02525348316434833
4695.0;0.0;-0.00016724619189140114;0.0;0.5565437797507621;0.0;0.0;0.0;0.0;0.0;0.0;4.380056720063381;0.0;1.4419334736140519;-5.822036713842263;0.0;0.0;0.0;0.0;0.0;40.25144235789182;415.4168479545496;46.277395276294584;388.33450758154675;-0.02525348316434833
4696.0;0.0;-0.00016724619189140114;0.0;0.5565437797507621;0.0;0.0;0.0;0.0;0.0;0.0;4.380056720063381;0.0;1.4419334736140519;-5.822036713842263;0.0;0.0;0.0;0.0;0.0;40.25144235789182;415.4168479545496;46.277395276294584;388.33450758154675;-0.02525348316434833
4697.0;0.0;-0.00016724619189140114;0.0;0.5565437797507621;0.0;0.0;0.0;0.0;0.0;0.0;4.380056720063381;0.0;1.4419334736140519;-5.822036713842263;0.0;0.0;0.0;0.0;0.0;40.25144235789182;415.4168479545496;46.277395276294584;388.33450758154675;-0.02525348316434833
4698.0;0.0;-0.00016724619189140114;0.0;0.5565437797507621;0.0;0.0;0.0;0.0;0.0;0.0;4.380056720063381;0.0;1.4419334736140519;-5.822036713842263;0.0;0.0;0.0;0.0;0.0;40.25144235789182;415.4168479545496;46.277395276294584;388.33450758154675;-0.02525348316434833
4699.0;0.0;-0.00016724619189140114;0.0;0.5565437797507621;0.0;0.0;0.0;0.0;0.0;0.0;4.380056720063381;0.0;1.4419334736140519;-5.822036713842263;0.0;0.0;0.0;0.0;0.0;40.25144235789182;415.4168479545496;46.277395276294584;388.33450758154675;-0.02525348316434833
4700.0;0.0;-0.00016724619189140114;0.0;0.5565437797507621;0.0;0.0;0.0;0.0;0.0;0.0;4.380056720063381;0.0;1.4419334736140519;-5.822036713842263;0.0;0.0;0.0;0.0;0.0;40.25144235789182;415.4168479545496;46.277395276294584;388.33450758154675;-0.02525348316434833
4701.0;0.0;-0.00016724619189140114;0.0;0.5565437797507621;0.0;0.0;0.0;0.0;0.0;0.0;4.380056720063381;0.0;1.4419334736140519;-5.822036713842263;0.0;0.0;0.0;0.0;0.0;40.25144235789182;415.4168479545496;46.277395276294584;388.33450758154675;-0.02525348316434833
4702.0;0.0;-0.00016724619189140114;0.0;0.5565437797507621;0.0;0.0;0.0;0.0;0.0;0.0;4.380056720063381;0.0;1.4419334736140519;-5.822036713842263;0.0;0.0;0.0;0.0;0.0;40.25144235789182;415.4168479545496;46.277395276294584;388.33450758154675;-0.02525348316434833
4703.0;0.0;-0.00016724619189140114;0.0;0.5565437797507621;0.0;0.0;0.0;0.0;0.0;0.0;4.380056720063381;0.0;1.4419334736140519;-5.822036713842263;0.0;0.0;0.0;0.0;0.0;40.25144235789182;415.4168479545496;46.277395276294584;388.33450758154675;-0.02525348316434833
4704.0;0.0;-0.00016724619189140114;0.0;0.5565437797507621;0.0;0.0;0.0;0.0;0.0;0.0;4.380056720063381;0.0;1.4419334736140519;-5.822036713842263;0.0;0.0;0.0;0.0;0.0;40.25144235789182;415.4168479545496;46.277395276294584;388.33450758154675;-0.02525348316434833
4705.0;0.0;1.4311151694872811e-6;0.0;0.5565437797507621;0.0;0.0;0.0;0.0;0.0;9.57244438676935e-5;4.323955715450347;2.7471566126205212e-5;1.4973051868656841;-5.821298262383743;0.0;0.0;0.0;0.0;0.0;40.25144235789182;415.4168479545496;46.277395276294584;388.33450758154675;-0.02525348316434833
4706.0;0.0;1.4311151694872811e-6;0.0;0.5565437797507621;0.0;0.0;0.0;0.0;0.0;9.57244438676935e-5;4.323955715450347;2.7471566126205212e-5;1.4973051868656841;-5.821298262383743;0.0;0.0;0.0;0.0;0.0;40.25144235789182;415.4168479545496;46.277395276294584;388.33450758154675;-0.02525348316434833
4707.0;0.0;1.4311151694872811e-6;0.0;0.5565437797507621;0.0;0.0;0.0;0.0;0.0;9.57244438676935e-5;4.323955715450347;2.7471566126205212e-5;1.4973051868656841;-5.821298262383743;0.0;0.0;0.0;0.0;0.0;40.25144235789182;415.4168479545496;46.277395276294584;388.33450758154675;-0.02525348316434833
4708.0;0.0;1.4311151694872811e-6;0.0;0.5565437797507621;0.0;0.0;0.0;0.0;0.0;9.57244438676935e-5;4.323955715450347;2.7471566126205212e-5;1.4973051868656841;-5.821298262383743;0.0;0.0;0.0;0.0;0.0;40.25144235789182;415.4168479545496;46.277395276294584;388.33450758154675;-0.02525348316434833
4709.0;0.0;1.4311151694872811e-6;0.0;0.5565437797507621;0.0;0.0;0.0;0.0;0.0;9.57244438676935e-5;4.323955715450347;2.7471566126205212e-5;1.4973051868656841;-5.821298262383743;0.0;0.0;0.0;0.0;0.0;40.25144235789182;415.4168479545496;46.277395276294584;388.33450758154675;-0.02525348316434833
4710.0;0.0;1.4311151694872811e-6;0.0;0.5565437797507621;0.0;0.0;0.0;0.0;0.0;9.57244438676935e-5;4.323955715450347;2.7471566126205212e-5;1.4973051868656841;-5.821298262383743;0.0;0.0;0.0;0.0;0.0;40.25144235789182;415.4168479545496;46.277395276294584;388.33450758154675;-0.02525348316434833
4711.0;0.0;1.4311151694872811e-6;0.0;0.5565437797507621;0.0;0.0;0.0;0.0;0.0;9.57244438676935e-5;4.323955715450347;2.7471566126205212e-5;1.4973051868656841;-5.821298262383743;0.0;0.0;0.0;0.0;0.0;40.25144235789182;415.4168479545496;46.277395276294584;388.33450758154675;-0.02525348316434833
4712.0;0.0;1.4311151694872811e-6;0.0;0.5565437797507621;0.0;0.0;0.0;0.0;0.0;9.57244438676935e-5;4.323955715450347;2.7471566126205212e-5;1.4973051868656841;-5.821298262383743;0.0;0.0;0.0;0.0;0.0;40.25144235789182;415.4168479545496;46.277395276294584;388.33450758154675;-0.02525348316434833
4713.0;0.0;1.4311151694872811e-6;0.0;0.5565437797507621;0.0;0.0;0.0;0.0;0.0;9.57244438676935e-5;4.323955715450347;2.7471566126205212e-5;1.4973051868656841;-5.821298262383743;0.0;0.0;0.0;0.0;0.0;40.25144235789182;415.4168479545496;46.277395276294584;388.33450758154675;-0.02525348316434833
4714.0;0.0;1.4311151694872811e-6;0.0;0.5565437797507621;0.0;0.0;0.0;0.0;0.0;9.57244438676935e-5;4.323955715450347;2.7471566126205212e-5;1.4973051868656841;-5.821298262383743;0.0;0.0;0.0;0.0;0.0;40.25144235789182;415.4168479545496;46.277395276294584;388.33450758154675;-0.02525348316434833
4715.0;0.0;1.4311151694872811e-6;0.0;0.5565437797507621;0.0;0.0;0.0;0.0;0.0;9.57244438676935e-5;4.323955715450347;2.7471566126205212e-5;1.4973051868656841;-5.821298262383743;0.0;0.0;0.0;0.0;0.0;40.25144235789182;415.4168479545496;46.277395276294584;388.33450758154675;-0.02525348316434833
4716.0;0.0;1.4311151694872811e-6;0.0;0.5565437797507621;0.0;0.0;0.0;0.0;0.0;9.57244438676935e-5;4.323955715450347;2.7471566126205212e-5;1.4973051868656841;-5.821298262383743;0.0;0.0;0.0;0.0;0.0;40.25144235789182;415.4168479545496;46.277395276294584;388.33450758154675;-0.02525348316434833
4717.0;0.0;1.4311151694872811e-6;0.0;0.5565437797507621;0.0;0.0;0.0;0.0;0.0;9.57244438676935e-5;4.323955715450347;2.7471566126205212e-5;1.4973051868656841;-5.821298262383743;0.0;0.0;0.0;0.0;0.0;40.25144235789182;415.4168479545496;46.277395276294584;388.33450758154675;-0.02525348316434833
4718.0;0.0;1.4311151694872811e-6;0.0;0.5565437797507621;0.0;0.0;0.0;0.0;0.0;9.57244438676935e-5;4.323955715450347;2.7471566126205212e-5;1.4973051868656841;-5.821298262383743;0.0;0.0;0.0;0.0;0.0;40.25144235789182;415.4168479545496;46.277395276294584;388.33450758154675;-0.02525348316434833
4719.0;0.0;1.4311151694872811e-6;0.0;0.5565437797507621;0.0;0.0;0.0;0.0;0.0;9.57244438676935e-5;4.323955715450347;2.7471566126205212e-5;1.4973051868656841;-5.821298262383743;0.0;0.0;0.0;0.0;0.0;40.25144235789182;415.4168479545496;46.277395276294584;388.33450758154675;-0.02525348316434833
4720.0;0.0;1.4311151694872811e-6;0.0;0.5565437797507621;0.0;0.0;0.0;0.0;0.0;9.57244438676935e-5;4.323955715450347;2.7471566126205212e-5;1.4973051868656841;-5.821298262383743;0.0;0.0;0.0;0.0;0.0;40.25144235789182;415.4168479545496;46.277395276294584;388.33450758154675;-0.02525348316434833
4721.0;0.0;1.4311151694872811e-6;0.0;0.5565437797507621;0.0;0.0;0.0;0.0;0.0;9.57244438676935e-5;4.323955715450347;2.7471566126205212e-5;1.4973051868656841;-5.821298262383743;0.0;0.0;0.0;0.0;0.0;40.25144235789182;415.4168479545496;46.277395276294584;388.33450758154675;-0.02525348316434833
4722.0;0.0;1.4311151694872811e-6;0.0;0.5565437797507621;0.0;0.0;0.0;0.0;0.0;9.57244438676935e-5;4.323955715450347;2.7471566126205212e-5;1.4973051868656841;-5.821298262383743;0.0;0.0;0.0;0.0;0.0;40.25144235789182;415.4168479545496;46.277395276294584;388.33450758154675;-0.02525348316434833
4723.0;0.0;1.4311151694872811e-6;0.0;0.5565437797507621;0.0;0.0;0.0;0.0;0.0;9.57244438676935e-5;4.323955715450347;2.7471566126205212e-5;1.4973051868656841;-5.821298262383743;0.0;0.0;0.0;0.0;0.0;40.25144235789182;415.4168479545496;46.277395276294584;388.33450758154675;-0.02525348316434833
4724.0;0.0;1.4311151694872811e-6;0.0;0.5565437797507621;0.0;0.0;0.0;0.0;0.0;9.57244438676935e-5;4.323955715450347;2.7471566126205212e-5;1.4973051868656841;-5.821298262383743;0.0;0.0;0.0;0.0;0.0;40.25144235789182;415.4168479545496;46.277395276294584;388.33450758154675;-0.02525348316434833
4725.0;0.0;1.4311151694872811e-6;0.0;0.5565437797507621;0.0;0.0;0.0;0.0;0.0;9.57244438676935e-5;4.323955715450347;2.7471566126205212e-5;1.4973051868656841;-5.821298262383743;0.0;0.0;0.0;0.0;0.0;40.25144235789182;415.4168479545496;46.277395276294584;388.33450758154675;-0.02525348316434833
4726.0;0.0;1.4311151694872811e-6;0.0;0.5565437797507621;0.0;0.0;0.0;0.0;0.0;9.57244438676935e-5;4.323955715450347;2.7471566126205212e-5;1.4973051868656841;-5.821298262383743;0.0;0.0;0.0;0.0;0.0;40.25144235789182;415.4168479545496;46.277395276294584;388.33450758154675;-0.02525348316434833
4727.0;0.0;1.4311151694872811e-6;0.0;0.5565437797507621;0.0;0.0;0.0;0.0;0.0;9.57244438676935e-5;4.323955715450347;2.7471566126205212e-5;1.4973051868656841;-5.821298262383743;0.0;0.0;0.0;0.0;0.0;40.25144235789182;415.4168479545496;46.277395276294584;388.33450758154675;-0.02525348316434833
4728.0;0.0;1.4311151694872811e-6;0.0;0.5565437797507621;0.0;0.0;0.0;0.0;0.0;9.57244438676935e-5;4.323955715450347;2.7471566126205212e-5;1.4973051868656841;-5.821298262383743;0.0;0.0;0.0;0.0;0.0;40.25144235789182;415.4168479545496;46.277395276294584;388.33450758154675;-0.02525348316434833
4729.0;0.0;-0.0008335169999277355;0.0;0.5565437797507621;0.0;0.0;0.0;0.0;0.0;0.0;3.4343774265560527;0.0;0.6749364737833407;-4.109460370060522;0.0;0.0;0.0;0.0;0.0;40.25144235789182;415.4168479545496;46.277395276294584;388.33450758154675;-0.02525348316434833
4730.0;0.0;-0.0008335169999277355;0.0;0.5565437797507621;0.0;0.0;0.0;0.0;0.0;0.0;3.4343774265560527;0.0;0.6749364737833407;-4.109460370060522;0.0;0.0;0.0;0.0;0.0;40.25144235789182;415.4168479545496;46.277395276294584;388.33450758154675;-0.02525348316434833
4731.0;0.0;-0.0008335169999277355;0.0;0.5565437797507621;0.0;0.0;0.0;0.0;0.0;0.0;3.4343774265560527;0.0;0.6749364737833407;-4.109460370060522;0.0;0.0;0.0;0.0;0.0;40.25144235789182;415.4168479545496;46.277395276294584;388.33450758154675;-0.02525348316434833
4732.0;0.0;-0.0008335169999277355;0.0;0.5565437797507621;0.0;0.0;0.0;0.0;0.0;0.0;3.4343774265560527;0.0;0.6749364737833407;-4.109460370060522;0.0;0.0;0.0;0.0;0.0;40.25144235789182;415.4168479545496;46.277395276294584;388.33450758154675;-0.02525348316434833
4733.0;0.0;-0.0008335169999277355;0.0;0.5565437797507621;0.0;0.0;0.0;0.0;0.0;0.0;3.4343774265560527;0.0;0.6749364737833407;-4.109460370060522;0.0;0.0;0.0;0.0;0.0;40.25144235789182;415.4168479545496;46.277395276294584;388.33450758154675;-0.02525348316434833
4734.0;0.0;-0.0008335169999277355;0.0;0.5565437797507621;0.0;0.0;0.0;0.0;0.0;0.0;3.4343774265560527;0.0;0.6749364737833407;-4.109460370060522;0.0;0.0;0.0;0.0;0.0;40.25144235789182;415.4168479545496;46.277395276294584;388.33450758154675;-0.02525348316434833
4735.0;0.0;-0.0008335169999277355;0.0;0.5565437797507621;0.0;0.0;0.0;0.0;0.0;0.0;3.4343774265560527;0.0;0.6749364737833407;-4.109460370060522;0.0;0.0;0.0;0.0;0.0;40.25144235789182;415.4168479545496;46.277395276294584;388.33450758154675;-0.02525348316434833
4736.0;0.0;-0.0008335169999277355;0.0;0.5565437797507621;0.0;0.0;0.0;0.0;0.0;0.0;3.4343774265560527;0.0;0.6749364737833407;-4.109460370060522;0.0;0.0;0.0;0.0;0.0;40.25144235789182;415.4168479545496;46.277395276294584;388.33450758154675;-0.02525348316434833
4737.0;0.0;-0.0008335169999277355;0.0;0.5565437797507621;0.0;0.0;0.0;0.0;0.0;0.0;3.4343774265560527;0.0;0.6749364737833407;-4.109460370060522;0.0;0.0;0.0;0.0;0.0;40.25144235789182;415.4168479545496;46.277395276294584;388.33450758154675;-0.02525348316434833
4738.0;0.0;-0.0008335169999277355;0.0;0.5565437797507621;0.0;0.0;0.0;0.0;0.0;0.0;3.4343774265560527;0.0;0.6749364737833407;-4.109460370060522;0.0;0.0;0.0;0.0;0.0;40.25144235789182;415.4168479545496;46.277395276294584;388.33450758154675;-0.02525348316434833
4739.0;0.0;-0.0008335169999277355;0.0;0.5565437797507621;0.0;0.0;0.0;0.0;0.0;0.0;3.4343774265560527;0.0;0.6749364737833407;-4.109460370060522;0.0;0.0;0.0;0.0;0.0;40.25144235789182;415.4168479545496;46.277395276294584;388.33450758154675;-0.02525348316434833
4740.0;0.0;-0.0008335169999277355;0.0;0.5565437797507621;0.0;0.0;0.0;0.0;0.0;0.0;3.4343774265560527;0.0;0.6749364737833407;-4.109460370060522;0.0;0.0;0.0;0.0;0.0;40.25144235789182;415.4168479545496;46.277395276294584;388.33450758154675;-0.02525348316434833
4741.0;0.0;-0.0008335169999277355;0.0;0.5565437797507621;0.0;0.0;0.0;0.0;0.0;0.0;3.4343774265560527;0.0;0.6749364737833407;-4.109460370060522;0.0;0.0;0.0;0.0;0.0;40.25144235789182;415.4168479545496;46.277395276294584;388.33450758154675;-0.02525348316434833
4742.0;0.0;-0.0008335169999277355;0.0;0.5565437797507621;0.0;0.0;0.0;0.0;0.0;0.0;3.4343774265560527;0.0;0.6749364737833407;-4.109460370060522;0.0;0.0;0.0;0.0;0.0;40.25144235789182;415.4168479545496;46.277395276294584;388.33450758154675;-0.02525348316434833
4743.0;0.0;-0.0008335169999277355;0.0;0.5565437797507621;0.0;0.0;0.0;0.0;0.0;0.0;3.4343774265560527;0.0;0.6749364737833407;-4.109460370060522;0.0;0.0;0.0;0.0;0.0;40.25144235789182;415.4168479545496;46.277395276294584;388.33450758154675;-0.02525348316434833
4744.0;0.0;-0.0008335169999277355;0.0;0.5565437797507621;0.0;0.0;0.0;0.0;0.0;0.0;3.4343774265560527;0.0;0.6749364737833407;-4.109460370060522;0.0;0.0;0.0;0.0;0.0;40.25144235789182;415.4168479545496;46.277395276294584;388.33450758154675;-0.02525348316434833
4745.0;0.0;-0.0008335169999277355;0.0;0.5565437797507621;0.0;0.0;0.0;0.0;0.0;0.0;3.4343774265560527;0.0;0.6749364737833407;-4.109460370060522;0.0;0.0;0.0;0.0;0.0;40.25144235789182;415.4168479545496;46.277395276294584;388.33450758154675;-0.02525348316434833
4746.0;0.0;-0.0008335169999277355;0.0;0.5565437797507621;0.0;0.0;0.0;0.0;0.0;0.0;3.4343774265560527;0.0;0.6749364737833407;-4.109460370060522;0.0;0.0;0.0;0.0;0.0;40.25144235789182;415.4168479545496;46.277395276294584;388.33450758154675;-0.02525348316434833
4747.0;0.0;-0.0008335169999277355;0.0;0.5565437797507621;0.0;0.0;0.0;0.0;0.0;0.0;3.4343774265560527;0.0;0.6749364737833407;-4.109460370060522;0.0;0.0;0.0;0.0;0.0;40.25144235789182;415.4168479545496;46.277395276294584;388.33450758154675;-0.02525348316434833
4748.0;0.0;-0.0008335169999277355;0.0;0.5565437797507621;0.0;0.0;0.0;0.0;0.0;0.0;3.4343774265560527;0.0;0.6749364737833407;-4.109460370060522;0.0;0.0;0.0;0.0;0.0;40.25144235789182;415.4168479545496;46.277395276294584;388.33450758154675;-0.02525348316434833
4749.0;0.0;-0.0008335169999277355;0.0;0.5565437797507621;0.0;0.0;0.0;0.0;0.0;0.0;3.4343774265560527;0.0;0.6749364737833407;-4.109460370060522;0.0;0.0;0.0;0.0;0.0;40.25144235789182;415.4168479545496;46.277395276294584;388.33450758154675;-0.02525348316434833
4750.0;0.0;-0.0008335169999277355;0.0;0.5565437797507621;0.0;0.0;0.0;0.0;0.0;0.0;3.4343774265560527;0.0;0.6749364737833407;-4.109460370060522;0.0;0.0;0.0;0.0;0.0;40.25144235789182;415.4168479545496;46.277395276294584;388.33450758154675;-0.02525348316434833
4751.0;0.0;-0.0008335169999277355;0.0;0.5565437797507621;0.0;0.0;0.0;0.0;0.0;0.0;3.4343774265560527;0.0;0.6749364737833407;-4.109460370060522;0.0;0.0;0.0;0.0;0.0;40.25144235789182;415.4168479545496;46.277395276294584;388.33450758154675;-0.02525348316434833
4752.0;0.0;-0.0008335169999277355;0.0;0.5565437797507621;0.0;0.0;0.0;0.0;0.0;0.0;3.4343774265560527;0.0;0.6749364737833407;-4.109460370060522;0.0;0.0;0.0;0.0;0.0;40.25144235789182;415.4168479545496;46.277395276294584;388.33450758154675;-0.02525348316434833
4753.0;0.0;-2.275950156758445e-5;0.0;0.5565437797507621;0.0;0.0;0.0;0.0;0.0;9.99125974086106e-5;4.365302337067559;2.9239432898703696e-5;1.6047615330325862;-5.970183530081744;0.0;0.0;0.0;0.0;0.0;40.25144235789182;415.4168479545496;46.277395276294584;388.33450758154675;-0.02525348316434833
4754.0;0.0;-2.275950156758445e-5;0.0;0.5565437797507621;0.0;0.0;0.0;0.0;0.0;9.99125974086106e-5;4.365302337067559;2.9239432898703696e-5;1.6047615330325862;-5.970183530081744;0.0;0.0;0.0;0.0;0.0;40.25144235789182;415.4168479545496;46.277395276294584;388.33450758154675;-0.02525348316434833
4755.0;0.0;-2.275950156758445e-5;0.0;0.5565437797507621;0.0;0.0;0.0;0.0;0.0;9.99125974086106e-5;4.365302337067559;2.9239432898703696e-5;1.6047615330325862;-5.970183530081744;0.0;0.0;0.0;0.0;0.0;40.25144235789182;415.4168479545496;46.277395276294584;388.33450758154675;-0.02525348316434833
4756.0;0.0;-2.275950156758445e-5;0.0;0.5565437797507621;0.0;0.0;0.0;0.0;0.0;9.99125974086106e-5;4.365302337067559;2.9239432898703696e-5;1.6047615330325862;-5.970183530081744;0.0;0.0;0.0;0.0;0.0;40.25144235789182;415.4168479545496;46.277395276294584;388.33450758154675;-0.02525348316434833
4757.0;0.0;-2.275950156758445e-5;0.0;0.5565437797507621;0.0;0.0;0.0;0.0;0.0;9.99125974086106e-5;4.365302337067559;2.9239432898703696e-5;1.6047615330325862;-5.970183530081744;0.0;0.0;0.0;0.0;0.0;40.25144235789182;415.4168479545496;46.277395276294584;388.33450758154675;-0.02525348316434833
4758.0;0.0;-2.275950156758445e-5;0.0;0.5565437797507621;0.0;0.0;0.0;0.0;0.0;9.99125974086106e-5;4.365302337067559;2.9239432898703696e-5;1.6047615330325862;-5.970183530081744;0.0;0.0;0.0;0.0;0.0;40.25144235789182;415.4168479545496;46.277395276294584;388.33450758154675;-0.02525348316434833
4759.0;0.0;-2.275950156758445e-5;0.0;0.5565437797507621;0.0;0.0;0.0;0.0;0.0;9.99125974086106e-5;4.365302337067559;2.9239432898703696e-5;1.6047615330325862;-5.970183530081744;0.0;0.0;0.0;0.0;0.0;40.25144235789182;415.4168479545496;46.277395276294584;388.33450758154675;-0.02525348316434833
4760.0;0.0;-2.275950156758445e-5;0.0;0.5565437797507621;0.0;0.0;0.0;0.0;0.0;9.99125974086106e-5;4.365302337067559;2.9239432898703696e-5;1.6047615330325862;-5.970183530081744;0.0;0.0;0.0;0.0;0.0;40.25144235789182;415.4168479545496;46.277395276294584;388.33450758154675;-0.02525348316434833
4761.0;0.0;-2.275950156758445e-5;0.0;0.5565437797507621;0.0;0.0;0.0;0.0;0.0;9.99125974086106e-5;4.365302337067559;2.9239432898703696e-5;1.6047615330325862;-5.970183530081744;0.0;0.0;0.0;0.0;0.0;40.25144235789182;415.4168479545496;46.277395276294584;388.33450758154675;-0.02525348316434833
4762.0;0.0;-2.275950156758445e-5;0.0;0.5565437797507621;0.0;0.0;0.0;0.0;0.0;9.99125974086106e-5;4.365302337067559;2.9239432898703696e-5;1.6047615330325862;-5.970183530081744;0.0;0.0;0.0;0.0;0.0;40.25144235789182;415.4168479545496;46.277395276294584;388.33450758154675;-0.02525348316434833
4763.0;0.0;-2.275950156758445e-5;0.0;0.5565437797507621;0.0;0.0;0.0;0.0;0.0;9.99125974086106e-5;4.365302337067559;2.9239432898703696e-5;1.6047615330325862;-5.970183530081744;0.0;0.0;0.0;0.0;0.0;40.25144235789182;415.4168479545496;46.277395276294584;388.33450758154675;-0.02525348316434833
4764.0;0.0;-2.275950156758445e-5;0.0;0.5565437797507621;0.0;0.0;0.0;0.0;0.0;9.99125974086106e-5;4.365302337067559;2.9239432898703696e-5;1.6047615330325862;-5.970183530081744;0.0;0.0;0.0;0.0;0.0;40.25144235789182;415.4168479545496;46.277395276294584;388.33450758154675;-0.02525348316434833
4765.0;0.0;-2.275950156758445e-5;0.0;0.5565437797507621;0.0;0.0;0.0;0.0;0.0;9.99125974086106e-5;4.365302337067559;2.9239432898703696e-5;1.6047615330325862;-5.970183530081744;0.0;0.0;0.0;0.0;0.0;40.25144235789182;415.4168479545496;46.277395276294584;388.33450758154675;-0.02525348316434833
4766.0;0.0;-2.275950156758445e-5;0.0;0.5565437797507621;0.0;0.0;0.0;0.0;0.0;9.99125974086106e-5;4.365302337067559;2.9239432898703696e-5;1.6047615330325862;-5.970183530081744;0.0;0.0;0.0;0.0;0.0;40.25144235789182;415.4168479545496;46.277395276294584;388.33450758154675;-0.02525348316434833
4767.0;0.0;-2.275950156758445e-5;0.0;0.5565437797507621;0.0;0.0;0.0;0.0;0.0;9.99125974086106e-5;4.365302337067559;2.9239432898703696e-5;1.6047615330325862;-5.970183530081744;0.0;0.0;0.0;0.0;0.0;40.25144235789182;415.4168479545496;46.277395276294584;388.33450758154675;-0.02525348316434833
4768.0;0.0;-2.275950156758445e-5;0.0;0.5565437797507621;0.0;0.0;0.0;0.0;0.0;9.99125974086106e-5;4.365302337067559;2.9239432898703696e-5;1.6047615330325862;-5.970183530081744;0.0;0.0;0.0;0.0;0.0;40.25144235789182;415.4168479545496;46.277395276294584;388.33450758154675;-0.02525348316434833
4769.0;0.0;-2.275950156758445e-5;0.0;0.5565437797507621;0.0;0.0;0.0;0.0;0.0;9.99125974086106e-5;4.365302337067559;2.9239432898703696e-5;1.6047615330325862;-5.970183530081744;0.0;0.0;0.0;0.0;0.0;40.25144235789182;415.4168479545496;46.277395276294584;388.33450758154675;-0.02525348316434833
4770.0;0.0;-2.275950156758445e-5;0.0;0.5565437797507621;0.0;0.0;0.0;0.0;0.0;9.99125974086106e-5;4.365302337067559;2.9239432898703696e-5;1.6047615330325862;-5.970183530081744;0.0;0.0;0.0;0.0;0.0;40.25144235789182;415.4168479545496;46.277395276294584;388.33450758154675;-0.02525348316434833
4771.0;0.0;-2.275950156758445e-5;0.0;0.5565437797507621;0.0;0.0;0.0;0.0;0.0;9.99125974086106e-5;4.365302337067559;2.9239432898703696e-5;1.6047615330325862;-5.970183530081744;0.0;0.0;0.0;0.0;0.0;40.25144235789182;415.4168479545496;46.277395276294584;388.33450758154675;-0.02525348316434833
4772.0;0.0;-2.275950156758445e-5;0.0;0.5565437797507621;0.0;0.0;0.0;0.0;0.0;9.99125974086106e-5;4.365302337067559;2.9239432898703696e-5;1.6047615330325862;-5.970183530081744;0.0;0.0;0.0;0.0;0.0;40.25144235789182;415.4168479545496;46.277395276294584;388.33450758154675;-0.02525348316434833
4773.0;0.0;-2.275950156758445e-5;0.0;0.5565437797507621;0.0;0.0;0.0;0.0;0.0;9.99125974086106e-5;4.365302337067559;2.9239432898703696e-5;1.6047615330325862;-5.970183530081744;0.0;0.0;0.0;0.0;0.0;40.25144235789182;415.4168479545496;46.277395276294584;388.33450758154675;-0.02525348316434833
4774.0;0.0;-2.275950156758445e-5;0.0;0.5565437797507621;0.0;0.0;0.0;0.0;0.0;9.99125974086106e-5;4.365302337067559;2.9239432898703696e-5;1.6047615330325862;-5.970183530081744;0.0;0.0;0.0;0.0;0.0;40.25144235789182;415.4168479545496;46.277395276294584;388.33450758154675;-0.02525348316434833
4775.0;0.0;-2.275950156758445e-5;0.0;0.5565437797507621;0.0;0.0;0.0;0.0;0.0;9.99125974086106e-5;4.365302337067559;2.9239432898703696e-5;1.6047615330325862;-5.970183530081744;0.0;0.0;0.0;0.0;0.0;40.25144235789182;415.4168479545496;46.277395276294584;388.33450758154675;-0.02525348316434833
4776.0;0.0;-2.275950156758445e-5;0.0;0.5565437797507621;0.0;0.0;0.0;0.0;0.0;9.99125974086106e-5;4.365302337067559;2.9239432898703696e-5;1.6047615330325862;-5.970183530081744;0.0;0.0;0.0;0.0;0.0;40.25144235789182;415.4168479545496;46.277395276294584;388.33450758154675;-0.02525348316434833
4777.0;0.0;-2.9099955947943665e-5;0.0;0.5565437797507621;0.0;0.0;0.0;0.0;0.0;0.00012352277176833456;2.721460787425325;3.8065424098194384e-5;3.6181634707894617;-6.339777637180829;0.0;0.0;0.0;0.0;0.0;40.25144235789182;415.4168479545496;46.277395276294584;388.33450758154675;-0.02525348316434833
4778.0;0.0;-2.9099955947943665e-5;0.0;0.5565437797507621;0.0;0.0;0.0;0.0;0.0;0.00012352277176833456;2.721460787425325;3.8065424098194384e-5;3.6181634707894617;-6.339777637180829;0.0;0.0;0.0;0.0;0.0;40.25144235789182;415.4168479545496;46.277395276294584;388.33450758154675;-0.02525348316434833
4779.0;0.0;-2.9099955947943665e-5;0.0;0.5565437797507621;0.0;0.0;0.0;0.0;0.0;0.00012352277176833456;2.721460787425325;3.8065424098194384e-5;3.6181634707894617;-6.339777637180829;0.0;0.0;0.0;0.0;0.0;40.25144235789182;415.4168479545496;46.277395276294584;388.33450758154675;-0.02525348316434833
4780.0;0.0;-2.9099955947943665e-5;0.0;0.5565437797507621;0.0;0.0;0.0;0.0;0.0;0.00012352277176833456;2.721460787425325;3.8065424098194384e-5;3.6181634707894617;-6.339777637180829;0.0;0.0;0.0;0.0;0.0;40.25144235789182;415.4168479545496;46.277395276294584;388.33450758154675;-0.02525348316434833
4781.0;0.0;-2.9099955947943665e-5;0.0;0.5565437797507621;0.0;0.0;0.0;0.0;0.0;0.00012352277176833456;2.721460787425325;3.8065424098194384e-5;3.6181634707894617;-6.339777637180829;0.0;0.0;0.0;0.0;0.0;40.25144235789182;415.4168479545496;46.277395276294584;388.33450758154675;-0.02525348316434833
4782.0;0.0;-2.9099955947943665e-5;0.0;0.5565437797507621;0.0;0.0;0.0;0.0;0.0;0.00012352277176833456;2.721460787425325;3.8065424098194384e-5;3.6181634707894617;-6.339777637180829;0.0;0.0;0.0;0.0;0.0;40.25144235789182;415.4168479545496;46.277395276294584;388.33450758154675;-0.02525348316434833
4783.0;0.0;-2.9099955947943665e-5;0.0;0.5565437797507621;0.0;0.0;0.0;0.0;0.0;0.00012352277176833456;2.721460787425325;3.8065424098194384e-5;3.6181634707894617;-6.339777637180829;0.0;0.0;0.0;0.0;0.0;40.25144235789182;415.4168479545496;46.277395276294584;388.33450758154675;-0.02525348316434833
4784.0;0.0;-2.9099955947943665e-5;0.0;0.5565437797507621;0.0;0.0;0.0;0.0;0.0;0.00012352277176833456;2.721460787425325;3.8065424098194384e-5;3.6181634707894617;-6.339777637180829;0.0;0.0;0.0;0.0;0.0;40.25144235789182;415.4168479545496;46.277395276294584;388.33450758154675;-0.02525348316434833
4785.0;0.0;-2.9099955947943665e-5;0.0;0.5565437797507621;0.0;0.0;0.0;0.0;0.0;0.00012352277176833456;2.721460787425325;3.8065424098194384e-5;3.6181634707894617;-6.339777637180829;0.0;0.0;0.0;0.0;0.0;40.25144235789182;415.4168479545496;46.277395276294584;388.33450758154675;-0.02525348316434833
4786.0;0.0;-2.9099955947943665e-5;0.0;0.5565437797507621;0.0;0.0;0.0;0.0;0.0;0.00012352277176833456;2.721460787425325;3.8065424098194384e-5;3.6181634707894617;-6.339777637180829;0.0;0.0;0.0;0.0;0.0;40.25144235789182;415.4168479545496;46.277395276294584;388.33450758154675;-0.02525348316434833
4787.0;0.0;-2.9099955947943665e-5;0.0;0.5565437797507621;0.0;0.0;0.0;0.0;0.0;0.00012352277176833456;2.721460787425325;3.8065424098194384e-5;3.6181634707894617;-6.339777637180829;0.0;0.0;0.0;0.0;0.0;40.25144235789182;415.4168479545496;46.277395276294584;388.33450758154675;-0.02525348316434833
4788.0;0.0;-2.9099955947943665e-5;0.0;0.5565437797507621;0.0;0.0;0.0;0.0;0.0;0.00012352277176833456;2.721460787425325;3.8065424098194384e-5;3.6181634707894617;-6.339777637180829;0.0;0.0;0.0;0.0;0.0;40.25144235789182;415.4168479545496;46.277395276294584;388.33450758154675;-0.02525348316434833
4789.0;0.0;-2.9099955947943665e-5;0.0;0.5565437797507621;0.0;0.0;0.0;0.0;0.0;0.00012352277176833456;2.721460787425325;3.8065424098194384e-5;3.6181634707894617;-6.339777637180829;0.0;0.0;0.0;0.0;0.0;40.25144235789182;415.4168479545496;46.277395276294584;388.33450758154675;-0.02525348316434833
4790.0;0.0;-2.9099955947943665e-5;0.0;0.5565437797507621;0.0;0.0;0.0;0.0;0.0;0.00012352277176833456;2.721460787425325;3.8065424098194384e-5;3.6181634707894617;-6.339777637180829;0.0;0.0;0.0;0.0;0.0;40.25144235789182;415.4168479545496;46.277395276294584;388.33450758154675;-0.02525348316434833
4791.0;0.0;-2.9099955947943665e-5;0.0;0.5565437797507621;0.0;0.0;0.0;0.0;0.0;0.00012352277176833456;2.721460787425325;3.8065424098194384e-5;3.6181634707894617;-6.339777637180829;0.0;0.0;0.0;0.0;0.0;40.25144235789182;415.4168479545496;46.277395276294584;388.33450758154675;-0.02525348316434833
4792.0;0.0;-2.9099955947943665e-5;0.0;0.5565437797507621;0.0;0.0;0.0;0.0;0.0;0.00012352277176833456;2.721460787425325;3.8065424098194384e-5;3.6181634707894617;-6.339777637180829;0.0;0.0;0.0;0.0;0.0;40.25144235789182;415.4168479545496;46.277395276294584;388.33450758154675;-0.02525348316434833
4793.0;0.0;-2.9099955947943665e-5;0.0;0.5565437797507621;0.0;0.0;0.0;0.0;0.0;0.00012352277176833456;2.721460787425325;3.8065424098194384e-5;3.6181634707894617;-6.339777637180829;0.0;0.0;0.0;0.0;0.0;40.25144235789182;415.4168479545496;46.277395276294584;388.33450758154675;-0.02525348316434833
4794.0;0.0;-2.9099955947943665e-5;0.0;0.5565437797507621;0.0;0.0;0.0;0.0;0.0;0.00012352277176833456;2.721460787425325;3.8065424098194384e-5;3.6181634707894617;-6.339777637180829;0.0;0.0;0.0;0.0;0.0;40.25144235789182;415.4168479545496;46.277395276294584;388.33450758154675;-0.02525348316434833
4795.0;0.0;-2.9099955947943665e-5;0.0;0.5565437797507621;0.0;0.0;0.0;0.0;0.0;0.00012352277176833456;2.721460787425325;3.8065424098194384e-5;3.6181634707894617;-6.339777637180829;0.0;0.0;0.0;0.0;0.0;40.25144235789182;415.4168479545496;46.277395276294584;388.33450758154675;-0.02525348316434833
4796.0;0.0;-2.9099955947943665e-5;0.0;0.5565437797507621;0.0;0.0;0.0;0.0;0.0;0.00012352277176833456;2.721460787425325;3.8065424098194384e-5;3.6181634707894617;-6.339777637180829;0.0;0.0;0.0;0.0;0.0;40.25144235789182;415.4168479545496;46.277395276294584;388.33450758154675;-0.02525348316434833
4797.0;0.0;-2.9099955947943665e-5;0.0;0.5565437797507621;0.0;0.0;0.0;0.0;0.0;0.00012352277176833456;2.721460787425325;3.8065424098194384e-5;3.6181634707894617;-6.339777637180829;0.0;0.0;0.0;0.0;0.0;40.25144235789182;415.4168479545496;46.277395276294584;388.33450758154675;-0.02525348316434833
4798.0;0.0;-2.9099955947943665e-5;0.0;0.5565437797507621;0.0;0.0;0.0;0.0;0.0;0.00012352277176833456;2.721460787425325;3.8065424098194384e-5;3.6181634707894617;-6.339777637180829;0.0;0.0;0.0;0.0;0.0;40.25144235789182;415.4168479545496;46.277395276294584;388.33450758154675;-0.02525348316434833
4799.0;0.0;-2.9099955947943665e-5;0.0;0.5565437797507621;0.0;0.0;0.0;0.0;0.0;0.00012352277176833456;2.721460787425325;3.8065424098194384e-5;3.6181634707894617;-6.339777637180829;0.0;0.0;0.0;0.0;0.0;40.25144235789182;415.4168479545496;46.277395276294584;388.33450758154675;-0.02525348316434833
4800.0;0.0;-2.9099955947943665e-5;0.0;0.5565437797507621;0.0;0.0;0.0;0.0;0.0;0.00012352277176833456;2.721460787425325;3.8065424098194384e-5;3.6181634707894617;-6.339777637180829;0.0;0.0;0.0;0.0;0.0;40.25144235789182;415.4168479545496;46.277395276294584;388.33450758154675;-0.02525348316434833
4801.0;0.0;-8.154765608820865e-6;0.0;0.7246955231584024;0.0;0.0;0.0;0.0;0.0;0.0;1.4571444820608368;0.0;4.574919297569687;-6.0320461554968725;0.0;0.0;0.0;0.0;0.0;42.033142545582656;416.92737007779317;46.292639638898905;393.74051956543974;-5.493578071940613e-7
4802.0;0.0;-8.154765608820865e-6;0.0;0.7246955231584024;0.0;0.0;0.0;0.0;0.0;0.0;1.4571444820608368;0.0;4.574919297569687;-6.0320461554968725;0.0;0.0;0.0;0.0;0.0;42.033142545582656;416.92737007779317;46.292639638898905;393.74051956543974;-5.493578071940613e-7
4803.0;0.0;-8.154765608820865e-6;0.0;0.7246955231584024;0.0;0.0;0.0;0.0;0.0;0.0;1.4571444820608368;0.0;4.574919297569687;-6.0320461554968725;0.0;0.0;0.0;0.0;0.0;42.033142545582656;416.92737007779317;46.292639638898905;393.74051956543974;-5.493578071940613e-7
4804.0;0.0;-8.154765608820865e-6;0.0;0.7246955231584024;0.0;0.0;0.0;0.0;0.0;0.0;1.4571444820608368;0.0;4.574919297569687;-6.0320461554968725;0.0;0.0;0.0;0.0;0.0;42.033142545582656;416.92737007779317;46.292639638898905;393.74051956543974;-5.493578071940613e-7
4805.0;0.0;-8.154765608820865e-6;0.0;0.7246955231584024;0.0;0.0;0.0;0.0;0.0;0.0;1.4571444820608368;0.0;4.574919297569687;-6.0320461554968725;0.0;0.0;0.0;0.0;0.0;42.033142545582656;416.92737007779317;46.292639638898905;393.74051956543974;-5.493578071940613e-7
4806.0;0.0;-8.154765608820865e-6;0.0;0.7246955231584024;0.0;0.0;0.0;0.0;0.0;0.0;1.4571444820608368;0.0;4.574919297569687;-6.0320461554968725;0.0;0.0;0.0;0.0;0.0;42.033142545582656;416.92737007779317;46.292639638898905;393.74051956543974;-5.493578071940613e-7
4807.0;0.0;-8.154765608820865e-6;0.0;0.7246955231584024;0.0;0.0;0.0;0.0;0.0;0.0;1.4571444820608368;0.0;4.574919297569687;-6.0320461554968725;0.0;0.0;0.0;0.0;0.0;42.033142545582656;416.92737007779317;46.292639638898905;393.74051956543974;-5.493578071940613e-7
4808.0;0.0;-8.154765608820865e-6;0.0;0.7246955231584024;0.0;0.0;0.0;0.0;0.0;0.0;1.4571444820608368;0.0;4.574919297569687;-6.0320461554968725;0.0;0.0;0.0;0.0;0.0;42.033142545582656;416.92737007779317;46.292639638898905;393.74051956543974;-5.493578071940613e-7
4809.0;0.0;-8.154765608820865e-6;0.0;0.7246955231584024;0.0;0.0;0.0;0.0;0.0;0.0;1.4571444820608368;0.0;4.574919297569687;-6.0320461554968725;0.0;0.0;0.0;0.0;0.0;42.033142545582656;416.92737007779317;46.292639638898905;393.74051956543974;-5.493578071940613e-7
4810.0;0.0;-8.154765608820865e-6;0.0;0.7246955231584024;0.0;0.0;0.0;0.0;0.0;0.0;1.4571444820608368;0.0;4.574919297569687;-6.0320461554968725;0.0;0.0;0.0;0.0;0.0;42.033142545582656;416.92737007779317;46.292639638898905;393.74051956543974;-5.493578071940613e-7
4811.0;0.0;-8.154765608820865e-6;0.0;0.7246955231584024;0.0;0.0;0.0;0.0;0.0;0.0;1.4571444820608368;0.0;4.574919297569687;-6.0320461554968725;0.0;0.0;0.0;0.0;0.0;42.033142545582656;416.92737007779317;46.292639638898905;393.74051956543974;-5.493578071940613e-7
4812.0;0.0;-8.154765608820865e-6;0.0;0.7246955231584024;0.0;0.0;0.0;0.0;0.0;0.0;1.4571444820608368;0.0;4.574919297569687;-6.0320461554968725;0.0;0.0;0.0;0.0;0.0;42.033142545582656;416.92737007779317;46.292639638898905;393.74051956543974;-5.493578071940613e-7
4813.0;0.0;-8.154765608820865e-6;0.0;0.7246955231584024;0.0;0.0;0.0;0.0;0.0;0.0;1.4571444820608368;0.0;4.574919297569687;-6.0320461554968725;0.0;0.0;0.0;0.0;0.0;42.033142545582656;416.92737007779317;46.292639638898905;393.74051956543974;-5.493578071940613e-7
4814.0;0.0;-8.154765608820865e-6;0.0;0.7246955231584024;0.0;0.0;0.0;0.0;0.0;0.0;1.4571444820608368;0.0;4.574919297569687;-6.0320461554968725;0.0;0.0;0.0;0.0;0.0;42.033142545582656;416.92737007779317;46.292639638898905;393.74051956543974;-5.493578071940613e-7
4815.0;0.0;-8.154765608820865e-6;0.0;0.7246955231584024;0.0;0.0;0.0;0.0;0.0;0.0;1.4571444820608368;0.0;4.574919297569687;-6.0320461554968725;0.0;0.0;0.0;0.0;0.0;42.033142545582656;416.92737007779317;46.292639638898905;393.74051956543974;-5.493578071940613e-7
4816.0;0.0;-8.154765608820865e-6;0.0;0.7246955231584024;0.0;0.0;0.0;0.0;0.0;0.0;1.4571444820608368;0.0;4.574919297569687;-6.0320461554968725;0.0;0.0;0.0;0.0;0.0;42.033142545582656;416.92737007779317;46.292639638898905;393.74051956543974;-5.493578071940613e-7
4817.0;0.0;-8.154765608820865e-6;0.0;0.7246955231584024;0.0;0.0;0.0;0.0;0.0;0.0;1.4571444820608368;0.0;4.574919297569687;-6.0320461554968725;0.0;0.0;0.0;0.0;0.0;42.033142545582656;416.92737007779317;46.292639638898905;393.74051956543974;-5.493578071940613e-7
4818.0;0.0;-8.154765608820865e-6;0.0;0.7246955231584024;0.0;0.0;0.0;0.0;0.0;0.0;1.4571444820608368;0.0;4.574919297569687;-6.0320461554968725;0.0;0.0;0.0;0.0;0.0;42.033142545582656;416.92737007779317;46.292639638898905;393.74051956543974;-5.493578071940613e-7
4819.0;0.0;-8.154765608820865e-6;0.0;0.7246955231584024;0.0;0.0;0.0;0.0;0.0;0.0;1.4571444820608368;0.0;4.574919297569687;-6.0320461554968725;0.0;0.0;0.0;0.0;0.0;42.033142545582656;416.92737007779317;46.292639638898905;393.74051956543974;-5.493578071940613e-7
4820.0;0.0;-8.154765608820865e-6;0.0;0.7246955231584024;0.0;0.0;0.0;0.0;0.0;0.0;1.4571444820608368;0.0;4.574919297569687;-6.0320461554968725;0.0;0.0;0.0;0.0;0.0;42.033142545582656;416.92737007779317;46.292639638898905;393.74051956543974;-5.493578071940613e-7
4821.0;0.0;-8.154765608820865e-6;0.0;0.7246955231584024;0.0;0.0;0.0;0.0;0.0;0.0;1.4571444820608368;0.0;4.574919297569687;-6.0320461554968725;0.0;0.0;0.0;0.0;0.0;42.033142545582656;416.92737007779317;46.292639638898905;393.74051956543974;-5.493578071940613e-7
4822.0;0.0;-8.154765608820865e-6;0.0;0.7246955231584024;0.0;0.0;0.0;0.0;0.0;0.0;1.4571444820608368;0.0;4.574919297569687;-6.0320461554968725;0.0;0.0;0.0;0.0;0.0;42.033142545582656;416.92737007779317;46.292639638898905;393.74051956543974;-5.493578071940613e-7
4823.0;0.0;-8.154765608820865e-6;0.0;0.7246955231584024;0.0;0.0;0.0;0.0;0.0;0.0;1.4571444820608368;0.0;4.574919297569687;-6.0320461554968725;0.0;0.0;0.0;0.0;0.0;42.033142545582656;416.92737007779317;46.292639638898905;393.74051956543974;-5.493578071940613e-7
4824.0;0.0;-8.154765608820865e-6;0.0;0.7246955231584024;0.0;0.0;0.0;0.0;0.0;0.0;1.4571444820608368;0.0;4.574919297569687;-6.0320461554968725;0.0;0.0;0.0;0.0;0.0;42.033142545582656;416.92737007779317;46.292639638898905;393.74051956543974;-5.493578071940613e-7
4825.0;0.0;-0.0003320427498938117;0.0;0.7246955231584024;0.0;0.0;0.0;0.0;0.0;0.0;1.3650987987494922;0.0;4.666833957664348;-6.0313943394148595;0.0;0.0;0.0;0.0;0.0;42.033142545582656;416.92737007779317;46.292639638898905;393.74051956543974;-5.493578071940613e-7
4826.0;0.0;-0.0003320427498938117;0.0;0.7246955231584024;0.0;0.0;0.0;0.0;0.0;0.0;1.3650987987494922;0.0;4.666833957664348;-6.0313943394148595;0.0;0.0;0.0;0.0;0.0;42.033142545582656;416.92737007779317;46.292639638898905;393.74051956543974;-5.493578071940613e-7
4827.0;0.0;-0.0003320427498938117;0.0;0.7246955231584024;0.0;0.0;0.0;0.0;0.0;0.0;1.3650987987494922;0.0;4.666833957664348;-6.0313943394148595;0.0;0.0;0.0;0.0;0.0;42.033142545582656;416.92737007779317;46.292639638898905;393.74051956543974;-5.493578071940613e-7
4828.0;0.0;-0.0003320427498938117;0.0;0.7246955231584024;0.0;0.0;0.0;0.0;0.0;0.0;1.3650987987494922;0.0;4.666833957664348;-6.0313943394148595;0.0;0.0;0.0;0.0;0.0;42.033142545582656;416.92737007779317;46.292639638898905;393.74051956543974;-5.493578071940613e-7
4829.0;0.0;-0.0003320427498938117;0.0;0.7246955231584024;0.0;0.0;0.0;0.0;0.0;0.0;1.3650987987494922;0.0;4.666833957664348;-6.0313943394148595;0.0;0.0;0.0;0.0;0.0;42.033142545582656;416.92737007779317;46.292639638898905;393.74051956543974;-5.493578071940613e-7
4830.0;0.0;-0.0003320427498938117;0.0;0.7246955231584024;0.0;0.0;0.0;0.0;0.0;0.0;1.3650987987494922;0.0;4.666833957664348;-6.0313943394148595;0.0;0.0;0.0;0.0;0.0;42.033142545582656;416.92737007779317;46.292639638898905;393.74051956543974;-5.493578071940613e-7
4831.0;0.0;-0.0003320427498938117;0.0;0.7246955231584024;0.0;0.0;0.0;0.0;0.0;0.0;1.3650987987494922;0.0;4.666833957664348;-6.0313943394148595;0.0;0.0;0.0;0.0;0.0;42.033142545582656;416.92737007779317;46.292639638898905;393.74051956543974;-5.493578071940613e-7
4832.0;0.0;-0.0003320427498938117;0.0;0.7246955231584024;0.0;0.0;0.0;0.0;0.0;0.0;1.3650987987494922;0.0;4.666833957664348;-6.0313943394148595;0.0;0.0;0.0;0.0;0.0;42.033142545582656;416.92737007779317;46.292639638898905;393.74051956543974;-5.493578071940613e-7
4833.0;0.0;-0.0003320427498938117;0.0;0.7246955231584024;0.0;0.0;0.0;0.0;0.0;0.0;1.3650987987494922;0.0;4.666833957664348;-6.0313943394148595;0.0;0.0;0.0;0.0;0.0;42.033142545582656;416.92737007779317;46.292639638898905;393.74051956543974;-5.493578071940613e-7
4834.0;0.0;-0.0003320427498938117;0.0;0.7246955231584024;0.0;0.0;0.0;0.0;0.0;0.0;1.3650987987494922;0.0;4.666833957664348;-6.0313943394148595;0.0;0.0;0.0;0.0;0.0;42.033142545582656;416.92737007779317;46.292639638898905;393.74051956543974;-5.493578071940613e-7
4835.0;0.0;-0.0003320427498938117;0.0;0.7246955231584024;0.0;0.0;0.0;0.0;0.0;0.0;1.3650987987494922;0.0;4.666833957664348;-6.0313943394148595;0.0;0.0;0.0;0.0;0.0;42.033142545582656;416.92737007779317;46.292639638898905;393.74051956543974;-5.493578071940613e-7
4836.0;0.0;-0.0003320427498938117;0.0;0.7246955231584024;0.0;0.0;0.0;0.0;0.0;0.0;1.3650987987494922;0.0;4.666833957664348;-6.0313943394148595;0.0;0.0;0.0;0.0;0.0;42.033142545582656;416.92737007779317;46.292639638898905;393.74051956543974;-5.493578071940613e-7
4837.0;0.0;-0.0003320427498938117;0.0;0.7246955231584024;0.0;0.0;0.0;0.0;0.0;0.0;1.3650987987494922;0.0;4.666833957664348;-6.0313943394148595;0.0;0.0;0.0;0.0;0.0;42.033142545582656;416.92737007779317;46.292639638898905;393.74051956543974;-5.493578071940613e-7
4838.0;0.0;-0.0003320427498938117;0.0;0.7246955231584024;0.0;0.0;0.0;0.0;0.0;0.0;1.3650987987494922;0.0;4.666833957664348;-6.0313943394148595;0.0;0.0;0.0;0.0;0.0;42.033142545582656;416.92737007779317;46.292639638898905;393.74051956543974;-5.493578071940613e-7
4839.0;0.0;-0.0003320427498938117;0.0;0.7246955231584024;0.0;0.0;0.0;0.0;0.0;0.0;1.3650987987494922;0.0;4.666833957664348;-6.0313943394148595;0.0;0.0;0.0;0.0;0.0;42.033142545582656;416.92737007779317;46.292639638898905;393.74051956543974;-5.493578071940613e-7
4840.0;0.0;-0.0003320427498938117;0.0;0.7246955231584024;0.0;0.0;0.0;0.0;0.0;0.0;1.3650987987494922;0.0;4.666833957664348;-6.0313943394148595;0.0;0.0;0.0;0.0;0.0;42.033142545582656;416.92737007779317;46.292639638898905;393.74051956543974;-5.493578071940613e-7
4841.0;0.0;-0.0003320427498938117;0.0;0.7246955231584024;0.0;0.0;0.0;0.0;0.0;0.0;1.3650987987494922;0.0;4.666833957664348;-6.0313943394148595;0.0;0.0;0.0;0.0;0.0;42.033142545582656;416.92737007779317;46.292639638898905;393.74051956543974;-5.493578071940613e-7
4842.0;0.0;-0.0003320427498938117;0.0;0.7246955231584024;0.0;0.0;0.0;0.0;0.0;0.0;1.3650987987494922;0.0;4.666833957664348;-6.0313943394148595;0.0;0.0;0.0;0.0;0.0;42.033142545582656;416.92737007779317;46.292639638898905;393.74051956543974;-5.493578071940613e-7
4843.0;0.0;-0.0003320427498938117;0.0;0.7246955231584024;0.0;0.0;0.0;0.0;0.0;0.0;1.3650987987494922;0.0;4.666833957664348;-6.0313943394148595;0.0;0.0;0.0;0.0;0.0;42.033142545582656;416.92737007779317;46.292639638898905;393.74051956543974;-5.493578071940613e-7
4844.0;0.0;-0.0003320427498938117;0.0;0.7246955231584024;0.0;0.0;0.0;0.0;0.0;0.0;1.3650987987494922;0.0;4.666833957664348;-6.0313943394148595;0.0;0.0;0.0;0.0;0.0;42.033142545582656;416.92737007779317;46.292639638898905;393.74051956543974;-5.493578071940613e-7
4845.0;0.0;-0.0003320427498938117;0.0;0.7246955231584024;0.0;0.0;0.0;0.0;0.0;0.0;1.3650987987494922;0.0;4.666833957664348;-6.0313943394148595;0.0;0.0;0.0;0.0;0.0;42.033142545582656;416.92737007779317;46.292639638898905;393.74051956543974;-5.493578071940613e-7
4846.0;0.0;-0.0003320427498938117;0.0;0.7246955231584024;0.0;0.0;0.0;0.0;0.0;0.0;1.3650987987494922;0.0;4.666833957664348;-6.0313943394148595;0.0;0.0;0.0;0.0;0.0;42.033142545582656;416.92737007779317;46.292639638898905;393.74051956543974;-5.493578071940613e-7
4847.0;0.0;-0.0003320427498938117;0.0;0.7246955231584024;0.0;0.0;0.0;0.0;0.0;0.0;1.3650987987494922;0.0;4.666833957664348;-6.0313943394148595;0.0;0.0;0.0;0.0;0.0;42.033142545582656;416.92737007779317;46.292639638898905;393.74051956543974;-5.493578071940613e-7
4848.0;0.0;-0.0003320427498938117;0.0;0.7246955231584024;0.0;0.0;0.0;0.0;0.0;0.0;1.3650987987494922;0.0;4.666833957664348;-6.0313943394148595;0.0;0.0;0.0;0.0;0.0;42.033142545582656;416.92737007779317;46.292639638898905;393.74051956543974;-5.493578071940613e-7
4849.0;0.0;-0.00017065748785848468;0.0;0.7246955231584024;0.0;0.0;0.0;0.0;0.0;0.0;3.6578023615823385;0.0;1.1316458522129764;-4.789504077436613;0.0;0.0;0.0;0.0;0.0;42.033142545582656;416.92737007779317;46.292639638898905;393.74051956543974;-5.493578071940613e-7
4850.0;0.0;-0.00017065748785848468;0.0;0.7246955231584024;0.0;0.0;0.0;0.0;0.0;0.0;3.6578023615823385;0.0;1.1316458522129764;-4.789504077436613;0.0;0.0;0.0;0.0;0.0;42.033142545582656;416.92737007779317;46.292639638898905;393.74051956543974;-5.493578071940613e-7
4851.0;0.0;-0.00017065748785848468;0.0;0.7246955231584024;0.0;0.0;0.0;0.0;0.0;0.0;3.6578023615823385;0.0;1.1316458522129764;-4.789504077436613;0.0;0.0;0.0;0.0;0.0;42.033142545582656;416.92737007779317;46.292639638898905;393.74051956543974;-5.493578071940613e-7
4852.0;0.0;-0.00017065748785848468;0.0;0.7246955231584024;0.0;0.0;0.0;0.0;0.0;0.0;3.6578023615823385;0.0;1.1316458522129764;-4.789504077436613;0.0;0.0;0.0;0.0;0.0;42.033142545582656;416.92737007779317;46.292639638898905;393.74051956543974;-5.493578071940613e-7
4853.0;0.0;-0.00017065748785848468;0.0;0.7246955231584024;0.0;0.0;0.0;0.0;0.0;0.0;3.6578023615823385;0.0;1.1316458522129764;-4.789504077436613;0.0;0.0;0.0;0.0;0.0;42.033142545582656;416.92737007779317;46.292639638898905;393.74051956543974;-5.493578071940613e-7
4854.0;0.0;-0.00017065748785848468;0.0;0.7246955231584024;0.0;0.0;0.0;0.0;0.0;0.0;3.6578023615823385;0.0;1.1316458522129764;-4.789504077436613;0.0;0.0;0.0;0.0;0.0;42.033142545582656;416.92737007779317;46.292639638898905;393.74051956543974;-5.493578071940613e-7
4855.0;0.0;-0.00017065748785848468;0.0;0.7246955231584024;0.0;0.0;0.0;0.0;0.0;0.0;3.6578023615823385;0.0;1.1316458522129764;-4.789504077436613;0.0;0.0;0.0;0.0;0.0;42.033142545582656;416.92737007779317;46.292639638898905;393.74051956543974;-5.493578071940613e-7
4856.0;0.0;-0.00017065748785848468;0.0;0.7246955231584024;0.0;0.0;0.0;0.0;0.0;0.0;3.6578023615823385;0.0;1.1316458522129764;-4.789504077436613;0.0;0.0;0.0;0.0;0.0;42.033142545582656;416.92737007779317;46.292639638898905;393.74051956543974;-5.493578071940613e-7
4857.0;0.0;-0.00017065748785848468;0.0;0.7246955231584024;0.0;0.0;0.0;0.0;0.0;0.0;3.6578023615823385;0.0;1.1316458522129764;-4.789504077436613;0.0;0.0;0.0;0.0;0.0;42.033142545582656;416.92737007779317;46.292639638898905;393.74051956543974;-5.493578071940613e-7
4858.0;0.0;-0.00017065748785848468;0.0;0.7246955231584024;0.0;0.0;0.0;0.0;0.0;0.0;3.6578023615823385;0.0;1.1316458522129764;-4.789504077436613;0.0;0.0;0.0;0.0;0.0;42.033142545582656;416.92737007779317;46.292639638898905;393.74051956543974;-5.493578071940613e-7
4859.0;0.0;-0.00017065748785848468;0.0;0.7246955231584024;0.0;0.0;0.0;0.0;0.0;0.0;3.6578023615823385;0.0;1.1316458522129764;-4.789504077436613;0.0;0.0;0.0;0.0;0.0;42.033142545582656;416.92737007779317;46.292639638898905;393.74051956543974;-5.493578071940613e-7
4860.0;0.0;-0.00017065748785848468;0.0;0.7246955231584024;0.0;0.0;0.0;0.0;0.0;0.0;3.6578023615823385;0.0;1.1316458522129764;-4.789504077436613;0.0;0.0;0.0;0.0;0.0;42.033142545582656;416.92737007779317;46.292639638898905;393.74051956543974;-5.493578071940613e-7
4861.0;0.0;-0.00017065748785848468;0.0;0.7246955231584024;0.0;0.0;0.0;0.0;0.0;0.0;3.6578023615823385;0.0;1.1316458522129764;-4.789504077436613;0.0;0.0;0.0;0.0;0.0;42.033142545582656;416.92737007779317;46.292639638898905;393.74051956543974;-5.493578071940613e-7
4862.0;0.0;-0.00017065748785848468;0.0;0.7246955231584024;0.0;0.0;0.0;0.0;0.0;0.0;3.6578023615823385;0.0;1.1316458522129764;-4.789504077436613;0.0;0.0;0.0;0.0;0.0;42.033142545582656;416.92737007779317;46.292639638898905;393.74051956543974;-5.493578071940613e-7
4863.0;0.0;-0.00017065748785848468;0.0;0.7246955231584024;0.0;0.0;0.0;0.0;0.0;0.0;3.6578023615823385;0.0;1.1316458522129764;-4.789504077436613;0.0;0.0;0.0;0.0;0.0;42.033142545582656;416.92737007779317;46.292639638898905;393.74051956543974;-5.493578071940613e-7
4864.0;0.0;-0.00017065748785848468;0.0;0.7246955231584024;0.0;0.0;0.0;0.0;0.0;0.0;3.6578023615823385;0.0;1.1316458522129764;-4.789504077436613;0.0;0.0;0.0;0.0;0.0;42.033142545582656;416.92737007779317;46.292639638898905;393.74051956543974;-5.493578071940613e-7
4865.0;0.0;-0.00017065748785848468;0.0;0.7246955231584024;0.0;0.0;0.0;0.0;0.0;0.0;3.6578023615823385;0.0;1.1316458522129764;-4.789504077436613;0.0;0.0;0.0;0.0;0.0;42.033142545582656;416.92737007779317;46.292639638898905;393.74051956543974;-5.493578071940613e-7
4866.0;0.0;-0.00017065748785848468;0.0;0.7246955231584024;0.0;0.0;0.0;0.0;0.0;0.0;3.6578023615823385;0.0;1.1316458522129764;-4.789504077436613;0.0;0.0;0.0;0.0;0.0;42.033142545582656;416.92737007779317;46.292639638898905;393.74051956543974;-5.493578071940613e-7
4867.0;0.0;-0.00017065748785848468;0.0;0.7246955231584024;0.0;0.0;0.0;0.0;0.0;0.0;3.6578023615823385;0.0;1.1316458522129764;-4.789504077436613;0.0;0.0;0.0;0.0;0.0;42.033142545582656;416.92737007779317;46.292639638898905;393.74051956543974;-5.493578071940613e-7
4868.0;0.0;-0.00017065748785848468;0.0;0.7246955231584024;0.0;0.0;0.0;0.0;0.0;0.0;3.6578023615823385;0.0;1.1316458522129764;-4.789504077436613;0.0;0.0;0.0;0.0;0.0;42.033142545582656;416.92737007779317;46.292639638898905;393.74051956543974;-5.493578071940613e-7
4869.0;0.0;-0.00017065748785848468;0.0;0.7246955231584024;0.0;0.0;0.0;0.0;0.0;0.0;3.6578023615823385;0.0;1.1316458522129764;-4.789504077436613;0.0;0.0;0.0;0.0;0.0;42.033142545582656;416.92737007779317;46.292639638898905;393.74051956543974;-5.493578071940613e-7
4870.0;0.0;-0.00017065748785848468;0.0;0.7246955231584024;0.0;0.0;0.0;0.0;0.0;0.0;3.6578023615823385;0.0;1.1316458522129764;-4.789504077436613;0.0;0.0;0.0;0.0;0.0;42.033142545582656;416.92737007779317;46.292639638898905;393.74051956543974;-5.493578071940613e-7
4871.0;0.0;-0.00017065748785848468;0.0;0.7246955231584024;0.0;0.0;0.0;0.0;0.0;0.0;3.6578023615823385;0.0;1.1316458522129764;-4.789504077436613;0.0;0.0;0.0;0.0;0.0;42.033142545582656;416.92737007779317;46.292639638898905;393.74051956543974;-5.493578071940613e-7
4872.0;0.0;-0.00017065748785848468;0.0;0.7246955231584024;0.0;0.0;0.0;0.0;0.0;0.0;3.6578023615823385;0.0;1.1316458522129764;-4.789504077436613;0.0;0.0;0.0;0.0;0.0;42.033142545582656;416.92737007779317;46.292639638898905;393.74051956543974;-5.493578071940613e-7
4873.0;0.0;-0.0002241935443582116;0.0;0.7246955231584024;0.0;0.0;0.0;0.0;0.0;0.0;4.413568448883457;0.0;1.6208585467341565;-6.034192027207772;0.0;0.0;0.0;0.0;0.0;42.033142545582656;416.92737007779317;46.292639638898905;393.74051956543974;-5.493578071940613e-7
4874.0;0.0;-0.0002241935443582116;0.0;0.7246955231584024;0.0;0.0;0.0;0.0;0.0;0.0;4.413568448883457;0.0;1.6208585467341565;-6.034192027207772;0.0;0.0;0.0;0.0;0.0;42.033142545582656;416.92737007779317;46.292639638898905;393.74051956543974;-5.493578071940613e-7
4875.0;0.0;-0.0002241935443582116;0.0;0.7246955231584024;0.0;0.0;0.0;0.0;0.0;0.0;4.413568448883457;0.0;1.6208585467341565;-6.034192027207772;0.0;0.0;0.0;0.0;0.0;42.033142545582656;416.92737007779317;46.292639638898905;393.74051956543974;-5.493578071940613e-7
4876.0;0.0;-0.0002241935443582116;0.0;0.7246955231584024;0.0;0.0;0.0;0.0;0.0;0.0;4.413568448883457;0.0;1.6208585467341565;-6.034192027207772;0.0;0.0;0.0;0.0;0.0;42.033142545582656;416.92737007779317;46.292639638898905;393.74051956543974;-5.493578071940613e-7
4877.0;0.0;-0.0002241935443582116;0.0;0.7246955231584024;0.0;0.0;0.0;0.0;0.0;0.0;4.413568448883457;0.0;1.6208585467341565;-6.034192027207772;0.0;0.0;0.0;0.0;0.0;42.033142545582656;416.92737007779317;46.292639638898905;393.74051956543974;-5.493578071940613e-7
4878.0;0.0;-0.0002241935443582116;0.0;0.7246955231584024;0.0;0.0;0.0;0.0;0.0;0.0;4.413568448883457;0.0;1.6208585467341565;-6.034192027207772;0.0;0.0;0.0;0.0;0.0;42.033142545582656;416.92737007779317;46.292639638898905;393.74051956543974;-5.493578071940613e-7
4879.0;0.0;-0.0002241935443582116;0.0;0.7246955231584024;0.0;0.0;0.0;0.0;0.0;0.0;4.413568448883457;0.0;1.6208585467341565;-6.034192027207772;0.0;0.0;0.0;0.0;0.0;42.033142545582656;416.92737007779317;46.292639638898905;393.74051956543974;-5.493578071940613e-7
4880.0;0.0;-0.0002241935443582116;0.0;0.7246955231584024;0.0;0.0;0.0;0.0;0.0;0.0;4.413568448883457;0.0;1.6208585467341565;-6.034192027207772;0.0;0.0;0.0;0.0;0.0;42.033142545582656;416.92737007779317;46.292639638898905;393.74051956543974;-5.493578071940613e-7
4881.0;0.0;-0.0002241935443582116;0.0;0.7246955231584024;0.0;0.0;0.0;0.0;0.0;0.0;4.413568448883457;0.0;1.6208585467341565;-6.034192027207772;0.0;0.0;0.0;0.0;0.0;42.033142545582656;416.92737007779317;46.292639638898905;393.74051956543974;-5.493578071940613e-7
4882.0;0.0;-0.0002241935443582116;0.0;0.7246955231584024;0.0;0.0;0.0;0.0;0.0;0.0;4.413568448883457;0.0;1.6208585467341565;-6.034192027207772;0.0;0.0;0.0;0.0;0.0;42.033142545582656;416.92737007779317;46.292639638898905;393.74051956543974;-5.493578071940613e-7
4883.0;0.0;-0.0002241935443582116;0.0;0.7246955231584024;0.0;0.0;0.0;0.0;0.0;0.0;4.413568448883457;0.0;1.6208585467341565;-6.034192027207772;0.0;0.0;0.0;0.0;0.0;42.033142545582656;416.92737007779317;46.292639638898905;393.74051956543974;-5.493578071940613e-7
4884.0;0.0;-0.0002241935443582116;0.0;0.7246955231584024;0.0;0.0;0.0;0.0;0.0;0.0;4.413568448883457;0.0;1.6208585467341565;-6.034192027207772;0.0;0.0;0.0;0.0;0.0;42.033142545582656;416.92737007779317;46.292639638898905;393.74051956543974;-5.493578071940613e-7
4885.0;0.0;-0.0002241935443582116;0.0;0.7246955231584024;0.0;0.0;0.0;0.0;0.0;0.0;4.413568448883457;0.0;1.6208585467341565;-6.034192027207772;0.0;0.0;0.0;0.0;0.0;42.033142545582656;416.92737007779317;46.292639638898905;393.74051956543974;-5.493578071940613e-7
4886.0;0.0;-0.0002241935443582116;0.0;0.7246955231584024;0.0;0.0;0.0;0.0;0.0;0.0;4.413568448883457;0.0;1.6208585467341565;-6.034192027207772;0.0;0.0;0.0;0.0;0.0;42.033142545582656;416.92737007779317;46.292639638898905;393.74051956543974;-5.493578071940613e-7
4887.0;0.0;-0.0002241935443582116;0.0;0.7246955231584024;0.0;0.0;0.0;0.0;0.0;0.0;4.413568448883457;0.0;1.6208585467341565;-6.034192027207772;0.0;0.0;0.0;0.0;0.0;42.033142545582656;416.92737007779317;46.292639638898905;393.74051956543974;-5.493578071940613e-7
4888.0;0.0;-0.0002241935443582116;0.0;0.7246955231584024;0.0;0.0;0.0;0.0;0.0;0.0;4.413568448883457;0.0;1.6208585467341565;-6.034192027207772;0.0;0.0;0.0;0.0;0.0;42.033142545582656;416.92737007779317;46.292639638898905;393.74051956543974;-5.493578071940613e-7
4889.0;0.0;-0.0002241935443582116;0.0;0.7246955231584024;0.0;0.0;0.0;0.0;0.0;0.0;4.413568448883457;0.0;1.6208585467341565;-6.034192027207772;0.0;0.0;0.0;0.0;0.0;42.033142545582656;416.92737007779317;46.292639638898905;393.74051956543974;-5.493578071940613e-7
4890.0;0.0;-0.0002241935443582116;0.0;0.7246955231584024;0.0;0.0;0.0;0.0;0.0;0.0;4.413568448883457;0.0;1.6208585467341565;-6.034192027207772;0.0;0.0;0.0;0.0;0.0;42.033142545582656;416.92737007779317;46.292639638898905;393.74051956543974;-5.493578071940613e-7
4891.0;0.0;-0.0002241935443582116;0.0;0.7246955231584024;0.0;0.0;0.0;0.0;0.0;0.0;4.413568448883457;0.0;1.6208585467341565;-6.034192027207772;0.0;0.0;0.0;0.0;0.0;42.033142545582656;416.92737007779317;46.292639638898905;393.74051956543974;-5.493578071940613e-7
4892.0;0.0;-0.0002241935443582116;0.0;0.7246955231584024;0.0;0.0;0.0;0.0;0.0;0.0;4.413568448883457;0.0;1.6208585467341565;-6.034192027207772;0.0;0.0;0.0;0.0;0.0;42.033142545582656;416.92737007779317;46.292639638898905;393.74051956543974;-5.493578071940613e-7
4893.0;0.0;-0.0002241935443582116;0.0;0.7246955231584024;0.0;0.0;0.0;0.0;0.0;0.0;4.413568448883457;0.0;1.6208585467341565;-6.034192027207772;0.0;0.0;0.0;0.0;0.0;42.033142545582656;416.92737007779317;46.292639638898905;393.74051956543974;-5.493578071940613e-7
4894.0;0.0;-0.0002241935443582116;0.0;0.7246955231584024;0.0;0.0;0.0;0.0;0.0;0.0;4.413568448883457;0.0;1.6208585467341565;-6.034192027207772;0.0;0.0;0.0;0.0;0.0;42.033142545582656;416.92737007779317;46.292639638898905;393.74051956543974;-5.493578071940613e-7
4895.0;0.0;-0.0002241935443582116;0.0;0.7246955231584024;0.0;0.0;0.0;0.0;0.0;0.0;4.413568448883457;0.0;1.6208585467341565;-6.034192027207772;0.0;0.0;0.0;0.0;0.0;42.033142545582656;416.92737007779317;46.292639638898905;393.74051956543974;-5.493578071940613e-7
4896.0;0.0;-0.0002241935443582116;0.0;0.7246955231584024;0.0;0.0;0.0;0.0;0.0;0.0;4.413568448883457;0.0;1.6208585467341565;-6.034192027207772;0.0;0.0;0.0;0.0;0.0;42.033142545582656;416.92737007779317;46.292639638898905;393.74051956543974;-5.493578071940613e-7
4897.0;0.0;0.00023674891918197235;0.0;0.7246955231584024;0.0;0.0;0.0;0.0;0.0;2.0760190800174962e-10;4.363360846905871;4.670326615502387e-9;1.6613912795842203;-6.024657378025677;0.0;0.0;0.0;0.0;0.0;42.033142545582656;416.92737007779317;46.292639638898905;393.74051956543974;-5.493578071940613e-7
4898.0;0.0;0.00023674891918197235;0.0;0.7246955231584024;0.0;0.0;0.0;0.0;0.0;2.0760190800174962e-10;4.363360846905871;4.670326615502387e-9;1.6613912795842203;-6.024657378025677;0.0;0.0;0.0;0.0;0.0;42.033142545582656;416.92737007779317;46.292639638898905;393.74051956543974;-5.493578071940613e-7
4899.0;0.0;0.00023674891918197235;0.0;0.7246955231584024;0.0;0.0;0.0;0.0;0.0;2.0760190800174962e-10;4.363360846905871;4.670326615502387e-9;1.6613912795842203;-6.024657378025677;0.0;0.0;0.0;0.0;0.0;42.033142545582656;416.92737007779317;46.292639638898905;393.74051956543974;-5.493578071940613e-7
4900.0;0.0;0.00023674891918197235;0.0;0.7246955231584024;0.0;0.0;0.0;0.0;0.0;2.0760190800174962e-10;4.363360846905871;4.670326615502387e-9;1.6613912795842203;-6.024657378025677;0.0;0.0;0.0;0.0;0.0;42.033142545582656;416.92737007779317;46.292639638898905;393.74051956543974;-5.493578071940613e-7
4901.0;0.0;0.00023674891918197235;0.0;0.7246955231584024;0.0;0.0;0.0;0.0;0.0;2.0760190800174962e-10;4.363360846905871;4.670326615502387e-9;1.6613912795842203;-6.024657378025677;0.0;0.0;0.0;0.0;0.0;42.033142545582656;416.92737007779317;46.292639638898905;393.74051956543974;-5.493578071940613e-7
4902.0;0.0;0.00023674891918197235;0.0;0.7246955231584024;0.0;0.0;0.0;0.0;0.0;2.0760190800174962e-10;4.363360846905871;4.670326615502387e-9;1.6613912795842203;-6.024657378025677;0.0;0.0;0.0;0.0;0.0;42.033142545582656;416.92737007779317;46.292639638898905;393.74051956543974;-5.493578071940613e-7
4903.0;0.0;0.00023674891918197235;0.0;0.7246955231584024;0.0;0.0;0.0;0.0;0.0;2.0760190800174962e-10;4.363360846905871;4.670326615502387e-9;1.6613912795842203;-6.024657378025677;0.0;0.0;0.0;0.0;0.0;42.033142545582656;416.92737007779317;46.292639638898905;393.74051956543974;-5.493578071940613e-7
4904.0;0.0;0.00023674891918197235;0.0;0.7246955231584024;0.0;0.0;0.0;0.0;0.0;2.0760190800174962e-10;4.363360846905871;4.670326615502387e-9;1.6613912795842203;-6.024657378025677;0.0;0.0;0.0;0.0;0.0;42.033142545582656;416.92737007779317;46.292639638898905;393.74051956543974;-5.493578071940613e-7
4905.0;0.0;0.00023674891918197235;0.0;0.7246955231584024;0.0;0.0;0.0;0.0;0.0;2.0760190800174962e-10;4.363360846905871;4.670326615502387e-9;1.6613912795842203;-6.024657378025677;0.0;0.0;0.0;0.0;0.0;42.033142545582656;416.92737007779317;46.292639638898905;393.74051956543974;-5.493578071940613e-7
4906.0;0.0;0.00023674891918197235;0.0;0.7246955231584024;0.0;0.0;0.0;0.0;0.0;2.0760190800174962e-10;4.363360846905871;4.670326615502387e-9;1.6613912795842203;-6.024657378025677;0.0;0.0;0.0;0.0;0.0;42.033142545582656;416.92737007779317;46.292639638898905;393.74051956543974;-5.493578071940613e-7
4907.0;0.0;0.00023674891918197235;0.0;0.7246955231584024;0.0;0.0;0.0;0.0;0.0;2.0760190800174962e-10;4.363360846905871;4.670326615502387e-9;1.6613912795842203;-6.024657378025677;0.0;0.0;0.0;0.0;0.0;42.033142545582656;416.92737007779317;46.292639638898905;393.74051956543974;-5.493578071940613e-7
4908.0;0.0;0.00023674891918197235;0.0;0.7246955231584024;0.0;0.0;0.0;0.0;0.0;2.0760190800174962e-10;4.363360846905871;4.670326615502387e-9;1.6613912795842203;-6.024657378025677;0.0;0.0;0.0;0.0;0.0;42.033142545582656;416.92737007779317;46.292639638898905;393.74051956543974;-5.493578071940613e-7
4909.0;0.0;0.00023674891918197235;0.0;0.7246955231584024;0.0;0.0;0.0;0.0;0.0;2.0760190800174962e-10;4.363360846905871;4.670326615502387e-9;1.6613912795842203;-6.024657378025677;0.0;0.0;0.0;0.0;0.0;42.033142545582656;416.92737007779317;46.292639638898905;393.74051956543974;-5.493578071940613e-7
4910.0;0.0;0.00023674891918197235;0.0;0.7246955231584024;0.0;0.0;0.0;0.0;0.0;2.0760190800174962e-10;4.363360846905871;4.670326615502387e-9;1.6613912795842203;-6.024657378025677;0.0;0.0;0.0;0.0;0.0;42.033142545582656;416.92737007779317;46.292639638898905;393.74051956543974;-5.493578071940613e-7
4911.0;0.0;0.00023674891918197235;0.0;0.7246955231584024;0.0;0.0;0.0;0.0;0.0;2.0760190800174962e-10;4.363360846905871;4.670326615502387e-9;1.6613912795842203;-6.024657378025677;0.0;0.0;0.0;0.0;0.0;42.033142545582656;416.92737007779317;46.292639638898905;393.74051956543974;-5.493578071940613e-7
4912.0;0.0;0.00023674891918197235;0.0;0.7246955231584024;0.0;0.0;0.0;0.0;0.0;2.0760190800174962e-10;4.363360846905871;4.670326615502387e-9;1.6613912795842203;-6.024657378025677;0.0;0.0;0.0;0.0;0.0;42.033142545582656;416.92737007779317;46.292639638898905;393.74051956543974;-5.493578071940613e-7
4913.0;0.0;0.00023674891918197235;0.0;0.7246955231584024;0.0;0.0;0.0;0.0;0.0;2.0760190800174962e-10;4.363360846905871;4.670326615502387e-9;1.6613912795842203;-6.024657378025677;0.0;0.0;0.0;0.0;0.0;42.033142545582656;416.92737007779317;46.292639638898905;393.74051956543974;-5.493578071940613e-7
4914.0;0.0;0.00023674891918197235;0.0;0.7246955231584024;0.0;0.0;0.0;0.0;0.0;2.0760190800174962e-10;4.363360846905871;4.670326615502387e-9;1.6613912795842203;-6.024657378025677;0.0;0.0;0.0;0.0;0.0;42.033142545582656;416.92737007779317;46.292639638898905;393.74051956543974;-5.493578071940613e-7
4915.0;0.0;0.00023674891918197235;0.0;0.7246955231584024;0.0;0.0;0.0;0.0;0.0;2.0760190800174962e-10;4.363360846905871;4.670326615502387e-9;1.6613912795842203;-6.024657378025677;0.0;0.0;0.0;0.0;0.0;42.033142545582656;416.92737007779317;46.292639638898905;393.74051956543974;-5.493578071940613e-7
4916.0;0.0;0.00023674891918197235;0.0;0.7246955231584024;0.0;0.0;0.0;0.0;0.0;2.0760190800174962e-10;4.363360846905871;4.670326615502387e-9;1.6613912795842203;-6.024657378025677;0.0;0.0;0.0;0.0;0.0;42.033142545582656;416.92737007779317;46.292639638898905;393.74051956543974;-5.493578071940613e-7
4917.0;0.0;0.00023674891918197235;0.0;0.7246955231584024;0.0;0.0;0.0;0.0;0.0;2.0760190800174962e-10;4.363360846905871;4.670326615502387e-9;1.6613912795842203;-6.024657378025677;0.0;0.0;0.0;0.0;0.0;42.033142545582656;416.92737007779317;46.292639638898905;393.74051956543974;-5.493578071940613e-7
4918.0;0.0;0.00023674891918197235;0.0;0.7246955231584024;0.0;0.0;0.0;0.0;0.0;2.0760190800174962e-10;4.363360846905871;4.670326615502387e-9;1.6613912795842203;-6.024657378025677;0.0;0.0;0.0;0.0;0.0;42.033142545582656;416.92737007779317;46.292639638898905;393.74051956543974;-5.493578071940613e-7
4919.0;0.0;0.00023674891918197235;0.0;0.7246955231584024;0.0;0.0;0.0;0.0;0.0;2.0760190800174962e-10;4.363360846905871;4.670326615502387e-9;1.6613912795842203;-6.024657378025677;0.0;0.0;0.0;0.0;0.0;42.033142545582656;416.92737007779317;46.292639638898905;393.74051956543974;-5.493578071940613e-7
4920.0;0.0;0.00023674891918197235;0.0;0.7246955231584024;0.0;0.0;0.0;0.0;0.0;2.0760190800174962e-10;4.363360846905871;4.670326615502387e-9;1.6613912795842203;-6.024657378025677;0.0;0.0;0.0;0.0;0.0;42.033142545582656;416.92737007779317;46.292639638898905;393.74051956543974;-5.493578071940613e-7
4921.0;0.0;-0.0012869669074092997;0.0;0.7246955231584024;0.0;0.0;0.0;0.0;0.0;0.0;3.4782271682142207;0.0;0.8305539717863455;-4.30888205524523;0.0;0.0;0.0;0.0;0.0;42.033142545582656;416.92737007779317;46.292639638898905;393.74051956543974;-5.493578071940613e-7
4922.0;0.0;-0.0012869669074092997;0.0;0.7246955231584024;0.0;0.0;0.0;0.0;0.0;0.0;3.4782271682142207;0.0;0.8305539717863455;-4.30888205524523;0.0;0.0;0.0;0.0;0.0;42.033142545582656;416.92737007779317;46.292639638898905;393.74051956543974;-5.493578071940613e-7
4923.0;0.0;-0.0012869669074092997;0.0;0.7246955231584024;0.0;0.0;0.0;0.0;0.0;0.0;3.4782271682142207;0.0;0.8305539717863455;-4.30888205524523;0.0;0.0;0.0;0.0;0.0;42.033142545582656;416.92737007779317;46.292639638898905;393.74051956543974;-5.493578071940613e-7
4924.0;0.0;-0.0012869669074092997;0.0;0.7246955231584024;0.0;0.0;0.0;0.0;0.0;0.0;3.4782271682142207;0.0;0.8305539717863455;-4.30888205524523;0.0;0.0;0.0;0.0;0.0;42.033142545582656;416.92737007779317;46.292639638898905;393.74051956543974;-5.493578071940613e-7
4925.0;0.0;-0.0012869669074092997;0.0;0.7246955231584024;0.0;0.0;0.0;0.0;0.0;0.0;3.4782271682142207;0.0;0.8305539717863455;-4.30888205524523;0.0;0.0;0.0;0.0;0.0;42.033142545582656;416.92737007779317;46.292639638898905;393.74051956543974;-5.493578071940613e-7
4926.0;0.0;-0.0012869669074092997;0.0;0.7246955231584024;0.0;0.0;0.0;0.0;0.0;0.0;3.4782271682142207;0.0;0.8305539717863455;-4.30888205524523;0.0;0.0;0.0;0.0;0.0;42.033142545582656;416.92737007779317;46.292639638898905;393.74051956543974;-5.493578071940613e-7
4927.0;0.0;-0.0012869669074092997;0.0;0.7246955231584024;0.0;0.0;0.0;0.0;0.0;0.0;3.4782271682142207;0.0;0.8305539717863455;-4.30888205524523;0.0;0.0;0.0;0.0;0.0;42.033142545582656;416.92737007779317;46.292639638898905;393.74051956543974;-5.493578071940613e-7
4928.0;0.0;-0.0012869669074092997;0.0;0.7246955231584024;0.0;0.0;0.0;0.0;0.0;0.0;3.4782271682142207;0.0;0.8305539717863455;-4.30888205524523;0.0;0.0;0.0;0.0;0.0;42.033142545582656;416.92737007779317;46.292639638898905;393.74051956543974;-5.493578071940613e-7
4929.0;0.0;-0.0012869669074092997;0.0;0.7246955231584024;0.0;0.0;0.0;0.0;0.0;0.0;3.4782271682142207;0.0;0.8305539717863455;-4.30888205524523;0.0;0.0;0.0;0.0;0.0;42.033142545582656;416.92737007779317;46.292639638898905;393.74051956543974;-5.493578071940613e-7
4930.0;0.0;-0.0012869669074092997;0.0;0.7246955231584024;0.0;0.0;0.0;0.0;0.0;0.0;3.4782271682142207;0.0;0.8305539717863455;-4.30888205524523;0.0;0.0;0.0;0.0;0.0;42.033142545582656;416.92737007779317;46.292639638898905;393.74051956543974;-5.493578071940613e-7
4931.0;0.0;-0.0012869669074092997;0.0;0.7246955231584024;0.0;0.0;0.0;0.0;0.0;0.0;3.4782271682142207;0.0;0.8305539717863455;-4.30888205524523;0.0;0.0;0.0;0.0;0.0;42.033142545582656;416.92737007779317;46.292639638898905;393.74051956543974;-5.493578071940613e-7
4932.0;0.0;-0.0012869669074092997;0.0;0.7246955231584024;0.0;0.0;0.0;0.0;0.0;0.0;3.4782271682142207;0.0;0.8305539717863455;-4.30888205524523;0.0;0.0;0.0;0.0;0.0;42.033142545582656;416.92737007779317;46.292639638898905;393.74051956543974;-5.493578071940613e-7
4933.0;0.0;-0.0012869669074092997;0.0;0.7246955231584024;0.0;0.0;0.0;0.0;0.0;0.0;3.4782271682142207;0.0;0.8305539717863455;-4.30888205524523;0.0;0.0;0.0;0.0;0.0;42.033142545582656;416.92737007779317;46.292639638898905;393.74051956543974;-5.493578071940613e-7
4934.0;0.0;-0.0012869669074092997;0.0;0.7246955231584024;0.0;0.0;0.0;0.0;0.0;0.0;3.4782271682142207;0.0;0.8305539717863455;-4.30888205524523;0.0;0.0;0.0;0.0;0.0;42.033142545582656;416.92737007779317;46.292639638898905;393.74051956543974;-5.493578071940613e-7
4935.0;0.0;-0.0012869669074092997;0.0;0.7246955231584024;0.0;0.0;0.0;0.0;0.0;0.0;3.4782271682142207;0.0;0.8305539717863455;-4.30888205524523;0.0;0.0;0.0;0.0;0.0;42.033142545582656;416.92737007779317;46.292639638898905;393.74051956543974;-5.493578071940613e-7
4936.0;0.0;-0.0012869669074092997;0.0;0.7246955231584024;0.0;0.0;0.0;0.0;0.0;0.0;3.4782271682142207;0.0;0.8305539717863455;-4.30888205524523;0.0;0.0;0.0;0.0;0.0;42.033142545582656;416.92737007779317;46.292639638898905;393.74051956543974;-5.493578071940613e-7
4937.0;0.0;-0.0012869669074092997;0.0;0.7246955231584024;0.0;0.0;0.0;0.0;0.0;0.0;3.4782271682142207;0.0;0.8305539717863455;-4.30888205524523;0.0;0.0;0.0;0.0;0.0;42.033142545582656;416.92737007779317;46.292639638898905;393.74051956543974;-5.493578071940613e-7
4938.0;0.0;-0.0012869669074092997;0.0;0.7246955231584024;0.0;0.0;0.0;0.0;0.0;0.0;3.4782271682142207;0.0;0.8305539717863455;-4.30888205524523;0.0;0.0;0.0;0.0;0.0;42.033142545582656;416.92737007779317;46.292639638898905;393.74051956543974;-5.493578071940613e-7
4939.0;0.0;-0.0012869669074092997;0.0;0.7246955231584024;0.0;0.0;0.0;0.0;0.0;0.0;3.4782271682142207;0.0;0.8305539717863455;-4.30888205524523;0.0;0.0;0.0;0.0;0.0;42.033142545582656;416.92737007779317;46.292639638898905;393.74051956543974;-5.493578071940613e-7
4940.0;0.0;-0.0012869669074092997;0.0;0.7246955231584024;0.0;0.0;0.0;0.0;0.0;0.0;3.4782271682142207;0.0;0.8305539717863455;-4.30888205524523;0.0;0.0;0.0;0.0;0.0;42.033142545582656;416.92737007779317;46.292639638898905;393.74051956543974;-5.493578071940613e-7
4941.0;0.0;-0.0012869669074092997;0.0;0.7246955231584024;0.0;0.0;0.0;0.0;0.0;0.0;3.4782271682142207;0.0;0.8305539717863455;-4.30888205524523;0.0;0.0;0.0;0.0;0.0;42.033142545582656;416.92737007779317;46.292639638898905;393.74051956543974;-5.493578071940613e-7
4942.0;0.0;-0.0012869669074092997;0.0;0.7246955231584024;0.0;0.0;0.0;0.0;0.0;0.0;3.4782271682142207;0.0;0.8305539717863455;-4.30888205524523;0.0;0.0;0.0;0.0;0.0;42.033142545582656;416.92737007779317;46.292639638898905;393.74051956543974;-5.493578071940613e-7
4943.0;0.0;-0.0012869669074092997;0.0;0.7246955231584024;0.0;0.0;0.0;0.0;0.0;0.0;3.4782271682142207;0.0;0.8305539717863455;-4.30888205524523;0.0;0.0;0.0;0.0;0.0;42.033142545582656;416.92737007779317;46.292639638898905;393.74051956543974;-5.493578071940613e-7
4944.0;0.0;-0.0012869669074092997;0.0;0.7246955231584024;0.0;0.0;0.0;0.0;0.0;0.0;3.4782271682142207;0.0;0.8305539717863455;-4.30888205524523;0.0;0.0;0.0;0.0;0.0;42.033142545582656;416.92737007779317;46.292639638898905;393.74051956543974;-5.493578071940613e-7
4945.0;0.0;-3.9122886969395076e-5;0.0;0.7246955231584024;0.0;0.0;0.0;0.0;0.0;0.0;4.423273780866983;0.0;1.778153586790928;-6.201457003014664;0.0;0.0;0.0;0.0;0.0;42.033142545582656;416.92737007779317;46.292639638898905;393.74051956543974;-5.493578071940613e-7
4946.0;0.0;-3.9122886969395076e-5;0.0;0.7246955231584024;0.0;0.0;0.0;0.0;0.0;0.0;4.423273780866983;0.0;1.778153586790928;-6.201457003014664;0.0;0.0;0.0;0.0;0.0;42.033142545582656;416.92737007779317;46.292639638898905;393.74051956543974;-5.493578071940613e-7
4947.0;0.0;-3.9122886969395076e-5;0.0;0.7246955231584024;0.0;0.0;0.0;0.0;0.0;0.0;4.423273780866983;0.0;1.778153586790928;-6.201457003014664;0.0;0.0;0.0;0.0;0.0;42.033142545582656;416.92737007779317;46.292639638898905;393.74051956543974;-5.493578071940613e-7
4948.0;0.0;-3.9122886969395076e-5;0.0;0.7246955231584024;0.0;0.0;0.0;0.0;0.0;0.0;4.423273780866983;0.0;1.778153586790928;-6.201457003014664;0.0;0.0;0.0;0.0;0.0;42.033142545582656;416.92737007779317;46.292639638898905;393.74051956543974;-5.493578071940613e-7
4949.0;0.0;-3.9122886969395076e-5;0.0;0.7246955231584024;0.0;0.0;0.0;0.0;0.0;0.0;4.423273780866983;0.0;1.778153586790928;-6.201457003014664;0.0;0.0;0.0;0.0;0.0;42.033142545582656;416.92737007779317;46.292639638898905;393.74051956543974;-5.493578071940613e-7
4950.0;0.0;-3.9122886969395076e-5;0.0;0.7246955231584024;0.0;0.0;0.0;0.0;0.0;0.0;4.423273780866983;0.0;1.778153586790928;-6.201457003014664;0.0;0.0;0.0;0.0;0.0;42.033142545582656;416.92737007779317;46.292639638898905;393.74051956543974;-5.493578071940613e-7
4951.0;0.0;-3.9122886969395076e-5;0.0;0.7246955231584024;0.0;0.0;0.0;0.0;0.0;0.0;4.423273780866983;0.0;1.778153586790928;-6.201457003014664;0.0;0.0;0.0;0.0;0.0;42.033142545582656;416.92737007779317;46.292639638898905;393.74051956543974;-5.493578071940613e-7
4952.0;0.0;-3.9122886969395076e-5;0.0;0.7246955231584024;0.0;0.0;0.0;0.0;0.0;0.0;4.423273780866983;0.0;1.778153586790928;-6.201457003014664;0.0;0.0;0.0;0.0;0.0;42.033142545582656;416.92737007779317;46.292639638898905;393.74051956543974;-5.493578071940613e-7
4953.0;0.0;-3.9122886969395076e-5;0.0;0.7246955231584024;0.0;0.0;0.0;0.0;0.0;0.0;4.423273780866983;0.0;1.778153586790928;-6.201457003014664;0.0;0.0;0.0;0.0;0.0;42.033142545582656;416.92737007779317;46.292639638898905;393.74051956543974;-5.493578071940613e-7
4954.0;0.0;-3.9122886969395076e-5;0.0;0.7246955231584024;0.0;0.0;0.0;0.0;0.0;0.0;4.423273780866983;0.0;1.778153586790928;-6.201457003014664;0.0;0.0;0.0;0.0;0.0;42.033142545582656;416.92737007779317;46.292639638898905;393.74051956543974;-5.493578071940613e-7
4955.0;0.0;-3.9122886969395076e-5;0.0;0.7246955231584024;0.0;0.0;0.0;0.0;0.0;0.0;4.423273780866983;0.0;1.778153586790928;-6.201457003014664;0.0;0.0;0.0;0.0;0.0;42.033142545582656;416.92737007779317;46.292639638898905;393.74051956543974;-5.493578071940613e-7
4956.0;0.0;-3.9122886969395076e-5;0.0;0.7246955231584024;0.0;0.0;0.0;0.0;0.0;0.0;4.423273780866983;0.0;1.778153586790928;-6.201457003014664;0.0;0.0;0.0;0.0;0.0;42.033142545582656;416.92737007779317;46.292639638898905;393.74051956543974;-5.493578071940613e-7
4957.0;0.0;-3.9122886969395076e-5;0.0;0.7246955231584024;0.0;0.0;0.0;0.0;0.0;0.0;4.423273780866983;0.0;1.778153586790928;-6.201457003014664;0.0;0.0;0.0;0.0;0.0;42.033142545582656;416.92737007779317;46.292639638898905;393.74051956543974;-5.493578071940613e-7
4958.0;0.0;-3.9122886969395076e-5;0.0;0.7246955231584024;0.0;0.0;0.0;0.0;0.0;0.0;4.423273780866983;0.0;1.778153586790928;-6.201457003014664;0.0;0.0;0.0;0.0;0.0;42.033142545582656;416.92737007779317;46.292639638898905;393.74051956543974;-5.493578071940613e-7
4959.0;0.0;-3.9122886969395076e-5;0.0;0.7246955231584024;0.0;0.0;0.0;0.0;0.0;0.0;4.423273780866983;0.0;1.778153586790928;-6.201457003014664;0.0;0.0;0.0;0.0;0.0;42.033142545582656;416.92737007779317;46.292639638898905;393.74051956543974;-5.493578071940613e-7
4960.0;0.0;-3.9122886969395076e-5;0.0;0.7246955231584024;0.0;0.0;0.0;0.0;0.0;0.0;4.423273780866983;0.0;1.778153586790928;-6.201457003014664;0.0;0.0;0.0;0.0;0.0;42.033142545582656;416.92737007779317;46.292639638898905;393.74051956543974;-5.493578071940613e-7
4961.0;0.0;-3.9122886969395076e-5;0.0;0.7246955231584024;0.0;0.0;0.0;0.0;0.0;0.0;4.423273780866983;0.0;1.778153586790928;-6.201457003014664;0.0;0.0;0.0;0.0;0.0;42.033142545582656;416.92737007779317;46.292639638898905;393.74051956543974;-5.493578071940613e-7
4962.0;0.0;-3.9122886969395076e-5;0.0;0.7246955231584024;0.0;0.0;0.0;0.0;0.0;0.0;4.423273780866983;0.0;1.778153586790928;-6.201457003014664;0.0;0.0;0.0;0.0;0.0;42.033142545582656;416.92737007779317;46.292639638898905;393.74051956543974;-5.493578071940613e-7
4963.0;0.0;-3.9122886969395076e-5;0.0;0.7246955231584024;0.0;0.0;0.0;0.0;0.0;0.0;4.423273780866983;0.0;1.778153586790928;-6.201457003014664;0.0;0.0;0.0;0.0;0.0;42.033142545582656;416.92737007779317;46.292639638898905;393.74051956543974;-5.493578071940613e-7
4964.0;0.0;-3.9122886969395076e-5;0.0;0.7246955231584024;0.0;0.0;0.0;0.0;0.0;0.0;4.423273780866983;0.0;1.778153586790928;-6.201457003014664;0.0;0.0;0.0;0.0;0.0;42.033142545582656;416.92737007779317;46.292639638898905;393.74051956543974;-5.493578071940613e-7
4965.0;0.0;-3.9122886969395076e-5;0.0;0.7246955231584024;0.0;0.0;0.0;0.0;0.0;0.0;4.423273780866983;0.0;1.778153586790928;-6.201457003014664;0.0;0.0;0.0;0.0;0.0;42.033142545582656;416.92737007779317;46.292639638898905;393.74051956543974;-5.493578071940613e-7
4966.0;0.0;-3.9122886969395076e-5;0.0;0.7246955231584024;0.0;0.0;0.0;0.0;0.0;0.0;4.423273780866983;0.0;1.778153586790928;-6.201457003014664;0.0;0.0;0.0;0.0;0.0;42.033142545582656;416.92737007779317;46.292639638898905;393.74051956543974;-5.493578071940613e-7
4967.0;0.0;-3.9122886969395076e-5;0.0;0.7246955231584024;0.0;0.0;0.0;0.0;0.0;0.0;4.423273780866983;0.0;1.778153586790928;-6.201457003014664;0.0;0.0;0.0;0.0;0.0;42.033142545582656;416.92737007779317;46.292639638898905;393.74051956543974;-5.493578071940613e-7
4968.0;0.0;-3.9122886969395076e-5;0.0;0.7246955231584024;0.0;0.0;0.0;0.0;0.0;0.0;4.423273780866983;0.0;1.778153586790928;-6.201457003014664;0.0;0.0;0.0;0.0;0.0;42.033142545582656;416.92737007779317;46.292639638898905;393.74051956543974;-5.493578071940613e-7
4969.0;0.0;-4.2755145648275314e-5;0.0;0.7246955231584024;0.0;0.0;0.0;0.0;0.0;0.0;2.808603268761254;0.0;3.7231555368507063;-6.531788052641657;0.0;0.0;0.0;0.0;0.0;42.033142545582656;416.92737007779317;46.292639638898905;393.74051956543974;-5.493578071940613e-7
4970.0;0.0;-4.2755145648275314e-5;0.0;0.7246955231584024;0.0;0.0;0.0;0.0;0.0;0.0;2.808603268761254;0.0;3.7231555368507063;-6.531788052641657;0.0;0.0;0.0;0.0;0.0;42.033142545582656;416.92737007779317;46.292639638898905;393.74051956543974;-5.493578071940613e-7
4971.0;0.0;-4.2755145648275314e-5;0.0;0.7246955231584024;0.0;0.0;0.0;0.0;0.0;0.0;2.808603268761254;0.0;3.7231555368507063;-6.531788052641657;0.0;0.0;0.0;0.0;0.0;42.033142545582656;416.92737007779317;46.292639638898905;393.74051956543974;-5.493578071940613e-7
4972.0;0.0;-4.2755145648275314e-5;0.0;0.7246955231584024;0.0;0.0;0.0;0.0;0.0;0.0;2.808603268761254;0.0;3.7231555368507063;-6.531788052641657;0.0;0.0;0.0;0.0;0.0;42.033142545582656;416.92737007779317;46.292639638898905;393.74051956543974;-5.493578071940613e-7
4973.0;0.0;-4.2755145648275314e-5;0.0;0.7246955231584024;0.0;0.0;0.0;0.0;0.0;0.0;2.808603268761254;0.0;3.7231555368507063;-6.531788052641657;0.0;0.0;0.0;0.0;0.0;42.033142545582656;416.92737007779317;46.292639638898905;393.74051956543974;-5.493578071940613e-7
4974.0;0.0;-4.2755145648275314e-5;0.0;0.7246955231584024;0.0;0.0;0.0;0.0;0.0;0.0;2.808603268761254;0.0;3.7231555368507063;-6.531788052641657;0.0;0.0;0.0;0.0;0.0;42.033142545582656;416.92737007779317;46.292639638898905;393.74051956543974;-5.493578071940613e-7
4975.0;0.0;-4.2755145648275314e-5;0.0;0.7246955231584024;0.0;0.0;0.0;0.0;0.0;0.0;2.808603268761254;0.0;3.7231555368507063;-6.531788052641657;0.0;0.0;0.0;0.0;0.0;42.033142545582656;416.92737007779317;46.292639638898905;393.74051956543974;-5.493578071940613e-7
4976.0;0.0;-4.2755145648275314e-5;0.0;0.7246955231584024;0.0;0.0;0.0;0.0;0.0;0.0;2.808603268761254;0.0;3.7231555368507063;-6.531788052641657;0.0;0.0;0.0;0.0;0.0;42.033142545582656;416.92737007779317;46.292639638898905;393.74051956543974;-5.493578071940613e-7
4977.0;0.0;-4.2755145648275314e-5;0.0;0.7246955231584024;0.0;0.0;0.0;0.0;0.0;0.0;2.808603268761254;0.0;3.7231555368507063;-6.531788052641657;0.0;0.0;0.0;0.0;0.0;42.033142545582656;416.92737007779317;46.292639638898905;393.74051956543974;-5.493578071940613e-7
4978.0;0.0;-4.2755145648275314e-5;0.0;0.7246955231584024;0.0;0.0;0.0;0.0;0.0;0.0;2.808603268761254;0.0;3.7231555368507063;-6.531788052641657;0.0;0.0;0.0;0.0;0.0;42.033142545582656;416.92737007779317;46.292639638898905;393.74051956543974;-5.493578071940613e-7
4979.0;0.0;-4.2755145648275314e-5;0.0;0.7246955231584024;0.0;0.0;0.0;0.0;0.0;0.0;2.808603268761254;0.0;3.7231555368507063;-6.531788052641657;0.0;0.0;0.0;0.0;0.0;42.033142545582656;416.92737007779317;46.292639638898905;393.74051956543974;-5.493578071940613e-7
4980.0;0.0;-4.2755145648275314e-5;0.0;0.7246955231584024;0.0;0.0;0.0;0.0;0.0;0.0;2.808603268761254;0.0;3.7231555368507063;-6.531788052641657;0.0;0.0;0.0;0.0;0.0;42.033142545582656;416.92737007779317;46.292639638898905;393.74051956543974;-5.493578071940613e-7
4981.0;0.0;-4.2755145648275314e-5;0.0;0.7246955231584024;0.0;0.0;0.0;0.0;0.0;0.0;2.808603268761254;0.0;3.7231555368507063;-6.531788052641657;0.0;0.0;0.0;0.0;0.0;42.033142545582656;416.92737007779317;46.292639638898905;393.74051956543974;-5.493578071940613e-7
4982.0;0.0;-4.2755145648275314e-5;0.0;0.7246955231584024;0.0;0.0;0.0;0.0;0.0;0.0;2.808603268761254;0.0;3.7231555368507063;-6.531788052641657;0.0;0.0;0.0;0.0;0.0;42.033142545582656;416.92737007779317;46.292639638898905;393.74051956543974;-5.493578071940613e-7
4983.0;0.0;-4.2755145648275314e-5;0.0;0.7246955231584024;0.0;0.0;0.0;0.0;0.0;0.0;2.808603268761254;0.0;3.7231555368507063;-6.531788052641657;0.0;0.0;0.0;0.0;0.0;42.033142545582656;416.92737007779317;46.292639638898905;393.74051956543974;-5.493578071940613e-7
4984.0;0.0;-4.2755145648275314e-5;0.0;0.7246955231584024;0.0;0.0;0.0;0.0;0.0;0.0;2.808603268761254;0.0;3.7231555368507063;-6.531788052641657;0.0;0.0;0.0;0.0;0.0;42.033142545582656;416.92737007779317;46.292639638898905;393.74051956543974;-5.493578071940613e-7
4985.0;0.0;-4.2755145648275314e-5;0.0;0.7246955231584024;0.0;0.0;0.0;0.0;0.0;0.0;2.808603268761254;0.0;3.7231555368507063;-6.531788052641657;0.0;0.0;0.0;0.0;0.0;42.033142545582656;416.92737007779317;46.292639638898905;393.74051956543974;-5.493578071940613e-7
4986.0;0.0;-4.2755145648275314e-5;0.0;0.7246955231584024;0.0;0.0;0.0;0.0;0.0;0.0;2.808603268761254;0.0;3.7231555368507063;-6.531788052641657;0.0;0.0;0.0;0.0;0.0;42.033142545582656;416.92737007779317;46.292639638898905;393.74051956543974;-5.493578071940613e-7
4987.0;0.0;-4.2755145648275314e-5;0.0;0.7246955231584024;0.0;0.0;0.0;0.0;0.0;0.0;2.808603268761254;0.0;3.7231555368507063;-6.531788052641657;0.0;0.0;0.0;0.0;0.0;42.033142545582656;416.92737007779317;46.292639638898905;393.74051956543974;-5.493578071940613e-7
4988.0;0.0;-4.2755145648275314e-5;0.0;0.7246955231584024;0.0;0.0;0.0;0.0;0.0;0.0;2.808603268761254;0.0;3.7231555368507063;-6.531788052641657;0.0;0.0;0.0;0.0;0.0;42.033142545582656;416.92737007779317;46.292639638898905;393.74051956543974;-5.493578071940613e-7
4989.0;0.0;-4.2755145648275314e-5;0.0;0.7246955231584024;0.0;0.0;0.0;0.0;0.0;0.0;2.808603268761254;0.0;3.7231555368507063;-6.531788052641657;0.0;0.0;0.0;0.0;0.0;42.033142545582656;416.92737007779317;46.292639638898905;393.74051956543974;-5.493578071940613e-7
4990.0;0.0;-4.2755145648275314e-5;0.0;0.7246955231584024;0.0;0.0;0.0;0.0;0.0;0.0;2.808603268761254;0.0;3.7231555368507063;-6.531788052641657;0.0;0.0;0.0;0.0;0.0;42.033142545582656;416.92737007779317;46.292639638898905;393.74051956543974;-5.493578071940613e-7
4991.0;0.0;-4.2755145648275314e-5;0.0;0.7246955231584024;0.0;0.0;0.0;0.0;0.0;0.0;2.808603268761254;0.0;3.7231555368507063;-6.531788052641657;0.0;0.0;0.0;0.0;0.0;42.033142545582656;416.92737007779317;46.292639638898905;393.74051956543974;-5.493578071940613e-7
4992.0;0.0;-4.2755145648275314e-5;0.0;0.7246955231584024;0.0;0.0;0.0;0.0;0.0;0.0;2.808603268761254;0.0;3.7231555368507063;-6.531788052641657;0.0;0.0;0.0;0.0;0.0;42.033142545582656;416.92737007779317;46.292639638898905;393.74051956543974;-5.493578071940613e-7
4993.0;0.0;-3.049241417041628e-5;0.0;0.5575442862419331;0.0;0.0;0.0;0.0;0.0;0.0;1.5313427439539553;0.0;4.705090967437264;-6.236321594371933;0.0;0.0;0.0;0.0;0.0;62.26199118547622;409.498985804085;46.29263483828671;389.56040467927824;-3.005458832986812e-6
4994.0;0.0;-3.049241417041628e-5;0.0;0.5575442862419331;0.0;0.0;0.0;0.0;0.0;0.0;1.5313427439539553;0.0;4.705090967437264;-6.236321594371933;0.0;0.0;0.0;0.0;0.0;62.26199118547622;409.498985804085;46.29263483828671;389.56040467927824;-3.005458832986812e-6
4995.0;0.0;-3.049241417041628e-5;0.0;0.5575442862419331;0.0;0.0;0.0;0.0;0.0;0.0;1.5313427439539553;0.0;4.705090967437264;-6.236321594371933;0.0;0.0;0.0;0.0;0.0;62.26199118547622;409.498985804085;46.29263483828671;389.56040467927824;-3.005458832986812e-6
4996.0;0.0;-3.049241417041628e-5;0.0;0.5575442862419331;0.0;0.0;0.0;0.0;0.0;0.0;1.5313427439539553;0.0;4.705090967437264;-6.236321594371933;0.0;0.0;0.0;0.0;0.0;62.26199118547622;409.498985804085;46.29263483828671;389.56040467927824;-3.005458832986812e-6
4997.0;0.0;-3.049241417041628e-5;0.0;0.5575442862419331;0.0;0.0;0.0;0.0;0.0;0.0;1.5313427439539553;0.0;4.705090967437264;-6.236321594371933;0.0;0.0;0.0;0.0;0.0;62.26199118547622;409.498985804085;46.29263483828671;389.56040467927824;-3.005458832986812e-6
4998.0;0.0;-3.049241417041628e-5;0.0;0.5575442862419331;0.0;0.0;0.0;0.0;0.0;0.0;1.5313427439539553;0.0;4.705090967437264;-6.236321594371933;0.0;0.0;0.0;0.0;0.0;62.26199118547622;409.498985804085;46.29263483828671;389.56040467927824;-3.005458832986812e-6
4999.0;0.0;-3.049241417041628e-5;0.0;0.5575442862419331;0.0;0.0;0.0;0.0;0.0;0.0;1.5313427439539553;0.0;4.705090967437264;-6.236321594371933;0.0;0.0;0.0;0.0;0.0;62.26199118547622;409.498985804085;46.29263483828671;389.56040467927824;-3.005458832986812e-6
5000.0;0.0;-3.049241417041628e-5;0.0;0.5575442862419331;0.0;0.0;0.0;0.0;0.0;0.0;1.5313427439539553;0.0;4.705090967437264;-6.236321594371933;0.0;0.0;0.0;0.0;0.0;62.26199118547622;409.498985804085;46.29263483828671;389.56040467927824;-3.005458832986812e-6
5001.0;0.0;-3.049241417041628e-5;0.0;0.5575442862419331;0.0;0.0;0.0;0.0;0.0;0.0;1.5313427439539553;0.0;4.705090967437264;-6.236321594371933;0.0;0.0;0.0;0.0;0.0;62.26199118547622;409.498985804085;46.29263483828671;389.56040467927824;-3.005458832986812e-6
5002.0;0.0;-3.049241417041628e-5;0.0;0.5575442862419331;0.0;0.0;0.0;0.0;0.0;0.0;1.5313427439539553;0.0;4.705090967437264;-6.236321594371933;0.0;0.0;0.0;0.0;0.0;62.26199118547622;409.498985804085;46.29263483828671;389.56040467927824;-3.005458832986812e-6
5003.0;0.0;-3.049241417041628e-5;0.0;0.5575442862419331;0.0;0.0;0.0;0.0;0.0;0.0;1.5313427439539553;0.0;4.705090967437264;-6.236321594371933;0.0;0.0;0.0;0.0;0.0;62.26199118547622;409.498985804085;46.29263483828671;389.56040467927824;-3.005458832986812e-6
5004.0;0.0;-3.049241417041628e-5;0.0;0.5575442862419331;0.0;0.0;0.0;0.0;0.0;0.0;1.5313427439539553;0.0;4.705090967437264;-6.236321594371933;0.0;0.0;0.0;0.0;0.0;62.26199118547622;409.498985804085;46.29263483828671;389.56040467927824;-3.005458832986812e-6
5005.0;0.0;-3.049241417041628e-5;0.0;0.5575442862419331;0.0;0.0;0.0;0.0;0.0;0.0;1.5313427439539553;0.0;4.705090967437264;-6.236321594371933;0.0;0.0;0.0;0.0;0.0;62.26199118547622;409.498985804085;46.29263483828671;389.56040467927824;-3.005458832986812e-6
5006.0;0.0;-3.049241417041628e-5;0.0;0.5575442862419331;0.0;0.0;0.0;0.0;0.0;0.0;1.5313427439539553;0.0;4.705090967437264;-6.236321594371933;0.0;0.0;0.0;0.0;0.0;62.26199118547622;409.498985804085;46.29263483828671;389.56040467927824;-3.005458832986812e-6
5007.0;0.0;-3.049241417041628e-5;0.0;0.5575442862419331;0.0;0.0;0.0;0.0;0.0;0.0;1.5313427439539553;0.0;4.705090967437264;-6.236321594371933;0.0;0.0;0.0;0.0;0.0;62.26199118547622;409.498985804085;46.29263483828671;389.56040467927824;-3.005458832986812e-6
5008.0;0.0;-3.049241417041628e-5;0.0;0.5575442862419331;0.0;0.0;0.0;0.0;0.0;0.0;1.5313427439539553;0.0;4.705090967437264;-6.236321594371933;0.0;0.0;0.0;0.0;0.0;62.26199118547622;409.498985804085;46.29263483828671;389.56040467927824;-3.005458832986812e-6
5009.0;0.0;-3.049241417041628e-5;0.0;0.5575442862419331;0.0;0.0;0.0;0.0;0.0;0.0;1.5313427439539553;0.0;4.705090967437264;-6.236321594371933;0.0;0.0;0.0;0.0;0.0;62.26199118547622;409.498985804085;46.29263483828671;389.56040467927824;-3.005458832986812e-6
5010.0;0.0;-3.049241417041628e-5;0.0;0.5575442862419331;0.0;0.0;0.0;0.0;0.0;0.0;1.5313427439539553;0.0;4.705090967437264;-6.236321594371933;0.0;0.0;0.0;0.0;0.0;62.26199118547622;409.498985804085;46.29263483828671;389.56040467927824;-3.005458832986812e-6
5011.0;0.0;-3.049241417041628e-5;0.0;0.5575442862419331;0.0;0.0;0.0;0.0;0.0;0.0;1.5313427439539553;0.0;4.705090967437264;-6.236321594371933;0.0;0.0;0.0;0.0;0.0;62.26199118547622;409.498985804085;46.29263483828671;389.56040467927824;-3.005458832986812e-6
5012.0;0.0;-3.049241417041628e-5;0.0;0.5575442862419331;0.0;0.0;0.0;0.0;0.0;0.0;1.5313427439539553;0.0;4.705090967437264;-6.236321594371933;0.0;0.0;0.0;0.0;0.0;62.26199118547622;409.498985804085;46.29263483828671;389.56040467927824;-3.005458832986812e-6
5013.0;0.0;-3.049241417041628e-5;0.0;0.5575442862419331;0.0;0.0;0.0;0.0;0.0;0.0;1.5313427439539553;0.0;4.705090967437264;-6.236321594371933;0.0;0.0;0.0;0.0;0.0;62.26199118547622;409.498985804085;46.29263483828671;389.56040467927824;-3.005458832986812e-6
5014.0;0.0;-3.049241417041628e-5;0.0;0.5575442862419331;0.0;0.0;0.0;0.0;0.0;0.0;1.5313427439539553;0.0;4.705090967437264;-6.236321594371933;0.0;0.0;0.0;0.0;0.0;62.26199118547622;409.498985804085;46.29263483828671;389.56040467927824;-3.005458832986812e-6
5015.0;0.0;-3.049241417041628e-5;0.0;0.5575442862419331;0.0;0.0;0.0;0.0;0.0;0.0;1.5313427439539553;0.0;4.705090967437264;-6.236321594371933;0.0;0.0;0.0;0.0;0.0;62.26199118547622;409.498985804085;46.29263483828671;389.56040467927824;-3.005458832986812e-6
5016.0;0.0;-3.049241417041628e-5;0.0;0.5575442862419331;0.0;0.0;0.0;0.0;0.0;0.0;1.5313427439539553;0.0;4.705090967437264;-6.236321594371933;0.0;0.0;0.0;0.0;0.0;62.26199118547622;409.498985804085;46.29263483828671;389.56040467927824;-3.005458832986812e-6
5017.0;0.0;-0.00029842104310782915;0.0;0.5575442862419331;0.0;0.0;0.0;0.0;0.0;0.0;1.411269177911522;0.0;4.820403377024024;-6.23168566113867;0.0;0.0;0.0;0.0;0.0;62.26199118547622;409.498985804085;46.29263483828671;389.56040467927824;-3.005458832986812e-6
5018.0;0.0;-0.00029842104310782915;0.0;0.5575442862419331;0.0;0.0;0.0;0.0;0.0;0.0;1.411269177911522;0.0;4.820403377024024;-6.23168566113867;0.0;0.0;0.0;0.0;0.0;62.26199118547622;409.498985804085;46.29263483828671;389.56040467927824;-3.005458832986812e-6
5019.0;0.0;-0.00029842104310782915;0.0;0.5575442862419331;0.0;0.0;0.0;0.0;0.0;0.0;1.411269177911522;0.0;4.820403377024024;-6.23168566113867;0.0;0.0;0.0;0.0;0.0;62.26199118547622;409.498985804085;46.29263483828671;389.56040467927824;-3.005458832986812e-6
5020.0;0.0;-0.00029842104310782915;0.0;0.5575442862419331;0.0;0.0;0.0;0.0;0.0;0.0;1.411269177911522;0.0;4.820403377024024;-6.23168566113867;0.0;0.0;0.0;0.0;0.0;62.26199118547622;409.498985804085;46.29263483828671;389.56040467927824;-3.005458832986812e-6
5021.0;0.0;-0.00029842104310782915;0.0;0.5575442862419331;0.0;0.0;0.0;0.0;0.0;0.0;1.411269177911522;0.0;4.820403377024024;-6.23168566113867;0.0;0.0;0.0;0.0;0.0;62.26199118547622;409.498985804085;46.29263483828671;389.56040467927824;-3.005458832986812e-6
5022.0;0.0;-0.00029842104310782915;0.0;0.5575442862419331;0.0;0.0;0.0;0.0;0.0;0.0;1.411269177911522;0.0;4.820403377024024;-6.23168566113867;0.0;0.0;0.0;0.0;0.0;62.26199118547622;409.498985804085;46.29263483828671;389.56040467927824;-3.005458832986812e-6
5023.0;0.0;-0.00029842104310782915;0.0;0.5575442862419331;0.0;0.0;0.0;0.0;0.0;0.0;1.411269177911522;0.0;4.820403377024024;-6.23168566113867;0.0;0.0;0.0;0.0;0.0;62.26199118547622;409.498985804085;46.29263483828671;389.56040467927824;-3.005458832986812e-6
5024.0;0.0;-0.00029842104310782915;0.0;0.5575442862419331;0.0;0.0;0.0;0.0;0.0;0.0;1.411269177911522;0.0;4.820403377024024;-6.23168566113867;0.0;0.0;0.0;0.0;0.0;62.26199118547622;409.498985804085;46.29263483828671;389.56040467927824;-3.005458832986812e-6
5025.0;0.0;-0.00029842104310782915;0.0;0.5575442862419331;0.0;0.0;0.0;0.0;0.0;0.0;1.411269177911522;0.0;4.820403377024024;-6.23168566113867;0.0;0.0;0.0;0.0;0.0;62.26199118547622;409.498985804085;46.29263483828671;389.56040467927824;-3.005458832986812e-6
5026.0;0.0;-0.00029842104310782915;0.0;0.5575442862419331;0.0;0.0;0.0;0.0;0.0;0.0;1.411269177911522;0.0;4.820403377024024;-6.23168566113867;0.0;0.0;0.0;0.0;0.0;62.26199118547622;409.498985804085;46.29263483828671;389.56040467927824;-3.005458832986812e-6
5027.0;0.0;-0.00029842104310782915;0.0;0.5575442862419331;0.0;0.0;0.0;0.0;0.0;0.0;1.411269177911522;0.0;4.820403377024024;-6.23168566113867;0.0;0.0;0.0;0.0;0.0;62.26199118547622;409.498985804085;46.29263483828671;389.56040467927824;-3.005458832986812e-6
5028.0;0.0;-0.00029842104310782915;0.0;0.5575442862419331;0.0;0.0;0.0;0.0;0.0;0.0;1.411269177911522;0.0;4.820403377024024;-6.23168566113867;0.0;0.0;0.0;0.0;0.0;62.26199118547622;409.498985804085;46.29263483828671;389.56040467927824;-3.005458832986812e-6
5029.0;0.0;-0.00029842104310782915;0.0;0.5575442862419331;0.0;0.0;0.0;0.0;0.0;0.0;1.411269177911522;0.0;4.820403377024024;-6.23168566113867;0.0;0.0;0.0;0.0;0.0;62.26199118547622;409.498985804085;46.29263483828671;389.56040467927824;-3.005458832986812e-6
5030.0;0.0;-0.00029842104310782915;0.0;0.5575442862419331;0.0;0.0;0.0;0.0;0.0;0.0;1.411269177911522;0.0;4.820403377024024;-6.23168566113867;0.0;0.0;0.0;0.0;0.0;62.26199118547622;409.498985804085;46.29263483828671;389.56040467927824;-3.005458832986812e-6
5031.0;0.0;-0.00029842104310782915;0.0;0.5575442862419331;0.0;0.0;0.0;0.0;0.0;0.0;1.411269177911522;0.0;4.820403377024024;-6.23168566113867;0.0;0.0;0.0;0.0;0.0;62.26199118547622;409.498985804085;46.29263483828671;389.56040467927824;-3.005458832986812e-6
5032.0;0.0;-0.00029842104310782915;0.0;0.5575442862419331;0.0;0.0;0.0;0.0;0.0;0.0;1.411269177911522;0.0;4.820403377024024;-6.23168566113867;0.0;0.0;0.0;0.0;0.0;62.26199118547622;409.498985804085;46.29263483828671;389.56040467927824;-3.005458832986812e-6
5033.0;0.0;-0.00029842104310782915;0.0;0.5575442862419331;0.0;0.0;0.0;0.0;0.0;0.0;1.411269177911522;0.0;4.820403377024024;-6.23168566113867;0.0;0.0;0.0;0.0;0.0;62.26199118547622;409.498985804085;46.29263483828671;389.56040467927824;-3.005458832986812e-6
5034.0;0.0;-0.00029842104310782915;0.0;0.5575442862419331;0.0;0.0;0.0;0.0;0.0;0.0;1.411269177911522;0.0;4.820403377024024;-6.23168566113867;0.0;0.0;0.0;0.0;0.0;62.26199118547622;409.498985804085;46.29263483828671;389.56040467927824;-3.005458832986812e-6
5035.0;0.0;-0.00029842104310782915;0.0;0.5575442862419331;0.0;0.0;0.0;0.0;0.0;0.0;1.411269177911522;0.0;4.820403377024024;-6.23168566113867;0.0;0.0;0.0;0.0;0.0;62.26199118547622;409.498985804085;46.29263483828671;389.56040467927824;-3.005458832986812e-6
5036.0;0.0;-0.00029842104310782915;0.0;0.5575442862419331;0.0;0.0;0.0;0.0;0.0;0.0;1.411269177911522;0.0;4.820403377024024;-6.23168566113867;0.0;0.0;0.0;0.0;0.0;62.26199118547622;409.498985804085;46.29263483828671;389.56040467927824;-3.005458832986812e-6
5037.0;0.0;-0.00029842104310782915;0.0;0.5575442862419331;0.0;0.0;0.0;0.0;0.0;0.0;1.411269177911522;0.0;4.820403377024024;-6.23168566113867;0.0;0.0;0.0;0.0;0.0;62.26199118547622;409.498985804085;46.29263483828671;389.56040467927824;-3.005458832986812e-6
5038.0;0.0;-0.00029842104310782915;0.0;0.5575442862419331;0.0;0.0;0.0;0.0;0.0;0.0;1.411269177911522;0.0;4.820403377024024;-6.23168566113867;0.0;0.0;0.0;0.0;0.0;62.26199118547622;409.498985804085;46.29263483828671;389.56040467927824;-3.005458832986812e-6
5039.0;0.0;-0.00029842104310782915;0.0;0.5575442862419331;0.0;0.0;0.0;0.0;0.0;0.0;1.411269177911522;0.0;4.820403377024024;-6.23168566113867;0.0;0.0;0.0;0.0;0.0;62.26199118547622;409.498985804085;46.29263483828671;389.56040467927824;-3.005458832986812e-6
5040.0;0.0;-0.00029842104310782915;0.0;0.5575442862419331;0.0;0.0;0.0;0.0;0.0;0.0;1.411269177911522;0.0;4.820403377024024;-6.23168566113867;0.0;0.0;0.0;0.0;0.0;62.26199118547622;409.498985804085;46.29263483828671;389.56040467927824;-3.005458832986812e-6
5041.0;0.0;0.0006176565081489803;0.0;0.5575442862419331;0.0;0.0;0.0;0.0;0.0;3.0418034618399848e-9;3.705531129435318;4.0361894301439664e-8;1.242523034925933;-4.948216529287557;0.0;0.0;0.0;0.0;0.0;62.26199118547622;409.498985804085;46.29263483828671;389.56040467927824;-3.005458832986812e-6
5042.0;0.0;0.0006176565081489803;0.0;0.5575442862419331;0.0;0.0;0.0;0.0;0.0;3.0418034618399848e-9;3.705531129435318;4.0361894301439664e-8;1.242523034925933;-4.948216529287557;0.0;0.0;0.0;0.0;0.0;62.26199118547622;409.498985804085;46.29263483828671;389.56040467927824;-3.005458832986812e-6
5043.0;0.0;0.0006176565081489803;0.0;0.5575442862419331;0.0;0.0;0.0;0.0;0.0;3.0418034618399848e-9;3.705531129435318;4.0361894301439664e-8;1.242523034925933;-4.948216529287557;0.0;0.0;0.0;0.0;0.0;62.26199118547622;409.498985804085;46.29263483828671;389.56040467927824;-3.005458832986812e-6
5044.0;0.0;0.0006176565081489803;0.0;0.5575442862419331;0.0;0.0;0.0;0.0;0.0;3.0418034618399848e-9;3.705531129435318;4.0361894301439664e-8;1.242523034925933;-4.948216529287557;0.0;0.0;0.0;0.0;0.0;62.26199118547622;409.498985804085;46.29263483828671;389.56040467927824;-3.005458832986812e-6
5045.0;0.0;0.0006176565081489803;0.0;0.5575442862419331;0.0;0.0;0.0;0.0;0.0;3.0418034618399848e-9;3.705531129435318;4.0361894301439664e-8;1.242523034925933;-4.948216529287557;0.0;0.0;0.0;0.0;0.0;62.26199118547622;409.498985804085;46.29263483828671;389.56040467927824;-3.005458832986812e-6
5046.0;0.0;0.0006176565081489803;0.0;0.5575442862419331;0.0;0.0;0.0;0.0;0.0;3.0418034618399848e-9;3.705531129435318;4.0361894301439664e-8;1.242523034925933;-4.948216529287557;0.0;0.0;0.0;0.0;0.0;62.26199118547622;409.498985804085;46.29263483828671;389.56040467927824;-3.005458832986812e-6
5047.0;0.0;0.0006176565081489803;0.0;0.5575442862419331;0.0;0.0;0.0;0.0;0.0;3.0418034618399848e-9;3.705531129435318;4.0361894301439664e-8;1.242523034925933;-4.948216529287557;0.0;0.0;0.0;0.0;0.0;62.26199118547622;409.498985804085;46.29263483828671;389.56040467927824;-3.005458832986812e-6
5048.0;0.0;0.0006176565081489803;0.0;0.5575442862419331;0.0;0.0;0.0;0.0;0.0;3.0418034618399848e-9;3.705531129435318;4.0361894301439664e-8;1.242523034925933;-4.948216529287557;0.0;0.0;0.0;0.0;0.0;62.26199118547622;409.498985804085;46.29263483828671;389.56040467927824;-3.005458832986812e-6
5049.0;0.0;0.0006176565081489803;0.0;0.5575442862419331;0.0;0.0;0.0;0.0;0.0;3.0418034618399848e-9;3.705531129435318;4.0361894301439664e-8;1.242523034925933;-4.948216529287557;0.0;0.0;0.0;0.0;0.0;62.26199118547622;409.498985804085;46.29263483828671;389.56040467927824;-3.005458832986812e-6
5050.0;0.0;0.0006176565081489803;0.0;0.5575442862419331;0.0;0.0;0.0;0.0;0.0;3.0418034618399848e-9;3.705531129435318;4.0361894301439664e-8;1.242523034925933;-4.948216529287557;0.0;0.0;0.0;0.0;0.0;62.26199118547622;409.498985804085;46.29263483828671;389.56040467927824;-3.005458832986812e-6
5051.0;0.0;0.0006176565081489803;0.0;0.5575442862419331;0.0;0.0;0.0;0.0;0.0;3.0418034618399848e-9;3.705531129435318;4.0361894301439664e-8;1.242523034925933;-4.948216529287557;0.0;0.0;0.0;0.0;0.0;62.26199118547622;409.498985804085;46.29263483828671;389.56040467927824;-3.005458832986812e-6
5052.0;0.0;0.0006176565081489803;0.0;0.5575442862419331;0.0;0.0;0.0;0.0;0.0;3.0418034618399848e-9;3.705531129435318;4.0361894301439664e-8;1.242523034925933;-4.948216529287557;0.0;0.0;0.0;0.0;0.0;62.26199118547622;409.498985804085;46.29263483828671;389.56040467927824;-3.005458832986812e-6
5053.0;0.0;0.0006176565081489803;0.0;0.5575442862419331;0.0;0.0;0.0;0.0;0.0;3.0418034618399848e-9;3.705531129435318;4.0361894301439664e-8;1.242523034925933;-4.948216529287557;0.0;0.0;0.0;0.0;0.0;62.26199118547622;409.498985804085;46.29263483828671;389.56040467927824;-3.005458832986812e-6
5054.0;0.0;0.0006176565081489803;0.0;0.5575442862419331;0.0;0.0;0.0;0.0;0.0;3.0418034618399848e-9;3.705531129435318;4.0361894301439664e-8;1.242523034925933;-4.948216529287557;0.0;0.0;0.0;0.0;0.0;62.26199118547622;409.498985804085;46.29263483828671;389.56040467927824;-3.005458832986812e-6
5055.0;0.0;0.0006176565081489803;0.0;0.5575442862419331;0.0;0.0;0.0;0.0;0.0;3.0418034618399848e-9;3.705531129435318;4.0361894301439664e-8;1.242523034925933;-4.948216529287557;0.0;0.0;0.0;0.0;0.0;62.26199118547622;409.498985804085;46.29263483828671;389.56040467927824;-3.005458832986812e-6
5056.0;0.0;0.0006176565081489803;0.0;0.5575442862419331;0.0;0.0;0.0;0.0;0.0;3.0418034618399848e-9;3.705531129435318;4.0361894301439664e-8;1.242523034925933;-4.948216529287557;0.0;0.0;0.0;0.0;0.0;62.26199118547622;409.498985804085;46.29263483828671;389.56040467927824;-3.005458832986812e-6
5057.0;0.0;0.0006176565081489803;0.0;0.5575442862419331;0.0;0.0;0.0;0.0;0.0;3.0418034618399848e-9;3.705531129435318;4.0361894301439664e-8;1.242523034925933;-4.948216529287557;0.0;0.0;0.0;0.0;0.0;62.26199118547622;409.498985804085;46.29263483828671;389.56040467927824;-3.005458832986812e-6
5058.0;0.0;0.0006176565081489803;0.0;0.5575442862419331;0.0;0.0;0.0;0.0;0.0;3.0418034618399848e-9;3.705531129435318;4.0361894301439664e-8;1.242523034925933;-4.948216529287557;0.0;0.0;0.0;0.0;0.0;62.26199118547622;409.498985804085;46.29263483828671;389.56040467927824;-3.005458832986812e-6
5059.0;0.0;0.0006176565081489803;0.0;0.5575442862419331;0.0;0.0;0.0;0.0;0.0;3.0418034618399848e-9;3.705531129435318;4.0361894301439664e-8;1.242523034925933;-4.948216529287557;0.0;0.0;0.0;0.0;0.0;62.26199118547622;409.498985804085;46.29263483828671;389.56040467927824;-3.005458832986812e-6
5060.0;0.0;0.0006176565081489803;0.0;0.5575442862419331;0.0;0.0;0.0;0.0;0.0;3.0418034618399848e-9;3.705531129435318;4.0361894301439664e-8;1.242523034925933;-4.948216529287557;0.0;0.0;0.0;0.0;0.0;62.26199118547622;409.498985804085;46.29263483828671;389.56040467927824;-3.005458832986812e-6
5061.0;0.0;0.0006176565081489803;0.0;0.5575442862419331;0.0;0.0;0.0;0.0;0.0;3.0418034618399848e-9;3.705531129435318;4.0361894301439664e-8;1.242523034925933;-4.948216529287557;0.0;0.0;0.0;0.0;0.0;62.26199118547622;409.498985804085;46.29263483828671;389.56040467927824;-3.005458832986812e-6
5062.0;0.0;0.0006176565081489803;0.0;0.5575442862419331;0.0;0.0;0.0;0.0;0.0;3.0418034618399848e-9;3.705531129435318;4.0361894301439664e-8;1.242523034925933;-4.948216529287557;0.0;0.0;0.0;0.0;0.0;62.26199118547622;409.498985804085;46.29263483828671;389.56040467927824;-3.005458832986812e-6
5063.0;0.0;0.0006176565081489803;0.0;0.5575442862419331;0.0;0.0;0.0;0.0;0.0;3.0418034618399848e-9;3.705531129435318;4.0361894301439664e-8;1.242523034925933;-4.948216529287557;0.0;0.0;0.0;0.0;0.0;62.26199118547622;409.498985804085;46.29263483828671;389.56040467927824;-3.005458832986812e-6
5064.0;0.0;0.0006176565081489803;0.0;0.5575442862419331;0.0;0.0;0.0;0.0;0.0;3.0418034618399848e-9;3.705531129435318;4.0361894301439664e-8;1.242523034925933;-4.948216529287557;0.0;0.0;0.0;0.0;0.0;62.26199118547622;409.498985804085;46.29263483828671;389.56040467927824;-3.005458832986812e-6
5065.0;0.0;4.0721063712166184e-5;0.0;0.5575442862419331;0.0;0.0;0.0;0.0;0.0;1.832188207335249e-9;4.470546995617312;2.424752706184775e-8;1.7868858679951032;-6.257499182562661;0.0;0.0;0.0;0.0;0.0;62.26199118547622;409.498985804085;46.29263483828671;389.56040467927824;-3.005458832986812e-6
5066.0;0.0;4.0721063712166184e-5;0.0;0.5575442862419331;0.0;0.0;0.0;0.0;0.0;1.832188207335249e-9;4.470546995617312;2.424752706184775e-8;1.7868858679951032;-6.257499182562661;0.0;0.0;0.0;0.0;0.0;62.26199118547622;409.498985804085;46.29263483828671;389.56040467927824;-3.005458832986812e-6
5067.0;0.0;4.0721063712166184e-5;0.0;0.5575442862419331;0.0;0.0;0.0;0.0;0.0;1.832188207335249e-9;4.470546995617312;2.424752706184775e-8;1.7868858679951032;-6.257499182562661;0.0;0.0;0.0;0.0;0.0;62.26199118547622;409.498985804085;46.29263483828671;389.56040467927824;-3.005458832986812e-6
5068.0;0.0;4.0721063712166184e-5;0.0;0.5575442862419331;0.0;0.0;0.0;0.0;0.0;1.832188207335249e-9;4.470546995617312;2.424752706184775e-8;1.7868858679951032;-6.257499182562661;0.0;0.0;0.0;0.0;0.0;62.26199118547622;409.498985804085;46.29263483828671;389.56040467927824;-3.005458832986812e-6
5069.0;0.0;4.0721063712166184e-5;0.0;0.5575442862419331;0.0;0.0;0.0;0.0;0.0;1.832188207335249e-9;4.470546995617312;2.424752706184775e-8;1.7868858679951032;-6.257499182562661;0.0;0.0;0.0;0.0;0.0;62.26199118547622;409.498985804085;46.29263483828671;389.56040467927824;-3.005458832986812e-6
5070.0;0.0;4.0721063712166184e-5;0.0;0.5575442862419331;0.0;0.0;0.0;0.0;0.0;1.832188207335249e-9;4.470546995617312;2.424752706184775e-8;1.7868858679951032;-6.257499182562661;0.0;0.0;0.0;0.0;0.0;62.26199118547622;409.498985804085;46.29263483828671;389.56040467927824;-3.005458832986812e-6
5071.0;0.0;4.0721063712166184e-5;0.0;0.5575442862419331;0.0;0.0;0.0;0.0;0.0;1.832188207335249e-9;4.470546995617312;2.424752706184775e-8;1.7868858679951032;-6.257499182562661;0.0;0.0;0.0;0.0;0.0;62.26199118547622;409.498985804085;46.29263483828671;389.56040467927824;-3.005458832986812e-6
5072.0;0.0;4.0721063712166184e-5;0.0;0.5575442862419331;0.0;0.0;0.0;0.0;0.0;1.832188207335249e-9;4.470546995617312;2.424752706184775e-8;1.7868858679951032;-6.257499182562661;0.0;0.0;0.0;0.0;0.0;62.26199118547622;409.498985804085;46.29263483828671;389.56040467927824;-3.005458832986812e-6
5073.0;0.0;4.0721063712166184e-5;0.0;0.5575442862419331;0.0;0.0;0.0;0.0;0.0;1.832188207335249e-9;4.470546995617312;2.424752706184775e-8;1.7868858679951032;-6.257499182562661;0.0;0.0;0.0;0.0;0.0;62.26199118547622;409.498985804085;46.29263483828671;389.56040467927824;-3.005458832986812e-6
5074.0;0.0;4.0721063712166184e-5;0.0;0.5575442862419331;0.0;0.0;0.0;0.0;0.0;1.832188207335249e-9;4.470546995617312;2.424752706184775e-8;1.7868858679951032;-6.257499182562661;0.0;0.0;0.0;0.0;0.0;62.26199118547622;409.498985804085;46.29263483828671;389.56040467927824;-3.005458832986812e-6
5075.0;0.0;4.0721063712166184e-5;0.0;0.5575442862419331;0.0;0.0;0.0;0.0;0.0;1.832188207335249e-9;4.470546995617312;2.424752706184775e-8;1.7868858679951032;-6.257499182562661;0.0;0.0;0.0;0.0;0.0;62.26199118547622;409.498985804085;46.29263483828671;389.56040467927824;-3.005458832986812e-6
5076.0;0.0;4.0721063712166184e-5;0.0;0.5575442862419331;0.0;0.0;0.0;0.0;0.0;1.832188207335249e-9;4.470546995617312;2.424752706184775e-8;1.7868858679951032;-6.257499182562661;0.0;0.0;0.0;0.0;0.0;62.26199118547622;409.498985804085;46.29263483828671;389.56040467927824;-3.005458832986812e-6
5077.0;0.0;4.0721063712166184e-5;0.0;0.5575442862419331;0.0;0.0;0.0;0.0;0.0;1.832188207335249e-9;4.470546995617312;2.424752706184775e-8;1.7868858679951032;-6.257499182562661;0.0;0.0;0.0;0.0;0.0;62.26199118547622;409.498985804085;46.29263483828671;389.56040467927824;-3.005458832986812e-6
5078.0;0.0;4.0721063712166184e-5;0.0;0.5575442862419331;0.0;0.0;0.0;0.0;0.0;1.832188207335249e-9;4.470546995617312;2.424752706184775e-8;1.7868858679951032;-6.257499182562661;0.0;0.0;0.0;0.0;0.0;62.26199118547622;409.498985804085;46.29263483828671;389.56040467927824;-3.005458832986812e-6
5079.0;0.0;4.0721063712166184e-5;0.0;0.5575442862419331;0.0;0.0;0.0;0.0;0.0;1.832188207335249e-9;4.470546995617312;2.424752706184775e-8;1.7868858679951032;-6.257499182562661;0.0;0.0;0.0;0.0;0.0;62.26199118547622;409.498985804085;46.29263483828671;389.56040467927824;-3.005458832986812e-6
5080.0;0.0;4.0721063712166184e-5;0.0;0.5575442862419331;0.0;0.0;0.0;0.0;0.0;1.832188207335249e-9;4.470546995617312;2.424752706184775e-8;1.7868858679951032;-6.257499182562661;0.0;0.0;0.0;0.0;0.0;62.26199118547622;409.498985804085;46.29263483828671;389.56040467927824;-3.005458832986812e-6
5081.0;0.0;4.0721063712166184e-5;0.0;0.5575442862419331;0.0;0.0;0.0;0.0;0.0;1.832188207335249e-9;4.470546995617312;2.424752706184775e-8;1.7868858679951032;-6.257499182562661;0.0;0.0;0.0;0.0;0.0;62.26199118547622;409.498985804085;46.29263483828671;389.56040467927824;-3.005458832986812e-6
5082.0;0.0;4.0721063712166184e-5;0.0;0.5575442862419331;0.0;0.0;0.0;0.0;0.0;1.832188207335249e-9;4.470546995617312;2.424752706184775e-8;1.7868858679951032;-6.257499182562661;0.0;0.0;0.0;0.0;0.0;62.26199118547622;409.498985804085;46.29263483828671;389.56040467927824;-3.005458832986812e-6
5083.0;0.0;4.0721063712166184e-5;0.0;0.5575442862419331;0.0;0.0;0.0;0.0;0.0;1.832188207335249e-9;4.470546995617312;2.424752706184775e-8;1.7868858679951032;-6.257499182562661;0.0;0.0;0.0;0.0;0.0;62.26199118547622;409.498985804085;46.29263483828671;389.56040467927824;-3.005458832986812e-6
5084.0;0.0;4.0721063712166184e-5;0.0;0.5575442862419331;0.0;0.0;0.0;0.0;0.0;1.832188207335249e-9;4.470546995617312;2.424752706184775e-8;1.7868858679951032;-6.257499182562661;0.0;0.0;0.0;0.0;0.0;62.26199118547622;409.498985804085;46.29263483828671;389.56040467927824;-3.005458832986812e-6
5085.0;0.0;4.0721063712166184e-5;0.0;0.5575442862419331;0.0;0.0;0.0;0.0;0.0;1.832188207335249e-9;4.470546995617312;2.424752706184775e-8;1.7868858679951032;-6.257499182562661;0.0;0.0;0.0;0.0;0.0;62.26199118547622;409.498985804085;46.29263483828671;389.56040467927824;-3.005458832986812e-6
5086.0;0.0;4.0721063712166184e-5;0.0;0.5575442862419331;0.0;0.0;0.0;0.0;0.0;1.832188207335249e-9;4.470546995617312;2.424752706184775e-8;1.7868858679951032;-6.257499182562661;0.0;0.0;0.0;0.0;0.0;62.26199118547622;409.498985804085;46.29263483828671;389.56040467927824;-3.005458832986812e-6
5087.0;0.0;4.0721063712166184e-5;0.0;0.5575442862419331;0.0;0.0;0.0;0.0;0.0;1.832188207335249e-9;4.470546995617312;2.424752706184775e-8;1.7868858679951032;-6.257499182562661;0.0;0.0;0.0;0.0;0.0;62.26199118547622;409.498985804085;46.29263483828671;389.56040467927824;-3.005458832986812e-6
5088.0;0.0;4.0721063712166184e-5;0.0;0.5575442862419331;0.0;0.0;0.0;0.0;0.0;1.832188207335249e-9;4.470546995617312;2.424752706184775e-8;1.7868858679951032;-6.257499182562661;0.0;0.0;0.0;0.0;0.0;62.26199118547622;409.498985804085;46.29263483828671;389.56040467927824;-3.005458832986812e-6
5089.0;0.0;0.0004014993797097151;0.0;0.5575442862419331;0.0;0.0;0.0;0.0;0.0;1.7236830879634825e-9;4.410632531992247;2.3201277137177644e-8;1.806059578971739;-6.216884661789537;0.0;0.0;0.0;0.0;0.0;62.26199118547622;409.498985804085;46.29263483828671;389.56040467927824;-3.005458832986812e-6
5090.0;0.0;0.0004014993797097151;0.0;0.5575442862419331;0.0;0.0;0.0;0.0;0.0;1.7236830879634825e-9;4.410632531992247;2.3201277137177644e-8;1.806059578971739;-6.216884661789537;0.0;0.0;0.0;0.0;0.0;62.26199118547622;409.498985804085;46.29263483828671;389.56040467927824;-3.005458832986812e-6
5091.0;0.0;0.0004014993797097151;0.0;0.5575442862419331;0.0;0.0;0.0;0.0;0.0;1.7236830879634825e-9;4.410632531992247;2.3201277137177644e-8;1.806059578971739;-6.216884661789537;0.0;0.0;0.0;0.0;0.0;62.26199118547622;409.498985804085;46.29263483828671;389.56040467927824;-3.005458832986812e-6
5092.0;0.0;0.0004014993797097151;0.0;0.5575442862419331;0.0;0.0;0.0;0.0;0.0;1.7236830879634825e-9;4.410632531992247;2.3201277137177644e-8;1.806059578971739;-6.216884661789537;0.0;0.0;0.0;0.0;0.0;62.26199118547622;409.498985804085;46.29263483828671;389.56040467927824;-3.005458832986812e-6
5093.0;0.0;0.0004014993797097151;0.0;0.5575442862419331;0.0;0.0;0.0;0.0;0.0;1.7236830879634825e-9;4.410632531992247;2.3201277137177644e-8;1.806059578971739;-6.216884661789537;0.0;0.0;0.0;0.0;0.0;62.26199118547622;409.498985804085;46.29263483828671;389.56040467927824;-3.005458832986812e-6
5094.0;0.0;0.0004014993797097151;0.0;0.5575442862419331;0.0;0.0;0.0;0.0;0.0;1.7236830879634825e-9;4.410632531992247;2.3201277137177644e-8;1.806059578971739;-6.216884661789537;0.0;0.0;0.0;0.0;0.0;62.26199118547622;409.498985804085;46.29263483828671;389.56040467927824;-3.005458832986812e-6
5095.0;0.0;0.0004014993797097151;0.0;0.5575442862419331;0.0;0.0;0.0;0.0;0.0;1.7236830879634825e-9;4.410632531992247;2.3201277137177644e-8;1.806059578971739;-6.216884661789537;0.0;0.0;0.0;0.0;0.0;62.26199118547622;409.498985804085;46.29263483828671;389.56040467927824;-3.005458832986812e-6
5096.0;0.0;0.0004014993797097151;0.0;0.5575442862419331;0.0;0.0;0.0;0.0;0.0;1.7236830879634825e-9;4.410632531992247;2.3201277137177644e-8;1.806059578971739;-6.216884661789537;0.0;0.0;0.0;0.0;0.0;62.26199118547622;409.498985804085;46.29263483828671;389.56040467927824;-3.005458832986812e-6
5097.0;0.0;0.0004014993797097151;0.0;0.5575442862419331;0.0;0.0;0.0;0.0;0.0;1.7236830879634825e-9;4.410632531992247;2.3201277137177644e-8;1.806059578971739;-6.216884661789537;0.0;0.0;0.0;0.0;0.0;62.26199118547622;409.498985804085;46.29263483828671;389.56040467927824;-3.005458832986812e-6
5098.0;0.0;0.0004014993797097151;0.0;0.5575442862419331;0.0;0.0;0.0;0.0;0.0;1.7236830879634825e-9;4.410632531992247;2.3201277137177644e-8;1.806059578971739;-6.216884661789537;0.0;0.0;0.0;0.0;0.0;62.26199118547622;409.498985804085;46.29263483828671;389.56040467927824;-3.005458832986812e-6
5099.0;0.0;0.0004014993797097151;0.0;0.5575442862419331;0.0;0.0;0.0;0.0;0.0;1.7236830879634825e-9;4.410632531992247;2.3201277137177644e-8;1.806059578971739;-6.216884661789537;0.0;0.0;0.0;0.0;0.0;62.26199118547622;409.498985804085;46.29263483828671;389.56040467927824;-3.005458832986812e-6
5100.0;0.0;0.0004014993797097151;0.0;0.5575442862419331;0.0;0.0;0.0;0.0;0.0;1.7236830879634825e-9;4.410632531992247;2.3201277137177644e-8;1.806059578971739;-6.216884661789537;0.0;0.0;0.0;0.0;0.0;62.26199118547622;409.498985804085;46.29263483828671;389.56040467927824;-3.005458832986812e-6
5101.0;0.0;0.0004014993797097151;0.0;0.5575442862419331;0.0;0.0;0.0;0.0;0.0;1.7236830879634825e-9;4.410632531992247;2.3201277137177644e-8;1.806059578971739;-6.216884661789537;0.0;0.0;0.0;0.0;0.0;62.26199118547622;409.498985804085;46.29263483828671;389.56040467927824;-3.005458832986812e-6
5102.0;0.0;0.0004014993797097151;0.0;0.5575442862419331;0.0;0.0;0.0;0.0;0.0;1.7236830879634825e-9;4.410632531992247;2.3201277137177644e-8;1.806059578971739;-6.216884661789537;0.0;0.0;0.0;0.0;0.0;62.26199118547622;409.498985804085;46.29263483828671;389.56040467927824;-3.005458832986812e-6
5103.0;0.0;0.0004014993797097151;0.0;0.5575442862419331;0.0;0.0;0.0;0.0;0.0;1.7236830879634825e-9;4.410632531992247;2.3201277137177644e-8;1.806059578971739;-6.216884661789537;0.0;0.0;0.0;0.0;0.0;62.26199118547622;409.498985804085;46.29263483828671;389.56040467927824;-3.005458832986812e-6
5104.0;0.0;0.0004014993797097151;0.0;0.5575442862419331;0.0;0.0;0.0;0.0;0.0;1.7236830879634825e-9;4.410632531992247;2.3201277137177644e-8;1.806059578971739;-6.216884661789537;0.0;0.0;0.0;0.0;0.0;62.26199118547622;409.498985804085;46.29263483828671;389.56040467927824;-3.005458832986812e-6
5105.0;0.0;0.0004014993797097151;0.0;0.5575442862419331;0.0;0.0;0.0;0.0;0.0;1.7236830879634825e-9;4.410632531992247;2.3201277137177644e-8;1.806059578971739;-6.216884661789537;0.0;0.0;0.0;0.0;0.0;62.26199118547622;409.498985804085;46.29263483828671;389.56040467927824;-3.005458832986812e-6
5106.0;0.0;0.0004014993797097151;0.0;0.5575442862419331;0.0;0.0;0.0;0.0;0.0;1.7236830879634825e-9;4.410632531992247;2.3201277137177644e-8;1.806059578971739;-6.216884661789537;0.0;0.0;0.0;0.0;0.0;62.26199118547622;409.498985804085;46.29263483828671;389.56040467927824;-3.005458832986812e-6
5107.0;0.0;0.0004014993797097151;0.0;0.5575442862419331;0.0;0.0;0.0;0.0;0.0;1.7236830879634825e-9;4.410632531992247;2.3201277137177644e-8;1.806059578971739;-6.216884661789537;0.0;0.0;0.0;0.0;0.0;62.26199118547622;409.498985804085;46.29263483828671;389.56040467927824;-3.005458832986812e-6
5108.0;0.0;0.0004014993797097151;0.0;0.5575442862419331;0.0;0.0;0.0;0.0;0.0;1.7236830879634825e-9;4.410632531992247;2.3201277137177644e-8;1.806059578971739;-6.216884661789537;0.0;0.0;0.0;0.0;0.0;62.26199118547622;409.498985804085;46.29263483828671;389.56040467927824;-3.005458832986812e-6
5109.0;0.0;0.0004014993797097151;0.0;0.5575442862419331;0.0;0.0;0.0;0.0;0.0;1.7236830879634825e-9;4.410632531992247;2.3201277137177644e-8;1.806059578971739;-6.216884661789537;0.0;0.0;0.0;0.0;0.0;62.26199118547622;409.498985804085;46.29263483828671;389.56040467927824;-3.005458832986812e-6
5110.0;0.0;0.0004014993797097151;0.0;0.5575442862419331;0.0;0.0;0.0;0.0;0.0;1.7236830879634825e-9;4.410632531992247;2.3201277137177644e-8;1.806059578971739;-6.216884661789537;0.0;0.0;0.0;0.0;0.0;62.26199118547622;409.498985804085;46.29263483828671;389.56040467927824;-3.005458832986812e-6
5111.0;0.0;0.0004014993797097151;0.0;0.5575442862419331;0.0;0.0;0.0;0.0;0.0;1.7236830879634825e-9;4.410632531992247;2.3201277137177644e-8;1.806059578971739;-6.216884661789537;0.0;0.0;0.0;0.0;0.0;62.26199118547622;409.498985804085;46.29263483828671;389.56040467927824;-3.005458832986812e-6
5112.0;0.0;0.0004014993797097151;0.0;0.5575442862419331;0.0;0.0;0.0;0.0;0.0;1.7236830879634825e-9;4.410632531992247;2.3201277137177644e-8;1.806059578971739;-6.216884661789537;0.0;0.0;0.0;0.0;0.0;62.26199118547622;409.498985804085;46.29263483828671;389.56040467927824;-3.005458832986812e-6
5113.0;0.0;-0.0013949719829981012;0.0;0.5575442862419331;0.0;0.0;0.0;0.0;0.0;0.0;3.5431689433392135;0.0;0.9744313194442393;-4.517109914828432;0.0;0.0;0.0;0.0;0.0;62.26199118547622;409.498985804085;46.29263483828671;389.56040467927824;-3.005458832986812e-6
5114.0;0.0;-0.0013949719829981012;0.0;0.5575442862419331;0.0;0.0;0.0;0.0;0.0;0.0;3.5431689433392135;0.0;0.9744313194442393;-4.517109914828432;0.0;0.0;0.0;0.0;0.0;62.26199118547622;409.498985804085;46.29263483828671;389.56040467927824;-3.005458832986812e-6
5115.0;0.0;-0.0013949719829981012;0.0;0.5575442862419331;0.0;0.0;0.0;0.0;0.0;0.0;3.5431689433392135;0.0;0.9744313194442393;-4.517109914828432;0.0;0.0;0.0;0.0;0.0;62.26199118547622;409.498985804085;46.29263483828671;389.56040467927824;-3.005458832986812e-6
5116.0;0.0;-0.0013949719829981012;0.0;0.5575442862419331;0.0;0.0;0.0;0.0;0.0;0.0;3.5431689433392135;0.0;0.9744313194442393;-4.517109914828432;0.0;0.0;0.0;0.0;0.0;62.26199118547622;409.498985804085;46.29263483828671;389.56040467927824;-3.005458832986812e-6
5117.0;0.0;-0.0013949719829981012;0.0;0.5575442862419331;0.0;0.0;0.0;0.0;0.0;0.0;3.5431689433392135;0.0;0.9744313194442393;-4.517109914828432;0.0;0.0;0.0;0.0;0.0;62.26199118547622;409.498985804085;46.29263483828671;389.56040467927824;-3.005458832986812e-6
5118.0;0.0;-0.0013949719829981012;0.0;0.5575442862419331;0.0;0.0;0.0;0.0;0.0;0.0;3.5431689433392135;0.0;0.9744313194442393;-4.517109914828432;0.0;0.0;0.0;0.0;0.0;62.26199118547622;409.498985804085;46.29263483828671;389.56040467927824;-3.005458832986812e-6
5119.0;0.0;-0.0013949719829981012;0.0;0.5575442862419331;0.0;0.0;0.0;0.0;0.0;0.0;3.5431689433392135;0.0;0.9744313194442393;-4.517109914828432;0.0;0.0;0.0;0.0;0.0;62.26199118547622;409.498985804085;46.29263483828671;389.56040467927824;-3.005458832986812e-6
5120.0;0.0;-0.0013949719829981012;0.0;0.5575442862419331;0.0;0.0;0.0;0.0;0.0;0.0;3.5431689433392135;0.0;0.9744313194442393;-4.517109914828432;0.0;0.0;0.0;0.0;0.0;62.26199118547622;409.498985804085;46.29263483828671;389.56040467927824;-3.005458832986812e-6
5121.0;0.0;-0.0013949719829981012;0.0;0.5575442862419331;0.0;0.0;0.0;0.0;0.0;0.0;3.5431689433392135;0.0;0.9744313194442393;-4.517109914828432;0.0;0.0;0.0;0.0;0.0;62.26199118547622;409.498985804085;46.29263483828671;389.56040467927824;-3.005458832986812e-6
5122.0;0.0;-0.0013949719829981012;0.0;0.5575442862419331;0.0;0.0;0.0;0.0;0.0;0.0;3.5431689433392135;0.0;0.9744313194442393;-4.517109914828432;0.0;0.0;0.0;0.0;0.0;62.26199118547622;409.498985804085;46.29263483828671;389.56040467927824;-3.005458832986812e-6
5123.0;0.0;-0.0013949719829981012;0.0;0.5575442862419331;0.0;0.0;0.0;0.0;0.0;0.0;3.5431689433392135;0.0;0.9744313194442393;-4.517109914828432;0.0;0.0;0.0;0.0;0.0;62.26199118547622;409.498985804085;46.29263483828671;389.56040467927824;-3.005458832986812e-6
5124.0;0.0;-0.0013949719829981012;0.0;0.5575442862419331;0.0;0.0;0.0;0.0;0.0;0.0;3.5431689433392135;0.0;0.9744313194442393;-4.517109914828432;0.0;0.0;0.0;0.0;0.0;62.26199118547622;409.498985804085;46.29263483828671;389.56040467927824;-3.005458832986812e-6
5125.0;0.0;-0.0013949719829981012;0.0;0.5575442862419331;0.0;0.0;0.0;0.0;0.0;0.0;3.5431689433392135;0.0;0.9744313194442393;-4.517109914828432;0.0;0.0;0.0;0.0;0.0;62.26199118547622;409.498985804085;46.29263483828671;389.56040467927824;-3.005458832986812e-6
5126.0;0.0;-0.0013949719829981012;0.0;0.5575442862419331;0.0;0.0;0.0;0.0;0.0;0.0;3.5431689433392135;0.0;0.9744313194442393;-4.517109914828432;0.0;0.0;0.0;0.0;0.0;62.26199118547622;409.498985804085;46.29263483828671;389.56040467927824;-3.005458832986812e-6
5127.0;0.0;-0.0013949719829981012;0.0;0.5575442862419331;0.0;0.0;0.0;0.0;0.0;0.0;3.5431689433392135;0.0;0.9744313194442393;-4.517109914828432;0.0;0.0;0.0;0.0;0.0;62.26199118547622;409.498985804085;46.29263483828671;389.56040467927824;-3.005458832986812e-6
5128.0;0.0;-0.0013949719829981012;0.0;0.5575442862419331;0.0;0.0;0.0;0.0;0.0;0.0;3.5431689433392135;0.0;0.9744313194442393;-4.517109914828432;0.0;0.0;0.0;0.0;0.0;62.26199118547622;409.498985804085;46.29263483828671;389.56040467927824;-3.005458832986812e-6
5129.0;0.0;-0.0013949719829981012;0.0;0.5575442862419331;0.0;0.0;0.0;0.0;0.0;0.0;3.5431689433392135;0.0;0.9744313194442393;-4.517109914828432;0.0;0.0;0.0;0.0;0.0;62.26199118547622;409.498985804085;46.29263483828671;389.56040467927824;-3.005458832986812e-6
5130.0;0.0;-0.0013949719829981012;0.0;0.5575442862419331;0.0;0.0;0.0;0.0;0.0;0.0;3.5431689433392135;0.0;0.9744313194442393;-4.517109914828432;0.0;0.0;0.0;0.0;0.0;62.26199118547622;409.498985804085;46.29263483828671;389.56040467927824;-3.005458832986812e-6
5131.0;0.0;-0.0013949719829981012;0.0;0.5575442862419331;0.0;0.0;0.0;0.0;0.0;0.0;3.5431689433392135;0.0;0.9744313194442393;-4.517109914828432;0.0;0.0;0.0;0.0;0.0;62.26199118547622;409.498985804085;46.29263483828671;389.56040467927824;-3.005458832986812e-6
5132.0;0.0;-0.0013949719829981012;0.0;0.5575442862419331;0.0;0.0;0.0;0.0;0.0;0.0;3.5431689433392135;0.0;0.9744313194442393;-4.517109914828432;0.0;0.0;0.0;0.0;0.0;62.26199118547622;409.498985804085;46.29263483828671;389.56040467927824;-3.005458832986812e-6
5133.0;0.0;-0.0013949719829981012;0.0;0.5575442862419331;0.0;0.0;0.0;0.0;0.0;0.0;3.5431689433392135;0.0;0.9744313194442393;-4.517109914828432;0.0;0.0;0.0;0.0;0.0;62.26199118547622;409.498985804085;46.29263483828671;389.56040467927824;-3.005458832986812e-6
5134.0;0.0;-0.0013949719829981012;0.0;0.5575442862419331;0.0;0.0;0.0;0.0;0.0;0.0;3.5431689433392135;0.0;0.9744313194442393;-4.517109914828432;0.0;0.0;0.0;0.0;0.0;62.26199118547622;409.498985804085;46.29263483828671;389.56040467927824;-3.005458832986812e-6
5135.0;0.0;-0.0013949719829981012;0.0;0.5575442862419331;0.0;0.0;0.0;0.0;0.0;0.0;3.5431689433392135;0.0;0.9744313194442393;-4.517109914828432;0.0;0.0;0.0;0.0;0.0;62.26199118547622;409.498985804085;46.29263483828671;389.56040467927824;-3.005458832986812e-6
5136.0;0.0;-0.0013949719829981012;0.0;0.5575442862419331;0.0;0.0;0.0;0.0;0.0;0.0;3.5431689433392135;0.0;0.9744313194442393;-4.517109914828432;0.0;0.0;0.0;0.0;0.0;62.26199118547622;409.498985804085;46.29263483828671;389.56040467927824;-3.005458832986812e-6
5137.0;0.0;-0.00036627710582247397;0.0;0.5575442862419331;0.0;0.0;0.0;0.0;0.0;0.0;4.476360406335554;0.0;1.9154515902521874;-6.391591231203947;0.0;0.0;0.0;0.0;0.0;62.26199118547622;409.498985804085;46.29263483828671;389.56040467927824;-3.005458832986812e-6
5138.0;0.0;-0.00036627710582247397;0.0;0.5575442862419331;0.0;0.0;0.0;0.0;0.0;0.0;4.476360406335554;0.0;1.9154515902521874;-6.391591231203947;0.0;0.0;0.0;0.0;0.0;62.26199118547622;409.498985804085;46.29263483828671;389.56040467927824;-3.005458832986812e-6
5139.0;0.0;-0.00036627710582247397;0.0;0.5575442862419331;0.0;0.0;0.0;0.0;0.0;0.0;4.476360406335554;0.0;1.9154515902521874;-6.391591231203947;0.0;0.0;0.0;0.0;0.0;62.26199118547622;409.498985804085;46.29263483828671;389.56040467927824;-3.005458832986812e-6
5140.0;0.0;-0.00036627710582247397;0.0;0.5575442862419331;0.0;0.0;0.0;0.0;0.0;0.0;4.476360406335554;0.0;1.9154515902521874;-6.391591231203947;0.0;0.0;0.0;0.0;0.0;62.26199118547622;409.498985804085;46.29263483828671;389.56040467927824;-3.005458832986812e-6
5141.0;0.0;-0.00036627710582247397;0.0;0.5575442862419331;0.0;0.0;0.0;0.0;0.0;0.0;4.476360406335554;0.0;1.9154515902521874;-6.391591231203947;0.0;0.0;0.0;0.0;0.0;62.26199118547622;409.498985804085;46.29263483828671;389.56040467927824;-3.005458832986812e-6
5142.0;0.0;-0.00036627710582247397;0.0;0.5575442862419331;0.0;0.0;0.0;0.0;0.0;0.0;4.476360406335554;0.0;1.9154515902521874;-6.391591231203947;0.0;0.0;0.0;0.0;0.0;62.26199118547622;409.498985804085;46.29263483828671;389.56040467927824;-3.005458832986812e-6
5143.0;0.0;-0.00036627710582247397;0.0;0.5575442862419331;0.0;0.0;0.0;0.0;0.0;0.0;4.476360406335554;0.0;1.9154515902521874;-6.391591231203947;0.0;0.0;0.0;0.0;0.0;62.26199118547622;409.498985804085;46.29263483828671;389.56040467927824;-3.005458832986812e-6
5144.0;0.0;-0.00036627710582247397;0.0;0.5575442862419331;0.0;0.0;0.0;0.0;0.0;0.0;4.476360406335554;0.0;1.9154515902521874;-6.391591231203947;0.0;0.0;0.0;0.0;0.0;62.26199118547622;409.498985804085;46.29263483828671;389.56040467927824;-3.005458832986812e-6
5145.0;0.0;-0.00036627710582247397;0.0;0.5575442862419331;0.0;0.0;0.0;0.0;0.0;0.0;4.476360406335554;0.0;1.9154515902521874;-6.391591231203947;0.0;0.0;0.0;0.0;0.0;62.26199118547622;409.498985804085;46.29263483828671;389.56040467927824;-3.005458832986812e-6
5146.0;0.0;-0.00036627710582247397;0.0;0.5575442862419331;0.0;0.0;0.0;0.0;0.0;0.0;4.476360406335554;0.0;1.9154515902521874;-6.391591231203947;0.0;0.0;0.0;0.0;0.0;62.26199118547622;409.498985804085;46.29263483828671;389.56040467927824;-3.005458832986812e-6
5147.0;0.0;-0.00036627710582247397;0.0;0.5575442862419331;0.0;0.0;0.0;0.0;0.0;0.0;4.476360406335554;0.0;1.9154515902521874;-6.391591231203947;0.0;0.0;0.0;0.0;0.0;62.26199118547622;409.498985804085;46.29263483828671;389.56040467927824;-3.005458832986812e-6
5148.0;0.0;-0.00036627710582247397;0.0;0.5575442862419331;0.0;0.0;0.0;0.0;0.0;0.0;4.476360406335554;0.0;1.9154515902521874;-6.391591231203947;0.0;0.0;0.0;0.0;0.0;62.26199118547622;409.498985804085;46.29263483828671;389.56040467927824;-3.005458832986812e-6
5149.0;0.0;-0.00036627710582247397;0.0;0.5575442862419331;0.0;0.0;0.0;0.0;0.0;0.0;4.476360406335554;0.0;1.9154515902521874;-6.391591231203947;0.0;0.0;0.0;0.0;0.0;62.26199118547622;409.498985804085;46.29263483828671;389.56040467927824;-3.005458832986812e-6
5150.0;0.0;-0.00036627710582247397;0.0;0.5575442862419331;0.0;0.0;0.0;0.0;0.0;0.0;4.476360406335554;0.0;1.9154515902521874;-6.391591231203947;0.0;0.0;0.0;0.0;0.0;62.26199118547622;409.498985804085;46.29263483828671;389.56040467927824;-3.005458832986812e-6
5151.0;0.0;-0.00036627710582247397;0.0;0.5575442862419331;0.0;0.0;0.0;0.0;0.0;0.0;4.476360406335554;0.0;1.9154515902521874;-6.391591231203947;0.0;0.0;0.0;0.0;0.0;62.26199118547622;409.498985804085;46.29263483828671;389.56040467927824;-3.005458832986812e-6
5152.0;0.0;-0.00036627710582247397;0.0;0.5575442862419331;0.0;0.0;0.0;0.0;0.0;0.0;4.476360406335554;0.0;1.9154515902521874;-6.391591231203947;0.0;0.0;0.0;0.0;0.0;62.26199118547622;409.498985804085;46.29263483828671;389.56040467927824;-3.005458832986812e-6
5153.0;0.0;-0.00036627710582247397;0.0;0.5575442862419331;0.0;0.0;0.0;0.0;0.0;0.0;4.476360406335554;0.0;1.9154515902521874;-6.391591231203947;0.0;0.0;0.0;0.0;0.0;62.26199118547622;409.498985804085;46.29263483828671;389.56040467927824;-3.005458832986812e-6
5154.0;0.0;-0.00036627710582247397;0.0;0.5575442862419331;0.0;0.0;0.0;0.0;0.0;0.0;4.476360406335554;0.0;1.9154515902521874;-6.391591231203947;0.0;0.0;0.0;0.0;0.0;62.26199118547622;409.498985804085;46.29263483828671;389.56040467927824;-3.005458832986812e-6
5155.0;0.0;-0.00036627710582247397;0.0;0.5575442862419331;0.0;0.0;0.0;0.0;0.0;0.0;4.476360406335554;0.0;1.9154515902521874;-6.391591231203947;0.0;0.0;0.0;0.0;0.0;62.26199118547622;409.498985804085;46.29263483828671;389.56040467927824;-3.005458832986812e-6
5156.0;0.0;-0.00036627710582247397;0.0;0.5575442862419331;0.0;0.0;0.0;0.0;0.0;0.0;4.476360406335554;0.0;1.9154515902521874;-6.391591231203947;0.0;0.0;0.0;0.0;0.0;62.26199118547622;409.498985804085;46.29263483828671;389.56040467927824;-3.005458832986812e-6
5157.0;0.0;-0.00036627710582247397;0.0;0.5575442862419331;0.0;0.0;0.0;0.0;0.0;0.0;4.476360406335554;0.0;1.9154515902521874;-6.391591231203947;0.0;0.0;0.0;0.0;0.0;62.26199118547622;409.498985804085;46.29263483828671;389.56040467927824;-3.005458832986812e-6
5158.0;0.0;-0.00036627710582247397;0.0;0.5575442862419331;0.0;0.0;0.0;0.0;0.0;0.0;4.476360406335554;0.0;1.9154515902521874;-6.391591231203947;0.0;0.0;0.0;0.0;0.0;62.26199118547622;409.498985804085;46.29263483828671;389.56040467927824;-3.005458832986812e-6
5159.0;0.0;-0.00036627710582247397;0.0;0.5575442862419331;0.0;0.0;0.0;0.0;0.0;0.0;4.476360406335554;0.0;1.9154515902521874;-6.391591231203947;0.0;0.0;0.0;0.0;0.0;62.26199118547622;409.498985804085;46.29263483828671;389.56040467927824;-3.005458832986812e-6
5160.0;0.0;-0.00036627710582247397;0.0;0.5575442862419331;0.0;0.0;0.0;0.0;0.0;0.0;4.476360406335554;0.0;1.9154515902521874;-6.391591231203947;0.0;0.0;0.0;0.0;0.0;62.26199118547622;409.498985804085;46.29263483828671;389.56040467927824;-3.005458832986812e-6
5161.0;0.0;-0.00018310580409761662;0.0;0.5575442862419331;0.0;0.0;0.0;0.0;0.0;0.0;2.9402846643499103;0.0;3.689453378041175;-6.629632202536339;0.0;0.0;0.0;0.0;0.0;62.26199118547622;409.498985804085;46.29263483828671;389.56040467927824;-3.005458832986812e-6
5162.0;0.0;-0.00018310580409761662;0.0;0.5575442862419331;0.0;0.0;0.0;0.0;0.0;0.0;2.9402846643499103;0.0;3.689453378041175;-6.629632202536339;0.0;0.0;0.0;0.0;0.0;62.26199118547622;409.498985804085;46.29263483828671;389.56040467927824;-3.005458832986812e-6
5163.0;0.0;-0.00018310580409761662;0.0;0.5575442862419331;0.0;0.0;0.0;0.0;0.0;0.0;2.9402846643499103;0.0;3.689453378041175;-6.629632202536339;0.0;0.0;0.0;0.0;0.0;62.26199118547622;409.498985804085;46.29263483828671;389.56040467927824;-3.005458832986812e-6
5164.0;0.0;-0.00018310580409761662;0.0;0.5575442862419331;0.0;0.0;0.0;0.0;0.0;0.0;2.9402846643499103;0.0;3.689453378041175;-6.629632202536339;0.0;0.0;0.0;0.0;0.0;62.26199118547622;409.498985804085;46.29263483828671;389.56040467927824;-3.005458832986812e-6
5165.0;0.0;-0.00018310580409761662;0.0;0.5575442862419331;0.0;0.0;0.0;0.0;0.0;0.0;2.9402846643499103;0.0;3.689453378041175;-6.629632202536339;0.0;0.0;0.0;0.0;0.0;62.26199118547622;409.498985804085;46.29263483828671;389.56040467927824;-3.005458832986812e-6
5166.0;0.0;-0.00018310580409761662;0.0;0.5575442862419331;0.0;0.0;0.0;0.0;0.0;0.0;2.9402846643499103;0.0;3.689453378041175;-6.629632202536339;0.0;0.0;0.0;0.0;0.0;62.26199118547622;409.498985804085;46.29263483828671;389.56040467927824;-3.005458832986812e-6
5167.0;0.0;-0.00018310580409761662;0.0;0.5575442862419331;0.0;0.0;0.0;0.0;0.0;0.0;2.9402846643499103;0.0;3.689453378041175;-6.629632202536339;0.0;0.0;0.0;0.0;0.0;62.26199118547622;409.498985804085;46.29263483828671;389.56040467927824;-3.005458832986812e-6
5168.0;0.0;-0.00018310580409761662;0.0;0.5575442862419331;0.0;0.0;0.0;0.0;0.0;0.0;2.9402846643499103;0.0;3.689453378041175;-6.629632202536339;0.0;0.0;0.0;0.0;0.0;62.26199118547622;409.498985804085;46.29263483828671;389.56040467927824;-3.005458832986812e-6
5169.0;0.0;-0.00018310580409761662;0.0;0.5575442862419331;0.0;0.0;0.0;0.0;0.0;0.0;2.9402846643499103;0.0;3.689453378041175;-6.629632202536339;0.0;0.0;0.0;0.0;0.0;62.26199118547622;409.498985804085;46.29263483828671;389.56040467927824;-3.005458832986812e-6
5170.0;0.0;-0.00018310580409761662;0.0;0.5575442862419331;0.0;0.0;0.0;0.0;0.0;0.0;2.9402846643499103;0.0;3.689453378041175;-6.629632202536339;0.0;0.0;0.0;0.0;0.0;62.26199118547622;409.498985804085;46.29263483828671;389.56040467927824;-3.005458832986812e-6
5171.0;0.0;-0.00018310580409761662;0.0;0.5575442862419331;0.0;0.0;0.0;0.0;0.0;0.0;2.9402846643499103;0.0;3.689453378041175;-6.629632202536339;0.0;0.0;0.0;0.0;0.0;62.26199118547622;409.498985804085;46.29263483828671;389.56040467927824;-3.005458832986812e-6
5172.0;0.0;-0.00018310580409761662;0.0;0.5575442862419331;0.0;0.0;0.0;0.0;0.0;0.0;2.9402846643499103;0.0;3.689453378041175;-6.629632202536339;0.0;0.0;0.0;0.0;0.0;62.26199118547622;409.498985804085;46.29263483828671;389.56040467927824;-3.005458832986812e-6
5173.0;0.0;-0.00018310580409761662;0.0;0.5575442862419331;0.0;0.0;0.0;0.0;0.0;0.0;2.9402846643499103;0.0;3.689453378041175;-6.629632202536339;0.0;0.0;0.0;0.0;0.0;62.26199118547622;409.498985804085;46.29263483828671;389.56040467927824;-3.005458832986812e-6
5174.0;0.0;-0.00018310580409761662;0.0;0.5575442862419331;0.0;0.0;0.0;0.0;0.0;0.0;2.9402846643499103;0.0;3.689453378041175;-6.629632202536339;0.0;0.0;0.0;0.0;0.0;62.26199118547622;409.498985804085;46.29263483828671;389.56040467927824;-3.005458832986812e-6
5175.0;0.0;-0.00018310580409761662;0.0;0.5575442862419331;0.0;0.0;0.0;0.0;0.0;0.0;2.9402846643499103;0.0;3.689453378041175;-6.629632202536339;0.0;0.0;0.0;0.0;0.0;62.26199118547622;409.498985804085;46.29263483828671;389.56040467927824;-3.005458832986812e-6
5176.0;0.0;-0.00018310580409761662;0.0;0.5575442862419331;0.0;0.0;0.0;0.0;0.0;0.0;2.9402846643499103;0.0;3.689453378041175;-6.629632202536339;0.0;0.0;0.0;0.0;0.0;62.26199118547622;409.498985804085;46.29263483828671;389.56040467927824;-3.005458832986812e-6
5177.0;0.0;-0.00018310580409761662;0.0;0.5575442862419331;0.0;0.0;0.0;0.0;0.0;0.0;2.9402846643499103;0.0;3.689453378041175;-6.629632202536339;0.0;0.0;0.0;0.0;0.0;62.26199118547622;409.498985804085;46.29263483828671;389.56040467927824;-3.005458832986812e-6
5178.0;0.0;-0.00018310580409761662;0.0;0.5575442862419331;0.0;0.0;0.0;0.0;0.0;0.0;2.9402846643499103;0.0;3.689453378041175;-6.629632202536339;0.0;0.0;0.0;0.0;0.0;62.26199118547622;409.498985804085;46.29263483828671;389.56040467927824;-3.005458832986812e-6
5179.0;0.0;-0.00018310580409761662;0.0;0.5575442862419331;0.0;0.0;0.0;0.0;0.0;0.0;2.9402846643499103;0.0;3.689453378041175;-6.629632202536339;0.0;0.0;0.0;0.0;0.0;62.26199118547622;409.498985804085;46.29263483828671;389.56040467927824;-3.005458832986812e-6
5180.0;0.0;-0.00018310580409761662;0.0;0.5575442862419331;0.0;0.0;0.0;0.0;0.0;0.0;2.9402846643499103;0.0;3.689453378041175;-6.629632202536339;0.0;0.0;0.0;0.0;0.0;62.26199118547622;409.498985804085;46.29263483828671;389.56040467927824;-3.005458832986812e-6
5181.0;0.0;-0.00018310580409761662;0.0;0.5575442862419331;0.0;0.0;0.0;0.0;0.0;0.0;2.9402846643499103;0.0;3.689453378041175;-6.629632202536339;0.0;0.0;0.0;0.0;0.0;62.26199118547622;409.498985804085;46.29263483828671;389.56040467927824;-3.005458832986812e-6
5182.0;0.0;-0.00018310580409761662;0.0;0.5575442862419331;0.0;0.0;0.0;0.0;0.0;0.0;2.9402846643499103;0.0;3.689453378041175;-6.629632202536339;0.0;0.0;0.0;0.0;0.0;62.26199118547622;409.498985804085;46.29263483828671;389.56040467927824;-3.005458832986812e-6
5183.0;0.0;-0.00018310580409761662;0.0;0.5575442862419331;0.0;0.0;0.0;0.0;0.0;0.0;2.9402846643499103;0.0;3.689453378041175;-6.629632202536339;0.0;0.0;0.0;0.0;0.0;62.26199118547622;409.498985804085;46.29263483828671;389.56040467927824;-3.005458832986812e-6
5184.0;0.0;-0.00018310580409761662;0.0;0.5575442862419331;0.0;0.0;0.0;0.0;0.0;0.0;2.9402846643499103;0.0;3.689453378041175;-6.629632202536339;0.0;0.0;0.0;0.0;0.0;62.26199118547622;409.498985804085;46.29263483828671;389.56040467927824;-3.005458832986812e-6
5185.0;0.0;7.989393119875768e-6;0.0;0.6484355326005729;0.0;0.0;0.0;0.0;0.0;0.0023050841306075055;1.5771982474472213;0.00039255873876827116;4.862480785551333;-6.442360002457175;0.0;0.0;0.0;0.0;0.0;73.38040128558899;418.6024290516162;23.06134574388779;401.4374644423693;-0.1086997076227285
5186.0;0.0;7.989393119875768e-6;0.0;0.6484355326005729;0.0;0.0;0.0;0.0;0.0;0.0023050841306075055;1.5771982474472213;0.00039255873876827116;4.862480785551333;-6.442360002457175;0.0;0.0;0.0;0.0;0.0;73.38040128558899;418.6024290516162;23.06134574388779;401.4374644423693;-0.1086997076227285
5187.0;0.0;7.989393119875768e-6;0.0;0.6484355326005729;0.0;0.0;0.0;0.0;0.0;0.0023050841306075055;1.5771982474472213;0.00039255873876827116;4.862480785551333;-6.442360002457175;0.0;0.0;0.0;0.0;0.0;73.38040128558899;418.6024290516162;23.06134574388779;401.4374644423693;-0.1086997076227285
5188.0;0.0;7.989393119875768e-6;0.0;0.6484355326005729;0.0;0.0;0.0;0.0;0.0;0.0023050841306075055;1.5771982474472213;0.00039255873876827116;4.862480785551333;-6.442360002457175;0.0;0.0;0.0;0.0;0.0;73.38040128558899;418.6024290516162;23.06134574388779;401.4374644423693;-0.1086997076227285
5189.0;0.0;7.989393119875768e-6;0.0;0.6484355326005729;0.0;0.0;0.0;0.0;0.0;0.0023050841306075055;1.5771982474472213;0.00039255873876827116;4.862480785551333;-6.442360002457175;0.0;0.0;0.0;0.0;0.0;73.38040128558899;418.6024290516162;23.06134574388779;401.4374644423693;-0.1086997076227285
5190.0;0.0;7.989393119875768e-6;0.0;0.6484355326005729;0.0;0.0;0.0;0.0;0.0;0.0023050841306075055;1.5771982474472213;0.00039255873876827116;4.862480785551333;-6.442360002457175;0.0;0.0;0.0;0.0;0.0;73.38040128558899;418.6024290516162;23.06134574388779;401.4374644423693;-0.1086997076227285
5191.0;0.0;7.989393119875768e-6;0.0;0.6484355326005729;0.0;0.0;0.0;0.0;0.0;0.0023050841306075055;1.5771982474472213;0.00039255873876827116;4.862480785551333;-6.442360002457175;0.0;0.0;0.0;0.0;0.0;73.38040128558899;418.6024290516162;23.06134574388779;401.4374644423693;-0.1086997076227285
5192.0;0.0;7.989393119875768e-6;0.0;0.6484355326005729;0.0;0.0;0.0;0.0;0.0;0.0023050841306075055;1.5771982474472213;0.00039255873876827116;4.862480785551333;-6.442360002457175;0.0;0.0;0.0;0.0;0.0;73.38040128558899;418.6024290516162;23.06134574388779;401.4374644423693;-0.1086997076227285
5193.0;0.0;7.989393119875768e-6;0.0;0.6484355326005729;0.0;0.0;0.0;0.0;0.0;0.0023050841306075055;1.5771982474472213;0.00039255873876827116;4.862480785551333;-6.442360002457175;0.0;0.0;0.0;0.0;0.0;73.38040128558899;418.6024290516162;23.06134574388779;401.4374644423693;-0.1086997076227285
5194.0;0.0;7.989393119875768e-6;0.0;0.6484355326005729;0.0;0.0;0.0;0.0;0.0;0.0023050841306075055;1.5771982474472213;0.00039255873876827116;4.862480785551333;-6.442360002457175;0.0;0.0;0.0;0.0;0.0;73.38040128558899;418.6024290516162;23.06134574388779;401.4374644423693;-0.1086997076227285
5195.0;0.0;7.989393119875768e-6;0.0;0.6484355326005729;0.0;0.0;0.0;0.0;0.0;0.0023050841306075055;1.5771982474472213;0.00039255873876827116;4.862480785551333;-6.442360002457175;0.0;0.0;0.0;0.0;0.0;73.38040128558899;418.6024290516162;23.06134574388779;401.4374644423693;-0.1086997076227285
5196.0;0.0;7.989393119875768e-6;0.0;0.6484355326005729;0.0;0.0;0.0;0.0;0.0;0.0023050841306075055;1.5771982474472213;0.00039255873876827116;4.862480785551333;-6.442360002457175;0.0;0.0;0.0;0.0;0.0;73.38040128558899;418.6024290516162;23.06134574388779;401.4374644423693;-0.1086997076227285
5197.0;0.0;7.989393119875768e-6;0.0;0.6484355326005729;0.0;0.0;0.0;0.0;0.0;0.0023050841306075055;1.5771982474472213;0.00039255873876827116;4.862480785551333;-6.442360002457175;0.0;0.0;0.0;0.0;0.0;73.38040128558899;418.6024290516162;23.06134574388779;401.4374644423693;-0.1086997076227285
5198.0;0.0;7.989393119875768e-6;0.0;0.6484355326005729;0.0;0.0;0.0;0.0;0.0;0.0023050841306075055;1.5771982474472213;0.00039255873876827116;4.862480785551333;-6.442360002457175;0.0;0.0;0.0;0.0;0.0;73.38040128558899;418.6024290516162;23.06134574388779;401.4374644423693;-0.1086997076227285
5199.0;0.0;7.989393119875768e-6;0.0;0.6484355326005729;0.0;0.0;0.0;0.0;0.0;0.0023050841306075055;1.5771982474472213;0.00039255873876827116;4.862480785551333;-6.442360002457175;0.0;0.0;0.0;0.0;0.0;73.38040128558899;418.6024290516162;23.06134574388779;401.4374644423693;-0.1086997076227285
5200.0;0.0;7.989393119875768e-6;0.0;0.6484355326005729;0.0;0.0;0.0;0.0;0.0;0.0023050841306075055;1.5771982474472213;0.00039255873876827116;4.862480785551333;-6.442360002457175;0.0;0.0;0.0;0.0;0.0;73.38040128558899;418.6024290516162;23.06134574388779;401.4374644423693;-0.1086997076227285
5201.0;0.0;7.989393119875768e-6;0.0;0.6484355326005729;0.0;0.0;0.0;0.0;0.0;0.0023050841306075055;1.5771982474472213;0.00039255873876827116;4.862480785551333;-6.442360002457175;0.0;0.0;0.0;0.0;0.0;73.38040128558899;418.6024290516162;23.06134574388779;401.4374644423693;-0.1086997076227285
5202.0;0.0;7.989393119875768e-6;0.0;0.6484355326005729;0.0;0.0;0.0;0.0;0.0;0.0023050841306075055;1.5771982474472213;0.00039255873876827116;4.862480785551333;-6.442360002457175;0.0;0.0;0.0;0.0;0.0;73.38040128558899;418.6024290516162;23.06134574388779;401.4374644423693;-0.1086997076227285
5203.0;0.0;7.989393119875768e-6;0.0;0.6484355326005729;0.0;0.0;0.0;0.0;0.0;0.0023050841306075055;1.5771982474472213;0.00039255873876827116;4.862480785551333;-6.442360002457175;0.0;0.0;0.0;0.0;0.0;73.38040128558899;418.6024290516162;23.06134574388779;401.4374644423693;-0.1086997076227285
5204.0;0.0;7.989393119875768e-6;0.0;0.6484355326005729;0.0;0.0;0.0;0.0;0.0;0.0023050841306075055;1.5771982474472213;0.00039255873876827116;4.862480785551333;-6.442360002457175;0.0;0.0;0.0;0.0;0.0;73.38040128558899;418.6024290516162;23.06134574388779;401.4374644423693;-0.1086997076227285
5205.0;0.0;7.989393119875768e-6;0.0;0.6484355326005729;0.0;0.0;0.0;0.0;0.0;0.0023050841306075055;1.5771982474472213;0.00039255873876827116;4.862480785551333;-6.442360002457175;0.0;0.0;0.0;0.0;0.0;73.38040128558899;418.6024290516162;23.06134574388779;401.4374644423693;-0.1086997076227285
5206.0;0.0;7.989393119875768e-6;0.0;0.6484355326005729;0.0;0.0;0.0;0.0;0.0;0.0023050841306075055;1.5771982474472213;0.00039255873876827116;4.862480785551333;-6.442360002457175;0.0;0.0;0.0;0.0;0.0;73.38040128558899;418.6024290516162;23.06134574388779;401.4374644423693;-0.1086997076227285
5207.0;0.0;7.989393119875768e-6;0.0;0.6484355326005729;0.0;0.0;0.0;0.0;0.0;0.0023050841306075055;1.5771982474472213;0.00039255873876827116;4.862480785551333;-6.442360002457175;0.0;0.0;0.0;0.0;0.0;73.38040128558899;418.6024290516162;23.06134574388779;401.4374644423693;-0.1086997076227285
5208.0;0.0;7.989393119875768e-6;0.0;0.6484355326005729;0.0;0.0;0.0;0.0;0.0;0.0023050841306075055;1.5771982474472213;0.00039255873876827116;4.862480785551333;-6.442360002457175;0.0;0.0;0.0;0.0;0.0;73.38040128558899;418.6024290516162;23.06134574388779;401.4374644423693;-0.1086997076227285
5209.0;0.0;-2.5842081827808033e-5;0.0;0.6484355326005729;0.0;0.0;0.0;0.0;0.0;0.010327307008397601;1.4670907529786223;0.0;4.960402755150946;-6.437837618077998;0.0;0.0;0.0;0.0;0.0;73.38040128558899;418.6024290516162;23.06134574388779;401.4374644423693;-0.1086997076227285
5210.0;0.0;-2.5842081827808033e-5;0.0;0.6484355326005729;0.0;0.0;0.0;0.0;0.0;0.010327307008397601;1.4670907529786223;0.0;4.960402755150946;-6.437837618077998;0.0;0.0;0.0;0.0;0.0;73.38040128558899;418.6024290516162;23.06134574388779;401.4374644423693;-0.1086997076227285
5211.0;0.0;-2.5842081827808033e-5;0.0;0.6484355326005729;0.0;0.0;0.0;0.0;0.0;0.010327307008397601;1.4670907529786223;0.0;4.960402755150946;-6.437837618077998;0.0;0.0;0.0;0.0;0.0;73.38040128558899;418.6024290516162;23.06134574388779;401.4374644423693;-0.1086997076227285
5212.0;0.0;-2.5842081827808033e-5;0.0;0.6484355326005729;0.0;0.0;0.0;0.0;0.0;0.010327307008397601;1.4670907529786223;0.0;4.960402755150946;-6.437837618077998;0.0;0.0;0.0;0.0;0.0;73.38040128558899;418.6024290516162;23.06134574388779;401.4374644423693;-0.1086997076227285
5213.0;0.0;-2.5842081827808033e-5;0.0;0.6484355326005729;0.0;0.0;0.0;0.0;0.0;0.010327307008397601;1.4670907529786223;0.0;4.960402755150946;-6.437837618077998;0.0;0.0;0.0;0.0;0.0;73.38040128558899;418.6024290516162;23.06134574388779;401.4374644423693;-0.1086997076227285
5214.0;0.0;-2.5842081827808033e-5;0.0;0.6484355326005729;0.0;0.0;0.0;0.0;0.0;0.010327307008397601;1.4670907529786223;0.0;4.960402755150946;-6.437837618077998;0.0;0.0;0.0;0.0;0.0;73.38040128558899;418.6024290516162;23.06134574388779;401.4374644423693;-0.1086997076227285
5215.0;0.0;-2.5842081827808033e-5;0.0;0.6484355326005729;0.0;0.0;0.0;0.0;0.0;0.010327307008397601;1.4670907529786223;0.0;4.960402755150946;-6.437837618077998;0.0;0.0;0.0;0.0;0.0;73.38040128558899;418.6024290516162;23.06134574388779;401.4374644423693;-0.1086997076227285
5216.0;0.0;-2.5842081827808033e-5;0.0;0.6484355326005729;0.0;0.0;0.0;0.0;0.0;0.010327307008397601;1.4670907529786223;0.0;4.960402755150946;-6.437837618077998;0.0;0.0;0.0;0.0;0.0;73.38040128558899;418.6024290516162;23.06134574388779;401.4374644423693;-0.1086997076227285
5217.0;0.0;-2.5842081827808033e-5;0.0;0.6484355326005729;0.0;0.0;0.0;0.0;0.0;0.010327307008397601;1.4670907529786223;0.0;4.960402755150946;-6.437837618077998;0.0;0.0;0.0;0.0;0.0;73.38040128558899;418.6024290516162;23.06134574388779;401.4374644423693;-0.1086997076227285
5218.0;0.0;-2.5842081827808033e-5;0.0;0.6484355326005729;0.0;0.0;0.0;0.0;0.0;0.010327307008397601;1.4670907529786223;0.0;4.960402755150946;-6.437837618077998;0.0;0.0;0.0;0.0;0.0;73.38040128558899;418.6024290516162;23.06134574388779;401.4374644423693;-0.1086997076227285
5219.0;0.0;-2.5842081827808033e-5;0.0;0.6484355326005729;0.0;0.0;0.0;0.0;0.0;0.010327307008397601;1.4670907529786223;0.0;4.960402755150946;-6.437837618077998;0.0;0.0;0.0;0.0;0.0;73.38040128558899;418.6024290516162;23.06134574388779;401.4374644423693;-0.1086997076227285
5220.0;0.0;-2.5842081827808033e-5;0.0;0.6484355326005729;0.0;0.0;0.0;0.0;0.0;0.010327307008397601;1.4670907529786223;0.0;4.960402755150946;-6.437837618077998;0.0;0.0;0.0;0.0;0.0;73.38040128558899;418.6024290516162;23.06134574388779;401.4374644423693;-0.1086997076227285
5221.0;0.0;-2.5842081827808033e-5;0.0;0.6484355326005729;0.0;0.0;0.0;0.0;0.0;0.010327307008397601;1.4670907529786223;0.0;4.960402755150946;-6.437837618077998;0.0;0.0;0.0;0.0;0.0;73.38040128558899;418.6024290516162;23.06134574388779;401.4374644423693;-0.1086997076227285
5222.0;0.0;-2.5842081827808033e-5;0.0;0.6484355326005729;0.0;0.0;0.0;0.0;0.0;0.010327307008397601;1.4670907529786223;0.0;4.960402755150946;-6.437837618077998;0.0;0.0;0.0;0.0;0.0;73.38040128558899;418.6024290516162;23.06134574388779;401.4374644423693;-0.1086997076227285
5223.0;0.0;-2.5842081827808033e-5;0.0;0.6484355326005729;0.0;0.0;0.0;0.0;0.0;0.010327307008397601;1.4670907529786223;0.0;4.960402755150946;-6.437837618077998;0.0;0.0;0.0;0.0;0.0;73.38040128558899;418.6024290516162;23.06134574388779;401.4374644423693;-0.1086997076227285
5224.0;0.0;-2.5842081827808033e-5;0.0;0.6484355326005729;0.0;0.0;0.0;0.0;0.0;0.010327307008397601;1.4670907529786223;0.0;4.960402755150946;-6.437837618077998;0.0;0.0;0.0;0.0;0.0;73.38040128558899;418.6024290516162;23.06134574388779;401.4374644423693;-0.1086997076227285
5225.0;0.0;-2.5842081827808033e-5;0.0;0.6484355326005729;0.0;0.0;0.0;0.0;0.0;0.010327307008397601;1.4670907529786223;0.0;4.960402755150946;-6.437837618077998;0.0;0.0;0.0;0.0;0.0;73.38040128558899;418.6024290516162;23.06134574388779;401.4374644423693;-0.1086997076227285
5226.0;0.0;-2.5842081827808033e-5;0.0;0.6484355326005729;0.0;0.0;0.0;0.0;0.0;0.010327307008397601;1.4670907529786223;0.0;4.960402755150946;-6.437837618077998;0.0;0.0;0.0;0.0;0.0;73.38040128558899;418.6024290516162;23.06134574388779;401.4374644423693;-0.1086997076227285
5227.0;0.0;-2.5842081827808033e-5;0.0;0.6484355326005729;0.0;0.0;0.0;0.0;0.0;0.010327307008397601;1.4670907529786223;0.0;4.960402755150946;-6.437837618077998;0.0;0.0;0.0;0.0;0.0;73.38040128558899;418.6024290516162;23.06134574388779;401.4374644423693;-0.1086997076227285
5228.0;0.0;-2.5842081827808033e-5;0.0;0.6484355326005729;0.0;0.0;0.0;0.0;0.0;0.010327307008397601;1.4670907529786223;0.0;4.960402755150946;-6.437837618077998;0.0;0.0;0.0;0.0;0.0;73.38040128558899;418.6024290516162;23.06134574388779;401.4374644423693;-0.1086997076227285
5229.0;0.0;-2.5842081827808033e-5;0.0;0.6484355326005729;0.0;0.0;0.0;0.0;0.0;0.010327307008397601;1.4670907529786223;0.0;4.960402755150946;-6.437837618077998;0.0;0.0;0.0;0.0;0.0;73.38040128558899;418.6024290516162;23.06134574388779;401.4374644423693;-0.1086997076227285
5230.0;0.0;-2.5842081827808033e-5;0.0;0.6484355326005729;0.0;0.0;0.0;0.0;0.0;0.010327307008397601;1.4670907529786223;0.0;4.960402755150946;-6.437837618077998;0.0;0.0;0.0;0.0;0.0;73.38040128558899;418.6024290516162;23.06134574388779;401.4374644423693;-0.1086997076227285
5231.0;0.0;-2.5842081827808033e-5;0.0;0.6484355326005729;0.0;0.0;0.0;0.0;0.0;0.010327307008397601;1.4670907529786223;0.0;4.960402755150946;-6.437837618077998;0.0;0.0;0.0;0.0;0.0;73.38040128558899;418.6024290516162;23.06134574388779;401.4374644423693;-0.1086997076227285
5232.0;0.0;-2.5842081827808033e-5;0.0;0.6484355326005729;0.0;0.0;0.0;0.0;0.0;0.010327307008397601;1.4670907529786223;0.0;4.960402755150946;-6.437837618077998;0.0;0.0;0.0;0.0;0.0;73.38040128558899;418.6024290516162;23.06134574388779;401.4374644423693;-0.1086997076227285
5233.0;0.0;-9.201641299297583e-5;0.0;0.6484355326005729;0.0;0.0;0.0;0.0;0.0;0.0031843296829645457;3.785775391038293;8.211562085162363e-5;1.3545807771726024;-5.143689941549868;0.0;0.0;0.0;0.0;0.0;73.38040128558899;418.6024290516162;23.06134574388779;401.4374644423693;-0.1086997076227285
5234.0;0.0;-9.201641299297583e-5;0.0;0.6484355326005729;0.0;0.0;0.0;0.0;0.0;0.0031843296829645457;3.785775391038293;8.211562085162363e-5;1.3545807771726024;-5.143689941549868;0.0;0.0;0.0;0.0;0.0;73.38040128558899;418.6024290516162;23.06134574388779;401.4374644423693;-0.1086997076227285
5235.0;0.0;-9.201641299297583e-5;0.0;0.6484355326005729;0.0;0.0;0.0;0.0;0.0;0.0031843296829645457;3.785775391038293;8.211562085162363e-5;1.3545807771726024;-5.143689941549868;0.0;0.0;0.0;0.0;0.0;73.38040128558899;418.6024290516162;23.06134574388779;401.4374644423693;-0.1086997076227285
5236.0;0.0;-9.201641299297583e-5;0.0;0.6484355326005729;0.0;0.0;0.0;0.0;0.0;0.0031843296829645457;3.785775391038293;8.211562085162363e-5;1.3545807771726024;-5.143689941549868;0.0;0.0;0.0;0.0;0.0;73.38040128558899;418.6024290516162;23.06134574388779;401.4374644423693;-0.1086997076227285
5237.0;0.0;-9.201641299297583e-5;0.0;0.6484355326005729;0.0;0.0;0.0;0.0;0.0;0.0031843296829645457;3.785775391038293;8.211562085162363e-5;1.3545807771726024;-5.143689941549868;0.0;0.0;0.0;0.0;0.0;73.38040128558899;418.6024290516162;23.06134574388779;401.4374644423693;-0.1086997076227285
5238.0;0.0;-9.201641299297583e-5;0.0;0.6484355326005729;0.0;0.0;0.0;0.0;0.0;0.0031843296829645457;3.785775391038293;8.211562085162363e-5;1.3545807771726024;-5.143689941549868;0.0;0.0;0.0;0.0;0.0;73.38040128558899;418.6024290516162;23.06134574388779;401.4374644423693;-0.1086997076227285
5239.0;0.0;-9.201641299297583e-5;0.0;0.6484355326005729;0.0;0.0;0.0;0.0;0.0;0.0031843296829645457;3.785775391038293;8.211562085162363e-5;1.3545807771726024;-5.143689941549868;0.0;0.0;0.0;0.0;0.0;73.38040128558899;418.6024290516162;23.06134574388779;401.4374644423693;-0.1086997076227285
5240.0;0.0;-9.201641299297583e-5;0.0;0.6484355326005729;0.0;0.0;0.0;0.0;0.0;0.0031843296829645457;3.785775391038293;8.211562085162363e-5;1.3545807771726024;-5.143689941549868;0.0;0.0;0.0;0.0;0.0;73.38040128558899;418.6024290516162;23.06134574388779;401.4374644423693;-0.1086997076227285
5241.0;0.0;-9.201641299297583e-5;0.0;0.6484355326005729;0.0;0.0;0.0;0.0;0.0;0.0031843296829645457;3.785775391038293;8.211562085162363e-5;1.3545807771726024;-5.143689941549868;0.0;0.0;0.0;0.0;0.0;73.38040128558899;418.6024290516162;23.06134574388779;401.4374644423693;-0.1086997076227285
5242.0;0.0;-9.201641299297583e-5;0.0;0.6484355326005729;0.0;0.0;0.0;0.0;0.0;0.0031843296829645457;3.785775391038293;8.211562085162363e-5;1.3545807771726024;-5.143689941549868;0.0;0.0;0.0;0.0;0.0;73.38040128558899;418.6024290516162;23.06134574388779;401.4374644423693;-0.1086997076227285
5243.0;0.0;-9.201641299297583e-5;0.0;0.6484355326005729;0.0;0.0;0.0;0.0;0.0;0.0031843296829645457;3.785775391038293;8.211562085162363e-5;1.3545807771726024;-5.143689941549868;0.0;0.0;0.0;0.0;0.0;73.38040128558899;418.6024290516162;23.06134574388779;401.4374644423693;-0.1086997076227285
5244.0;0.0;-9.201641299297583e-5;0.0;0.6484355326005729;0.0;0.0;0.0;0.0;0.0;0.0031843296829645457;3.785775391038293;8.211562085162363e-5;1.3545807771726024;-5.143689941549868;0.0;0.0;0.0;0.0;0.0;73.38040128558899;418.6024290516162;23.06134574388779;401.4374644423693;-0.1086997076227285
5245.0;0.0;-9.201641299297583e-5;0.0;0.6484355326005729;0.0;0.0;0.0;0.0;0.0;0.0031843296829645457;3.785775391038293;8.211562085162363e-5;1.3545807771726024;-5.143689941549868;0.0;0.0;0.0;0.0;0.0;73.38040128558899;418.6024290516162;23.06134574388779;401.4374644423693;-0.1086997076227285
5246.0;0.0;-9.201641299297583e-5;0.0;0.6484355326005729;0.0;0.0;0.0;0.0;0.0;0.0031843296829645457;3.785775391038293;8.211562085162363e-5;1.3545807771726024;-5.143689941549868;0.0;0.0;0.0;0.0;0.0;73.38040128558899;418.6024290516162;23.06134574388779;401.4374644423693;-0.1086997076227285
5247.0;0.0;-9.201641299297583e-5;0.0;0.6484355326005729;0.0;0.0;0.0;0.0;0.0;0.0031843296829645457;3.785775391038293;8.211562085162363e-5;1.3545807771726024;-5.143689941549868;0.0;0.0;0.0;0.0;0.0;73.38040128558899;418.6024290516162;23.06134574388779;401.4374644423693;-0.1086997076227285
5248.0;0.0;-9.201641299297583e-5;0.0;0.6484355326005729;0.0;0.0;0.0;0.0;0.0;0.0031843296829645457;3.785775391038293;8.211562085162363e-5;1.3545807771726024;-5.143689941549868;0.0;0.0;0.0;0.0;0.0;73.38040128558899;418.6024290516162;23.06134574388779;401.4374644423693;-0.1086997076227285
5249.0;0.0;-9.201641299297583e-5;0.0;0.6484355326005729;0.0;0.0;0.0;0.0;0.0;0.0031843296829645457;3.785775391038293;8.211562085162363e-5;1.3545807771726024;-5.143689941549868;0.0;0.0;0.0;0.0;0.0;73.38040128558899;418.6024290516162;23.06134574388779;401.4374644423693;-0.1086997076227285
5250.0;0.0;-9.201641299297583e-5;0.0;0.6484355326005729;0.0;0.0;0.0;0.0;0.0;0.0031843296829645457;3.785775391038293;8.211562085162363e-5;1.3545807771726024;-5.143689941549868;0.0;0.0;0.0;0.0;0.0;73.38040128558899;418.6024290516162;23.06134574388779;401.4374644423693;-0.1086997076227285
5251.0;0.0;-9.201641299297583e-5;0.0;0.6484355326005729;0.0;0.0;0.0;0.0;0.0;0.0031843296829645457;3.785775391038293;8.211562085162363e-5;1.3545807771726024;-5.143689941549868;0.0;0.0;0.0;0.0;0.0;73.38040128558899;418.6024290516162;23.06134574388779;401.4374644423693;-0.1086997076227285
5252.0;0.0;-9.201641299297583e-5;0.0;0.6484355326005729;0.0;0.0;0.0;0.0;0.0;0.0031843296829645457;3.785775391038293;8.211562085162363e-5;1.3545807771726024;-5.143689941549868;0.0;0.0;0.0;0.0;0.0;73.38040128558899;418.6024290516162;23.06134574388779;401.4374644423693;-0.1086997076227285
5253.0;0.0;-9.201641299297583e-5;0.0;0.6484355326005729;0.0;0.0;0.0;0.0;0.0;0.0031843296829645457;3.785775391038293;8.211562085162363e-5;1.3545807771726024;-5.143689941549868;0.0;0.0;0.0;0.0;0.0;73.38040128558899;418.6024290516162;23.06134574388779;401.4374644423693;-0.1086997076227285
5254.0;0.0;-9.201641299297583e-5;0.0;0.6484355326005729;0.0;0.0;0.0;0.0;0.0;0.0031843296829645457;3.785775391038293;8.211562085162363e-5;1.3545807771726024;-5.143689941549868;0.0;0.0;0.0;0.0;0.0;73.38040128558899;418.6024290516162;23.06134574388779;401.4374644423693;-0.1086997076227285
5255.0;0.0;-9.201641299297583e-5;0.0;0.6484355326005729;0.0;0.0;0.0;0.0;0.0;0.0031843296829645457;3.785775391038293;8.211562085162363e-5;1.3545807771726024;-5.143689941549868;0.0;0.0;0.0;0.0;0.0;73.38040128558899;418.6024290516162;23.06134574388779;401.4374644423693;-0.1086997076227285
5256.0;0.0;-9.201641299297583e-5;0.0;0.6484355326005729;0.0;0.0;0.0;0.0;0.0;0.0031843296829645457;3.785775391038293;8.211562085162363e-5;1.3545807771726024;-5.143689941549868;0.0;0.0;0.0;0.0;0.0;73.38040128558899;418.6024290516162;23.06134574388779;401.4374644423693;-0.1086997076227285
5257.0;0.0;3.2528556887030993e-5;0.0;0.6484355326005729;0.0;0.0;0.0;0.0;0.0;0.010274270722528756;4.538831046528383;0.0005872937684073557;1.9134854354318818;-6.463152519880656;0.0;0.0;0.0;0.0;0.0;73.38040128558899;418.6024290516162;23.06134574388779;401.4374644423693;-0.1086997076227285
5258.0;0.0;3.2528556887030993e-5;0.0;0.6484355326005729;0.0;0.0;0.0;0.0;0.0;0.010274270722528756;4.538831046528383;0.0005872937684073557;1.9134854354318818;-6.463152519880656;0.0;0.0;0.0;0.0;0.0;73.38040128558899;418.6024290516162;23.06134574388779;401.4374644423693;-0.1086997076227285
5259.0;0.0;3.2528556887030993e-5;0.0;0.6484355326005729;0.0;0.0;0.0;0.0;0.0;0.010274270722528756;4.538831046528383;0.0005872937684073557;1.9134854354318818;-6.463152519880656;0.0;0.0;0.0;0.0;0.0;73.38040128558899;418.6024290516162;23.06134574388779;401.4374644423693;-0.1086997076227285
5260.0;0.0;3.2528556887030993e-5;0.0;0.6484355326005729;0.0;0.0;0.0;0.0;0.0;0.010274270722528756;4.538831046528383;0.0005872937684073557;1.9134854354318818;-6.463152519880656;0.0;0.0;0.0;0.0;0.0;73.38040128558899;418.6024290516162;23.06134574388779;401.4374644423693;-0.1086997076227285
5261.0;0.0;3.2528556887030993e-5;0.0;0.6484355326005729;0.0;0.0;0.0;0.0;0.0;0.010274270722528756;4.538831046528383;0.0005872937684073557;1.9134854354318818;-6.463152519880656;0.0;0.0;0.0;0.0;0.0;73.38040128558899;418.6024290516162;23.06134574388779;401.4374644423693;-0.1086997076227285
5262.0;0.0;3.2528556887030993e-5;0.0;0.6484355326005729;0.0;0.0;0.0;0.0;0.0;0.010274270722528756;4.538831046528383;0.0005872937684073557;1.9134854354318818;-6.463152519880656;0.0;0.0;0.0;0.0;0.0;73.38040128558899;418.6024290516162;23.06134574388779;401.4374644423693;-0.1086997076227285
5263.0;0.0;3.2528556887030993e-5;0.0;0.6484355326005729;0.0;0.0;0.0;0.0;0.0;0.010274270722528756;4.538831046528383;0.0005872937684073557;1.9134854354318818;-6.463152519880656;0.0;0.0;0.0;0.0;0.0;73.38040128558899;418.6024290516162;23.06134574388779;401.4374644423693;-0.1086997076227285
5264.0;0.0;3.2528556887030993e-5;0.0;0.6484355326005729;0.0;0.0;0.0;0.0;0.0;0.010274270722528756;4.538831046528383;0.0005872937684073557;1.9134854354318818;-6.463152519880656;0.0;0.0;0.0;0.0;0.0;73.38040128558899;418.6024290516162;23.06134574388779;401.4374644423693;-0.1086997076227285
5265.0;0.0;3.2528556887030993e-5;0.0;0.6484355326005729;0.0;0.0;0.0;0.0;0.0;0.010274270722528756;4.538831046528383;0.0005872937684073557;1.9134854354318818;-6.463152519880656;0.0;0.0;0.0;0.0;0.0;73.38040128558899;418.6024290516162;23.06134574388779;401.4374644423693;-0.1086997076227285
5266.0;0.0;3.2528556887030993e-5;0.0;0.6484355326005729;0.0;0.0;0.0;0.0;0.0;0.010274270722528756;4.538831046528383;0.0005872937684073557;1.9134854354318818;-6.463152519880656;0.0;0.0;0.0;0.0;0.0;73.38040128558899;418.6024290516162;23.06134574388779;401.4374644423693;-0.1086997076227285
5267.0;0.0;3.2528556887030993e-5;0.0;0.6484355326005729;0.0;0.0;0.0;0.0;0.0;0.010274270722528756;4.538831046528383;0.0005872937684073557;1.9134854354318818;-6.463152519880656;0.0;0.0;0.0;0.0;0.0;73.38040128558899;418.6024290516162;23.06134574388779;401.4374644423693;-0.1086997076227285
5268.0;0.0;3.2528556887030993e-5;0.0;0.6484355326005729;0.0;0.0;0.0;0.0;0.0;0.010274270722528756;4.538831046528383;0.0005872937684073557;1.9134854354318818;-6.463152519880656;0.0;0.0;0.0;0.0;0.0;73.38040128558899;418.6024290516162;23.06134574388779;401.4374644423693;-0.1086997076227285
5269.0;0.0;3.2528556887030993e-5;0.0;0.6484355326005729;0.0;0.0;0.0;0.0;0.0;0.010274270722528756;4.538831046528383;0.0005872937684073557;1.9134854354318818;-6.463152519880656;0.0;0.0;0.0;0.0;0.0;73.38040128558899;418.6024290516162;23.06134574388779;401.4374644423693;-0.1086997076227285
5270.0;0.0;3.2528556887030993e-5;0.0;0.6484355326005729;0.0;0.0;0.0;0.0;0.0;0.010274270722528756;4.538831046528383;0.0005872937684073557;1.9134854354318818;-6.463152519880656;0.0;0.0;0.0;0.0;0.0;73.38040128558899;418.6024290516162;23.06134574388779;401.4374644423693;-0.1086997076227285
5271.0;0.0;3.2528556887030993e-5;0.0;0.6484355326005729;0.0;0.0;0.0;0.0;0.0;0.010274270722528756;4.538831046528383;0.0005872937684073557;1.9134854354318818;-6.463152519880656;0.0;0.0;0.0;0.0;0.0;73.38040128558899;418.6024290516162;23.06134574388779;401.4374644423693;-0.1086997076227285
5272.0;0.0;3.2528556887030993e-5;0.0;0.6484355326005729;0.0;0.0;0.0;0.0;0.0;0.010274270722528756;4.538831046528383;0.0005872937684073557;1.9134854354318818;-6.463152519880656;0.0;0.0;0.0;0.0;0.0;73.38040128558899;418.6024290516162;23.06134574388779;401.4374644423693;-0.1086997076227285
5273.0;0.0;3.2528556887030993e-5;0.0;0.6484355326005729;0.0;0.0;0.0;0.0;0.0;0.010274270722528756;4.538831046528383;0.0005872937684073557;1.9134854354318818;-6.463152519880656;0.0;0.0;0.0;0.0;0.0;73.38040128558899;418.6024290516162;23.06134574388779;401.4374644423693;-0.1086997076227285
5274.0;0.0;3.2528556887030993e-5;0.0;0.6484355326005729;0.0;0.0;0.0;0.0;0.0;0.010274270722528756;4.538831046528383;0.0005872937684073557;1.9134854354318818;-6.463152519880656;0.0;0.0;0.0;0.0;0.0;73.38040128558899;418.6024290516162;23.06134574388779;401.4374644423693;-0.1086997076227285
5275.0;0.0;3.2528556887030993e-5;0.0;0.6484355326005729;0.0;0.0;0.0;0.0;0.0;0.010274270722528756;4.538831046528383;0.0005872937684073557;1.9134854354318818;-6.463152519880656;0.0;0.0;0.0;0.0;0.0;73.38040128558899;418.6024290516162;23.06134574388779;401.4374644423693;-0.1086997076227285
5276.0;0.0;3.2528556887030993e-5;0.0;0.6484355326005729;0.0;0.0;0.0;0.0;0.0;0.010274270722528756;4.538831046528383;0.0005872937684073557;1.9134854354318818;-6.463152519880656;0.0;0.0;0.0;0.0;0.0;73.38040128558899;418.6024290516162;23.06134574388779;401.4374644423693;-0.1086997076227285
5277.0;0.0;3.2528556887030993e-5;0.0;0.6484355326005729;0.0;0.0;0.0;0.0;0.0;0.010274270722528756;4.538831046528383;0.0005872937684073557;1.9134854354318818;-6.463152519880656;0.0;0.0;0.0;0.0;0.0;73.38040128558899;418.6024290516162;23.06134574388779;401.4374644423693;-0.1086997076227285
5278.0;0.0;3.2528556887030993e-5;0.0;0.6484355326005729;0.0;0.0;0.0;0.0;0.0;0.010274270722528756;4.538831046528383;0.0005872937684073557;1.9134854354318818;-6.463152519880656;0.0;0.0;0.0;0.0;0.0;73.38040128558899;418.6024290516162;23.06134574388779;401.4374644423693;-0.1086997076227285
5279.0;0.0;3.2528556887030993e-5;0.0;0.6484355326005729;0.0;0.0;0.0;0.0;0.0;0.010274270722528756;4.538831046528383;0.0005872937684073557;1.9134854354318818;-6.463152519880656;0.0;0.0;0.0;0.0;0.0;73.38040128558899;418.6024290516162;23.06134574388779;401.4374644423693;-0.1086997076227285
5280.0;0.0;3.2528556887030993e-5;0.0;0.6484355326005729;0.0;0.0;0.0;0.0;0.0;0.010274270722528756;4.538831046528383;0.0005872937684073557;1.9134854354318818;-6.463152519880656;0.0;0.0;0.0;0.0;0.0;73.38040128558899;418.6024290516162;23.06134574388779;401.4374644423693;-0.1086997076227285
5281.0;0.0;-0.00010864417020004758;0.0;0.6484355326005729;0.0;0.0;0.0;0.0;0.0;0.004993013575309216;4.490240940780005;0.0;1.9338547702422355;-6.429159687595194;0.0;0.0;0.0;0.0;0.0;73.38040128558899;418.6024290516162;23.06134574388779;401.4374644423693;-0.1086997076227285
5282.0;0.0;-0.00010864417020004758;0.0;0.6484355326005729;0.0;0.0;0.0;0.0;0.0;0.004993013575309216;4.490240940780005;0.0;1.9338547702422355;-6.429159687595194;0.0;0.0;0.0;0.0;0.0;73.38040128558899;418.6024290516162;23.06134574388779;401.4374644423693;-0.1086997076227285
5283.0;0.0;-0.00010864417020004758;0.0;0.6484355326005729;0.0;0.0;0.0;0.0;0.0;0.004993013575309216;4.490240940780005;0.0;1.9338547702422355;-6.429159687595194;0.0;0.0;0.0;0.0;0.0;73.38040128558899;418.6024290516162;23.06134574388779;401.4374644423693;-0.1086997076227285
5284.0;0.0;-0.00010864417020004758;0.0;0.6484355326005729;0.0;0.0;0.0;0.0;0.0;0.004993013575309216;4.490240940780005;0.0;1.9338547702422355;-6.429159687595194;0.0;0.0;0.0;0.0;0.0;73.38040128558899;418.6024290516162;23.06134574388779;401.4374644423693;-0.1086997076227285
5285.0;0.0;-0.00010864417020004758;0.0;0.6484355326005729;0.0;0.0;0.0;0.0;0.0;0.004993013575309216;4.490240940780005;0.0;1.9338547702422355;-6.429159687595194;0.0;0.0;0.0;0.0;0.0;73.38040128558899;418.6024290516162;23.06134574388779;401.4374644423693;-0.1086997076227285
5286.0;0.0;-0.00010864417020004758;0.0;0.6484355326005729;0.0;0.0;0.0;0.0;0.0;0.004993013575309216;4.490240940780005;0.0;1.9338547702422355;-6.429159687595194;0.0;0.0;0.0;0.0;0.0;73.38040128558899;418.6024290516162;23.06134574388779;401.4374644423693;-0.1086997076227285
5287.0;0.0;-0.00010864417020004758;0.0;0.6484355326005729;0.0;0.0;0.0;0.0;0.0;0.004993013575309216;4.490240940780005;0.0;1.9338547702422355;-6.429159687595194;0.0;0.0;0.0;0.0;0.0;73.38040128558899;418.6024290516162;23.06134574388779;401.4374644423693;-0.1086997076227285
5288.0;0.0;-0.00010864417020004758;0.0;0.6484355326005729;0.0;0.0;0.0;0.0;0.0;0.004993013575309216;4.490240940780005;0.0;1.9338547702422355;-6.429159687595194;0.0;0.0;0.0;0.0;0.0;73.38040128558899;418.6024290516162;23.06134574388779;401.4374644423693;-0.1086997076227285
5289.0;0.0;-0.00010864417020004758;0.0;0.6484355326005729;0.0;0.0;0.0;0.0;0.0;0.004993013575309216;4.490240940780005;0.0;1.9338547702422355;-6.429159687595194;0.0;0.0;0.0;0.0;0.0;73.38040128558899;418.6024290516162;23.06134574388779;401.4374644423693;-0.1086997076227285
5290.0;0.0;-0.00010864417020004758;0.0;0.6484355326005729;0.0;0.0;0.0;0.0;0.0;0.004993013575309216;4.490240940780005;0.0;1.9338547702422355;-6.429159687595194;0.0;0.0;0.0;0.0;0.0;73.38040128558899;418.6024290516162;23.06134574388779;401.4374644423693;-0.1086997076227285
5291.0;0.0;-0.00010864417020004758;0.0;0.6484355326005729;0.0;0.0;0.0;0.0;0.0;0.004993013575309216;4.490240940780005;0.0;1.9338547702422355;-6.429159687595194;0.0;0.0;0.0;0.0;0.0;73.38040128558899;418.6024290516162;23.06134574388779;401.4374644423693;-0.1086997076227285
5292.0;0.0;-0.00010864417020004758;0.0;0.6484355326005729;0.0;0.0;0.0;0.0;0.0;0.004993013575309216;4.490240940780005;0.0;1.9338547702422355;-6.429159687595194;0.0;0.0;0.0;0.0;0.0;73.38040128558899;418.6024290516162;23.06134574388779;401.4374644423693;-0.1086997076227285
5293.0;0.0;-0.00010864417020004758;0.0;0.6484355326005729;0.0;0.0;0.0;0.0;0.0;0.004993013575309216;4.490240940780005;0.0;1.9338547702422355;-6.429159687595194;0.0;0.0;0.0;0.0;0.0;73.38040128558899;418.6024290516162;23.06134574388779;401.4374644423693;-0.1086997076227285
5294.0;0.0;-0.00010864417020004758;0.0;0.6484355326005729;0.0;0.0;0.0;0.0;0.0;0.004993013575309216;4.490240940780005;0.0;1.9338547702422355;-6.429159687595194;0.0;0.0;0.0;0.0;0.0;73.38040128558899;418.6024290516162;23.06134574388779;401.4374644423693;-0.1086997076227285
5295.0;0.0;-0.00010864417020004758;0.0;0.6484355326005729;0.0;0.0;0.0;0.0;0.0;0.004993013575309216;4.490240940780005;0.0;1.9338547702422355;-6.429159687595194;0.0;0.0;0.0;0.0;0.0;73.38040128558899;418.6024290516162;23.06134574388779;401.4374644423693;-0.1086997076227285
5296.0;0.0;-0.00010864417020004758;0.0;0.6484355326005729;0.0;0.0;0.0;0.0;0.0;0.004993013575309216;4.490240940780005;0.0;1.9338547702422355;-6.429159687595194;0.0;0.0;0.0;0.0;0.0;73.38040128558899;418.6024290516162;23.06134574388779;401.4374644423693;-0.1086997076227285
5297.0;0.0;-0.00010864417020004758;0.0;0.6484355326005729;0.0;0.0;0.0;0.0;0.0;0.004993013575309216;4.490240940780005;0.0;1.9338547702422355;-6.429159687595194;0.0;0.0;0.0;0.0;0.0;73.38040128558899;418.6024290516162;23.06134574388779;401.4374644423693;-0.1086997076227285
5298.0;0.0;-0.00010864417020004758;0.0;0.6484355326005729;0.0;0.0;0.0;0.0;0.0;0.004993013575309216;4.490240940780005;0.0;1.9338547702422355;-6.429159687595194;0.0;0.0;0.0;0.0;0.0;73.38040128558899;418.6024290516162;23.06134574388779;401.4374644423693;-0.1086997076227285
5299.0;0.0;-0.00010864417020004758;0.0;0.6484355326005729;0.0;0.0;0.0;0.0;0.0;0.004993013575309216;4.490240940780005;0.0;1.9338547702422355;-6.429159687595194;0.0;0.0;0.0;0.0;0.0;73.38040128558899;418.6024290516162;23.06134574388779;401.4374644423693;-0.1086997076227285
5300.0;0.0;-0.00010864417020004758;0.0;0.6484355326005729;0.0;0.0;0.0;0.0;0.0;0.004993013575309216;4.490240940780005;0.0;1.9338547702422355;-6.429159687595194;0.0;0.0;0.0;0.0;0.0;73.38040128558899;418.6024290516162;23.06134574388779;401.4374644423693;-0.1086997076227285
5301.0;0.0;-0.00010864417020004758;0.0;0.6484355326005729;0.0;0.0;0.0;0.0;0.0;0.004993013575309216;4.490240940780005;0.0;1.9338547702422355;-6.429159687595194;0.0;0.0;0.0;0.0;0.0;73.38040128558899;418.6024290516162;23.06134574388779;401.4374644423693;-0.1086997076227285
5302.0;0.0;-0.00010864417020004758;0.0;0.6484355326005729;0.0;0.0;0.0;0.0;0.0;0.004993013575309216;4.490240940780005;0.0;1.9338547702422355;-6.429159687595194;0.0;0.0;0.0;0.0;0.0;73.38040128558899;418.6024290516162;23.06134574388779;401.4374644423693;-0.1086997076227285
5303.0;0.0;-0.00010864417020004758;0.0;0.6484355326005729;0.0;0.0;0.0;0.0;0.0;0.004993013575309216;4.490240940780005;0.0;1.9338547702422355;-6.429159687595194;0.0;0.0;0.0;0.0;0.0;73.38040128558899;418.6024290516162;23.06134574388779;401.4374644423693;-0.1086997076227285
5304.0;0.0;-0.00010864417020004758;0.0;0.6484355326005729;0.0;0.0;0.0;0.0;0.0;0.004993013575309216;4.490240940780005;0.0;1.9338547702422355;-6.429159687595194;0.0;0.0;0.0;0.0;0.0;73.38040128558899;418.6024290516162;23.06134574388779;401.4374644423693;-0.1086997076227285
5305.0;0.0;-0.0009910940021999701;0.0;0.6484355326005729;0.0;0.0;0.0;0.0;0.0;0.020363703464030738;3.6299938647239336;0.0;1.1195189350903405;-4.770089731103837;0.0;0.0;0.0;0.0;0.0;73.38040128558899;418.6024290516162;23.06134574388779;401.4374644423693;-0.1086997076227285
5306.0;0.0;-0.0009910940021999701;0.0;0.6484355326005729;0.0;0.0;0.0;0.0;0.0;0.020363703464030738;3.6299938647239336;0.0;1.1195189350903405;-4.770089731103837;0.0;0.0;0.0;0.0;0.0;73.38040128558899;418.6024290516162;23.06134574388779;401.4374644423693;-0.1086997076227285
5307.0;0.0;-0.0009910940021999701;0.0;0.6484355326005729;0.0;0.0;0.0;0.0;0.0;0.020363703464030738;3.6299938647239336;0.0;1.1195189350903405;-4.770089731103837;0.0;0.0;0.0;0.0;0.0;73.38040128558899;418.6024290516162;23.06134574388779;401.4374644423693;-0.1086997076227285
5308.0;0.0;-0.0009910940021999701;0.0;0.6484355326005729;0.0;0.0;0.0;0.0;0.0;0.020363703464030738;3.6299938647239336;0.0;1.1195189350903405;-4.770089731103837;0.0;0.0;0.0;0.0;0.0;73.38040128558899;418.6024290516162;23.06134574388779;401.4374644423693;-0.1086997076227285
5309.0;0.0;-0.0009910940021999701;0.0;0.6484355326005729;0.0;0.0;0.0;0.0;0.0;0.020363703464030738;3.6299938647239336;0.0;1.1195189350903405;-4.770089731103837;0.0;0.0;0.0;0.0;0.0;73.38040128558899;418.6024290516162;23.06134574388779;401.4374644423693;-0.1086997076227285
5310.0;0.0;-0.0009910940021999701;0.0;0.6484355326005729;0.0;0.0;0.0;0.0;0.0;0.020363703464030738;3.6299938647239336;0.0;1.1195189350903405;-4.770089731103837;0.0;0.0;0.0;0.0;0.0;73.38040128558899;418.6024290516162;23.06134574388779;401.4374644423693;-0.1086997076227285
5311.0;0.0;-0.0009910940021999701;0.0;0.6484355326005729;0.0;0.0;0.0;0.0;0.0;0.020363703464030738;3.6299938647239336;0.0;1.1195189350903405;-4.770089731103837;0.0;0.0;0.0;0.0;0.0;73.38040128558899;418.6024290516162;23.06134574388779;401.4374644423693;-0.1086997076227285
5312.0;0.0;-0.0009910940021999701;0.0;0.6484355326005729;0.0;0.0;0.0;0.0;0.0;0.020363703464030738;3.6299938647239336;0.0;1.1195189350903405;-4.770089731103837;0.0;0.0;0.0;0.0;0.0;73.38040128558899;418.6024290516162;23.06134574388779;401.4374644423693;-0.1086997076227285
5313.0;0.0;-0.0009910940021999701;0.0;0.6484355326005729;0.0;0.0;0.0;0.0;0.0;0.020363703464030738;3.6299938647239336;0.0;1.1195189350903405;-4.770089731103837;0.0;0.0;0.0;0.0;0.0;73.38040128558899;418.6024290516162;23.06134574388779;401.4374644423693;-0.1086997076227285
5314.0;0.0;-0.0009910940021999701;0.0;0.6484355326005729;0.0;0.0;0.0;0.0;0.0;0.020363703464030738;3.6299938647239336;0.0;1.1195189350903405;-4.770089731103837;0.0;0.0;0.0;0.0;0.0;73.38040128558899;418.6024290516162;23.06134574388779;401.4374644423693;-0.1086997076227285
5315.0;0.0;-0.0009910940021999701;0.0;0.6484355326005729;0.0;0.0;0.0;0.0;0.0;0.020363703464030738;3.6299938647239336;0.0;1.1195189350903405;-4.770089731103837;0.0;0.0;0.0;0.0;0.0;73.38040128558899;418.6024290516162;23.06134574388779;401.4374644423693;-0.1086997076227285
5316.0;0.0;-0.0009910940021999701;0.0;0.6484355326005729;0.0;0.0;0.0;0.0;0.0;0.020363703464030738;3.6299938647239336;0.0;1.1195189350903405;-4.770089731103837;0.0;0.0;0.0;0.0;0.0;73.38040128558899;418.6024290516162;23.06134574388779;401.4374644423693;-0.1086997076227285
5317.0;0.0;-0.0009910940021999701;0.0;0.6484355326005729;0.0;0.0;0.0;0.0;0.0;0.020363703464030738;3.6299938647239336;0.0;1.1195189350903405;-4.770089731103837;0.0;0.0;0.0;0.0;0.0;73.38040128558899;418.6024290516162;23.06134574388779;401.4374644423693;-0.1086997076227285
5318.0;0.0;-0.0009910940021999701;0.0;0.6484355326005729;0.0;0.0;0.0;0.0;0.0;0.020363703464030738;3.6299938647239336;0.0;1.1195189350903405;-4.770089731103837;0.0;0.0;0.0;0.0;0.0;73.38040128558899;418.6024290516162;23.06134574388779;401.4374644423693;-0.1086997076227285
5319.0;0.0;-0.0009910940021999701;0.0;0.6484355326005729;0.0;0.0;0.0;0.0;0.0;0.020363703464030738;3.6299938647239336;0.0;1.1195189350903405;-4.770089731103837;0.0;0.0;0.0;0.0;0.0;73.38040128558899;418.6024290516162;23.06134574388779;401.4374644423693;-0.1086997076227285
5320.0;0.0;-0.0009910940021999701;0.0;0.6484355326005729;0.0;0.0;0.0;0.0;0.0;0.020363703464030738;3.6299938647239336;0.0;1.1195189350903405;-4.770089731103837;0.0;0.0;0.0;0.0;0.0;73.38040128558899;418.6024290516162;23.06134574388779;401.4374644423693;-0.1086997076227285
5321.0;0.0;-0.0009910940021999701;0.0;0.6484355326005729;0.0;0.0;0.0;0.0;0.0;0.020363703464030738;3.6299938647239336;0.0;1.1195189350903405;-4.770089731103837;0.0;0.0;0.0;0.0;0.0;73.38040128558899;418.6024290516162;23.06134574388779;401.4374644423693;-0.1086997076227285
5322.0;0.0;-0.0009910940021999701;0.0;0.6484355326005729;0.0;0.0;0.0;0.0;0.0;0.020363703464030738;3.6299938647239336;0.0;1.1195189350903405;-4.770089731103837;0.0;0.0;0.0;0.0;0.0;73.38040128558899;418.6024290516162;23.06134574388779;401.4374644423693;-0.1086997076227285
5323.0;0.0;-0.0009910940021999701;0.0;0.6484355326005729;0.0;0.0;0.0;0.0;0.0;0.020363703464030738;3.6299938647239336;0.0;1.1195189350903405;-4.770089731103837;0.0;0.0;0.0;0.0;0.0;73.38040128558899;418.6024290516162;23.06134574388779;401.4374644423693;-0.1086997076227285
5324.0;0.0;-0.0009910940021999701;0.0;0.6484355326005729;0.0;0.0;0.0;0.0;0.0;0.020363703464030738;3.6299938647239336;0.0;1.1195189350903405;-4.770089731103837;0.0;0.0;0.0;0.0;0.0;73.38040128558899;418.6024290516162;23.06134574388779;401.4374644423693;-0.1086997076227285
5325.0;0.0;-0.0009910940021999701;0.0;0.6484355326005729;0.0;0.0;0.0;0.0;0.0;0.020363703464030738;3.6299938647239336;0.0;1.1195189350903405;-4.770089731103837;0.0;0.0;0.0;0.0;0.0;73.38040128558899;418.6024290516162;23.06134574388779;401.4374644423693;-0.1086997076227285
5326.0;0.0;-0.0009910940021999701;0.0;0.6484355326005729;0.0;0.0;0.0;0.0;0.0;0.020363703464030738;3.6299938647239336;0.0;1.1195189350903405;-4.770089731103837;0.0;0.0;0.0;0.0;0.0;73.38040128558899;418.6024290516162;23.06134574388779;401.4374644423693;-0.1086997076227285
5327.0;0.0;-0.0009910940021999701;0.0;0.6484355326005729;0.0;0.0;0.0;0.0;0.0;0.020363703464030738;3.6299938647239336;0.0;1.1195189350903405;-4.770089731103837;0.0;0.0;0.0;0.0;0.0;73.38040128558899;418.6024290516162;23.06134574388779;401.4374644423693;-0.1086997076227285
5328.0;0.0;-0.0009910940021999701;0.0;0.6484355326005729;0.0;0.0;0.0;0.0;0.0;0.020363703464030738;3.6299938647239336;0.0;1.1195189350903405;-4.770089731103837;0.0;0.0;0.0;0.0;0.0;73.38040128558899;418.6024290516162;23.06134574388779;401.4374644423693;-0.1086997076227285
5329.0;0.0;-0.0001247971619504212;0.0;0.6484355326005729;0.0;0.0;0.0;0.0;0.0;0.00019723752555453862;4.552100220022049;0.0;2.0355256320041923;-6.587892082435382;0.0;0.0;0.0;0.0;0.0;73.38040128558899;418.6024290516162;23.06134574388779;401.4374644423693;-0.1086997076227285
5330.0;0.0;-0.0001247971619504212;0.0;0.6484355326005729;0.0;0.0;0.0;0.0;0.0;0.00019723752555453862;4.552100220022049;0.0;2.0355256320041923;-6.587892082435382;0.0;0.0;0.0;0.0;0.0;73.38040128558899;418.6024290516162;23.06134574388779;401.4374644423693;-0.1086997076227285
5331.0;0.0;-0.0001247971619504212;0.0;0.6484355326005729;0.0;0.0;0.0;0.0;0.0;0.00019723752555453862;4.552100220022049;0.0;2.0355256320041923;-6.587892082435382;0.0;0.0;0.0;0.0;0.0;73.38040128558899;418.6024290516162;23.06134574388779;401.4374644423693;-0.1086997076227285
5332.0;0.0;-0.0001247971619504212;0.0;0.6484355326005729;0.0;0.0;0.0;0.0;0.0;0.00019723752555453862;4.552100220022049;0.0;2.0355256320041923;-6.587892082435382;0.0;0.0;0.0;0.0;0.0;73.38040128558899;418.6024290516162;23.06134574388779;401.4374644423693;-0.1086997076227285
5333.0;0.0;-0.0001247971619504212;0.0;0.6484355326005729;0.0;0.0;0.0;0.0;0.0;0.00019723752555453862;4.552100220022049;0.0;2.0355256320041923;-6.587892082435382;0.0;0.0;0.0;0.0;0.0;73.38040128558899;418.6024290516162;23.06134574388779;401.4374644423693;-0.1086997076227285
5334.0;0.0;-0.0001247971619504212;0.0;0.6484355326005729;0.0;0.0;0.0;0.0;0.0;0.00019723752555453862;4.552100220022049;0.0;2.0355256320041923;-6.587892082435382;0.0;0.0;0.0;0.0;0.0;73.38040128558899;418.6024290516162;23.06134574388779;401.4374644423693;-0.1086997076227285
5335.0;0.0;-0.0001247971619504212;0.0;0.6484355326005729;0.0;0.0;0.0;0.0;0.0;0.00019723752555453862;4.552100220022049;0.0;2.0355256320041923;-6.587892082435382;0.0;0.0;0.0;0.0;0.0;73.38040128558899;418.6024290516162;23.06134574388779;401.4374644423693;-0.1086997076227285
5336.0;0.0;-0.0001247971619504212;0.0;0.6484355326005729;0.0;0.0;0.0;0.0;0.0;0.00019723752555453862;4.552100220022049;0.0;2.0355256320041923;-6.587892082435382;0.0;0.0;0.0;0.0;0.0;73.38040128558899;418.6024290516162;23.06134574388779;401.4374644423693;-0.1086997076227285
5337.0;0.0;-0.0001247971619504212;0.0;0.6484355326005729;0.0;0.0;0.0;0.0;0.0;0.00019723752555453862;4.552100220022049;0.0;2.0355256320041923;-6.587892082435382;0.0;0.0;0.0;0.0;0.0;73.38040128558899;418.6024290516162;23.06134574388779;401.4374644423693;-0.1086997076227285
5338.0;0.0;-0.0001247971619504212;0.0;0.6484355326005729;0.0;0.0;0.0;0.0;0.0;0.00019723752555453862;4.552100220022049;0.0;2.0355256320041923;-6.587892082435382;0.0;0.0;0.0;0.0;0.0;73.38040128558899;418.6024290516162;23.06134574388779;401.4374644423693;-0.1086997076227285
5339.0;0.0;-0.0001247971619504212;0.0;0.6484355326005729;0.0;0.0;0.0;0.0;0.0;0.00019723752555453862;4.552100220022049;0.0;2.0355256320041923;-6.587892082435382;0.0;0.0;0.0;0.0;0.0;73.38040128558899;418.6024290516162;23.06134574388779;401.4374644423693;-0.1086997076227285
5340.0;0.0;-0.0001247971619504212;0.0;0.6484355326005729;0.0;0.0;0.0;0.0;0.0;0.00019723752555453862;4.552100220022049;0.0;2.0355256320041923;-6.587892082435382;0.0;0.0;0.0;0.0;0.0;73.38040128558899;418.6024290516162;23.06134574388779;401.4374644423693;-0.1086997076227285
5341.0;0.0;-0.0001247971619504212;0.0;0.6484355326005729;0.0;0.0;0.0;0.0;0.0;0.00019723752555453862;4.552100220022049;0.0;2.0355256320041923;-6.587892082435382;0.0;0.0;0.0;0.0;0.0;73.38040128558899;418.6024290516162;23.06134574388779;401.4374644423693;-0.1086997076227285
5342.0;0.0;-0.0001247971619504212;0.0;0.6484355326005729;0.0;0.0;0.0;0.0;0.0;0.00019723752555453862;4.552100220022049;0.0;2.0355256320041923;-6.587892082435382;0.0;0.0;0.0;0.0;0.0;73.38040128558899;418.6024290516162;23.06134574388779;401.4374644423693;-0.1086997076227285
5343.0;0.0;-0.0001247971619504212;0.0;0.6484355326005729;0.0;0.0;0.0;0.0;0.0;0.00019723752555453862;4.552100220022049;0.0;2.0355256320041923;-6.587892082435382;0.0;0.0;0.0;0.0;0.0;73.38040128558899;418.6024290516162;23.06134574388779;401.4374644423693;-0.1086997076227285
5344.0;0.0;-0.0001247971619504212;0.0;0.6484355326005729;0.0;0.0;0.0;0.0;0.0;0.00019723752555453862;4.552100220022049;0.0;2.0355256320041923;-6.587892082435382;0.0;0.0;0.0;0.0;0.0;73.38040128558899;418.6024290516162;23.06134574388779;401.4374644423693;-0.1086997076227285
5345.0;0.0;-0.0001247971619504212;0.0;0.6484355326005729;0.0;0.0;0.0;0.0;0.0;0.00019723752555453862;4.552100220022049;0.0;2.0355256320041923;-6.587892082435382;0.0;0.0;0.0;0.0;0.0;73.38040128558899;418.6024290516162;23.06134574388779;401.4374644423693;-0.1086997076227285
5346.0;0.0;-0.0001247971619504212;0.0;0.6484355326005729;0.0;0.0;0.0;0.0;0.0;0.00019723752555453862;4.552100220022049;0.0;2.0355256320041923;-6.587892082435382;0.0;0.0;0.0;0.0;0.0;73.38040128558899;418.6024290516162;23.06134574388779;401.4374644423693;-0.1086997076227285
5347.0;0.0;-0.0001247971619504212;0.0;0.6484355326005729;0.0;0.0;0.0;0.0;0.0;0.00019723752555453862;4.552100220022049;0.0;2.0355256320041923;-6.587892082435382;0.0;0.0;0.0;0.0;0.0;73.38040128558899;418.6024290516162;23.06134574388779;401.4374644423693;-0.1086997076227285
5348.0;0.0;-0.0001247971619504212;0.0;0.6484355326005729;0.0;0.0;0.0;0.0;0.0;0.00019723752555453862;4.552100220022049;0.0;2.0355256320041923;-6.587892082435382;0.0;0.0;0.0;0.0;0.0;73.38040128558899;418.6024290516162;23.06134574388779;401.4374644423693;-0.1086997076227285
5349.0;0.0;-0.0001247971619504212;0.0;0.6484355326005729;0.0;0.0;0.0;0.0;0.0;0.00019723752555453862;4.552100220022049;0.0;2.0355256320041923;-6.587892082435382;0.0;0.0;0.0;0.0;0.0;73.38040128558899;418.6024290516162;23.06134574388779;401.4374644423693;-0.1086997076227285
5350.0;0.0;-0.0001247971619504212;0.0;0.6484355326005729;0.0;0.0;0.0;0.0;0.0;0.00019723752555453862;4.552100220022049;0.0;2.0355256320041923;-6.587892082435382;0.0;0.0;0.0;0.0;0.0;73.38040128558899;418.6024290516162;23.06134574388779;401.4374644423693;-0.1086997076227285
5351.0;0.0;-0.0001247971619504212;0.0;0.6484355326005729;0.0;0.0;0.0;0.0;0.0;0.00019723752555453862;4.552100220022049;0.0;2.0355256320041923;-6.587892082435382;0.0;0.0;0.0;0.0;0.0;73.38040128558899;418.6024290516162;23.06134574388779;401.4374644423693;-0.1086997076227285
5352.0;0.0;-0.0001247971619504212;0.0;0.6484355326005729;0.0;0.0;0.0;0.0;0.0;0.00019723752555453862;4.552100220022049;0.0;2.0355256320041923;-6.587892082435382;0.0;0.0;0.0;0.0;0.0;73.38040128558899;418.6024290516162;23.06134574388779;401.4374644423693;-0.1086997076227285
5353.0;0.0;-7.403874751002572e-5;0.0;0.6484355326005729;0.0;0.0;0.0;0.0;0.0;0.000478871757144192;3.0342093410004978;0.0;3.7397140755652805;-6.774439338426266;0.0;0.0;0.0;0.0;0.0;73.38040128558899;418.6024290516162;23.06134574388779;401.4374644423693;-0.1086997076227285
5354.0;0.0;-7.403874751002572e-5;0.0;0.6484355326005729;0.0;0.0;0.0;0.0;0.0;0.000478871757144192;3.0342093410004978;0.0;3.7397140755652805;-6.774439338426266;0.0;0.0;0.0;0.0;0.0;73.38040128558899;418.6024290516162;23.06134574388779;401.4374644423693;-0.1086997076227285
5355.0;0.0;-7.403874751002572e-5;0.0;0.6484355326005729;0.0;0.0;0.0;0.0;0.0;0.000478871757144192;3.0342093410004978;0.0;3.7397140755652805;-6.774439338426266;0.0;0.0;0.0;0.0;0.0;73.38040128558899;418.6024290516162;23.06134574388779;401.4374644423693;-0.1086997076227285
5356.0;0.0;-7.403874751002572e-5;0.0;0.6484355326005729;0.0;0.0;0.0;0.0;0.0;0.000478871757144192;3.0342093410004978;0.0;3.7397140755652805;-6.774439338426266;0.0;0.0;0.0;0.0;0.0;73.38040128558899;418.6024290516162;23.06134574388779;401.4374644423693;-0.1086997076227285
5357.0;0.0;-7.403874751002572e-5;0.0;0.6484355326005729;0.0;0.0;0.0;0.0;0.0;0.000478871757144192;3.0342093410004978;0.0;3.7397140755652805;-6.774439338426266;0.0;0.0;0.0;0.0;0.0;73.38040128558899;418.6024290516162;23.06134574388779;401.4374644423693;-0.1086997076227285
5358.0;0.0;-7.403874751002572e-5;0.0;0.6484355326005729;0.0;0.0;0.0;0.0;0.0;0.000478871757144192;3.0342093410004978;0.0;3.7397140755652805;-6.774439338426266;0.0;0.0;0.0;0.0;0.0;73.38040128558899;418.6024290516162;23.06134574388779;401.4374644423693;-0.1086997076227285
5359.0;0.0;-7.403874751002572e-5;0.0;0.6484355326005729;0.0;0.0;0.0;0.0;0.0;0.000478871757144192;3.0342093410004978;0.0;3.7397140755652805;-6.774439338426266;0.0;0.0;0.0;0.0;0.0;73.38040128558899;418.6024290516162;23.06134574388779;401.4374644423693;-0.1086997076227285
5360.0;0.0;-7.403874751002572e-5;0.0;0.6484355326005729;0.0;0.0;0.0;0.0;0.0;0.000478871757144192;3.0342093410004978;0.0;3.7397140755652805;-6.774439338426266;0.0;0.0;0.0;0.0;0.0;73.38040128558899;418.6024290516162;23.06134574388779;401.4374644423693;-0.1086997076227285
5361.0;0.0;-7.403874751002572e-5;0.0;0.6484355326005729;0.0;0.0;0.0;0.0;0.0;0.000478871757144192;3.0342093410004978;0.0;3.7397140755652805;-6.774439338426266;0.0;0.0;0.0;0.0;0.0;73.38040128558899;418.6024290516162;23.06134574388779;401.4374644423693;-0.1086997076227285
5362.0;0.0;-7.403874751002572e-5;0.0;0.6484355326005729;0.0;0.0;0.0;0.0;0.0;0.000478871757144192;3.0342093410004978;0.0;3.7397140755652805;-6.774439338426266;0.0;0.0;0.0;0.0;0.0;73.38040128558899;418.6024290516162;23.06134574388779;401.4374644423693;-0.1086997076227285
5363.0;0.0;-7.403874751002572e-5;0.0;0.6484355326005729;0.0;0.0;0.0;0.0;0.0;0.000478871757144192;3.0342093410004978;0.0;3.7397140755652805;-6.774439338426266;0.0;0.0;0.0;0.0;0.0;73.38040128558899;418.6024290516162;23.06134574388779;401.4374644423693;-0.1086997076227285
5364.0;0.0;-7.403874751002572e-5;0.0;0.6484355326005729;0.0;0.0;0.0;0.0;0.0;0.000478871757144192;3.0342093410004978;0.0;3.7397140755652805;-6.774439338426266;0.0;0.0;0.0;0.0;0.0;73.38040128558899;418.6024290516162;23.06134574388779;401.4374644423693;-0.1086997076227285
5365.0;0.0;-7.403874751002572e-5;0.0;0.6484355326005729;0.0;0.0;0.0;0.0;0.0;0.000478871757144192;3.0342093410004978;0.0;3.7397140755652805;-6.774439338426266;0.0;0.0;0.0;0.0;0.0;73.38040128558899;418.6024290516162;23.06134574388779;401.4374644423693;-0.1086997076227285
5366.0;0.0;-7.403874751002572e-5;0.0;0.6484355326005729;0.0;0.0;0.0;0.0;0.0;0.000478871757144192;3.0342093410004978;0.0;3.7397140755652805;-6.774439338426266;0.0;0.0;0.0;0.0;0.0;73.38040128558899;418.6024290516162;23.06134574388779;401.4374644423693;-0.1086997076227285
5367.0;0.0;-7.403874751002572e-5;0.0;0.6484355326005729;0.0;0.0;0.0;0.0;0.0;0.000478871757144192;3.0342093410004978;0.0;3.7397140755652805;-6.774439338426266;0.0;0.0;0.0;0.0;0.0;73.38040128558899;418.6024290516162;23.06134574388779;401.4374644423693;-0.1086997076227285
5368.0;0.0;-7.403874751002572e-5;0.0;0.6484355326005729;0.0;0.0;0.0;0.0;0.0;0.000478871757144192;3.0342093410004978;0.0;3.7397140755652805;-6.774439338426266;0.0;0.0;0.0;0.0;0.0;73.38040128558899;418.6024290516162;23.06134574388779;401.4374644423693;-0.1086997076227285
5369.0;0.0;-7.403874751002572e-5;0.0;0.6484355326005729;0.0;0.0;0.0;0.0;0.0;0.000478871757144192;3.0342093410004978;0.0;3.7397140755652805;-6.774439338426266;0.0;0.0;0.0;0.0;0.0;73.38040128558899;418.6024290516162;23.06134574388779;401.4374644423693;-0.1086997076227285
5370.0;0.0;-7.403874751002572e-5;0.0;0.6484355326005729;0.0;0.0;0.0;0.0;0.0;0.000478871757144192;3.0342093410004978;0.0;3.7397140755652805;-6.774439338426266;0.0;0.0;0.0;0.0;0.0;73.38040128558899;418.6024290516162;23.06134574388779;401.4374644423693;-0.1086997076227285
5371.0;0.0;-7.403874751002572e-5;0.0;0.6484355326005729;0.0;0.0;0.0;0.0;0.0;0.000478871757144192;3.0342093410004978;0.0;3.7397140755652805;-6.774439338426266;0.0;0.0;0.0;0.0;0.0;73.38040128558899;418.6024290516162;23.06134574388779;401.4374644423693;-0.1086997076227285
5372.0;0.0;-7.403874751002572e-5;0.0;0.6484355326005729;0.0;0.0;0.0;0.0;0.0;0.000478871757144192;3.0342093410004978;0.0;3.7397140755652805;-6.774439338426266;0.0;0.0;0.0;0.0;0.0;73.38040128558899;418.6024290516162;23.06134574388779;401.4374644423693;-0.1086997076227285
5373.0;0.0;-7.403874751002572e-5;0.0;0.6484355326005729;0.0;0.0;0.0;0.0;0.0;0.000478871757144192;3.0342093410004978;0.0;3.7397140755652805;-6.774439338426266;0.0;0.0;0.0;0.0;0.0;73.38040128558899;418.6024290516162;23.06134574388779;401.4374644423693;-0.1086997076227285
5374.0;0.0;-7.403874751002572e-5;0.0;0.6484355326005729;0.0;0.0;0.0;0.0;0.0;0.000478871757144192;3.0342093410004978;0.0;3.7397140755652805;-6.774439338426266;0.0;0.0;0.0;0.0;0.0;73.38040128558899;418.6024290516162;23.06134574388779;401.4374644423693;-0.1086997076227285
5375.0;0.0;-7.403874751002572e-5;0.0;0.6484355326005729;0.0;0.0;0.0;0.0;0.0;0.000478871757144192;3.0342093410004978;0.0;3.7397140755652805;-6.774439338426266;0.0;0.0;0.0;0.0;0.0;73.38040128558899;418.6024290516162;23.06134574388779;401.4374644423693;-0.1086997076227285
5376.0;0.0;-7.403874751002572e-5;0.0;0.6484355326005729;0.0;0.0;0.0;0.0;0.0;0.000478871757144192;3.0342093410004978;0.0;3.7397140755652805;-6.774439338426266;0.0;0.0;0.0;0.0;0.0;73.38040128558899;418.6024290516162;23.06134574388779;401.4374644423693;-0.1086997076227285
5377.0;0.0;4.1036461515903454e-5;0.0;0.992318802112822;0.0;0.0;0.0;0.0;0.0;0.0025330610046514976;1.63899069971841;0.0;5.006635555454109;-6.64812946723935;0.0;0.0;0.0;0.0;0.0;85.60219259481818;427.2702131502628;0.0;412.50935462653956;-0.13309900717468642
5378.0;0.0;4.1036461515903454e-5;0.0;0.992318802112822;0.0;0.0;0.0;0.0;0.0;0.0025330610046514976;1.63899069971841;0.0;5.006635555454109;-6.64812946723935;0.0;0.0;0.0;0.0;0.0;85.60219259481818;427.2702131502628;0.0;412.50935462653956;-0.13309900717468642
5379.0;0.0;4.1036461515903454e-5;0.0;0.992318802112822;0.0;0.0;0.0;0.0;0.0;0.0025330610046514976;1.63899069971841;0.0;5.006635555454109;-6.64812946723935;0.0;0.0;0.0;0.0;0.0;85.60219259481818;427.2702131502628;0.0;412.50935462653956;-0.13309900717468642
5380.0;0.0;4.1036461515903454e-5;0.0;0.992318802112822;0.0;0.0;0.0;0.0;0.0;0.0025330610046514976;1.63899069971841;0.0;5.006635555454109;-6.64812946723935;0.0;0.0;0.0;0.0;0.0;85.60219259481818;427.2702131502628;0.0;412.50935462653956;-0.13309900717468642
5381.0;0.0;4.1036461515903454e-5;0.0;0.992318802112822;0.0;0.0;0.0;0.0;0.0;0.0025330610046514976;1.63899069971841;0.0;5.006635555454109;-6.64812946723935;0.0;0.0;0.0;0.0;0.0;85.60219259481818;427.2702131502628;0.0;412.50935462653956;-0.13309900717468642
5382.0;0.0;4.1036461515903454e-5;0.0;0.992318802112822;0.0;0.0;0.0;0.0;0.0;0.0025330610046514976;1.63899069971841;0.0;5.006635555454109;-6.64812946723935;0.0;0.0;0.0;0.0;0.0;85.60219259481818;427.2702131502628;0.0;412.50935462653956;-0.13309900717468642
5383.0;0.0;4.1036461515903454e-5;0.0;0.992318802112822;0.0;0.0;0.0;0.0;0.0;0.0025330610046514976;1.63899069971841;0.0;5.006635555454109;-6.64812946723935;0.0;0.0;0.0;0.0;0.0;85.60219259481818;427.2702131502628;0.0;412.50935462653956;-0.13309900717468642
5384.0;0.0;4.1036461515903454e-5;0.0;0.992318802112822;0.0;0.0;0.0;0.0;0.0;0.0025330610046514976;1.63899069971841;0.0;5.006635555454109;-6.64812946723935;0.0;0.0;0.0;0.0;0.0;85.60219259481818;427.2702131502628;0.0;412.50935462653956;-0.13309900717468642
5385.0;0.0;4.1036461515903454e-5;0.0;0.992318802112822;0.0;0.0;0.0;0.0;0.0;0.0025330610046514976;1.63899069971841;0.0;5.006635555454109;-6.64812946723935;0.0;0.0;0.0;0.0;0.0;85.60219259481818;427.2702131502628;0.0;412.50935462653956;-0.13309900717468642
5386.0;0.0;4.1036461515903454e-5;0.0;0.992318802112822;0.0;0.0;0.0;0.0;0.0;0.0025330610046514976;1.63899069971841;0.0;5.006635555454109;-6.64812946723935;0.0;0.0;0.0;0.0;0.0;85.60219259481818;427.2702131502628;0.0;412.50935462653956;-0.13309900717468642
5387.0;0.0;4.1036461515903454e-5;0.0;0.992318802112822;0.0;0.0;0.0;0.0;0.0;0.0025330610046514976;1.63899069971841;0.0;5.006635555454109;-6.64812946723935;0.0;0.0;0.0;0.0;0.0;85.60219259481818;427.2702131502628;0.0;412.50935462653956;-0.13309900717468642
5388.0;0.0;4.1036461515903454e-5;0.0;0.992318802112822;0.0;0.0;0.0;0.0;0.0;0.0025330610046514976;1.63899069971841;0.0;5.006635555454109;-6.64812946723935;0.0;0.0;0.0;0.0;0.0;85.60219259481818;427.2702131502628;0.0;412.50935462653956;-0.13309900717468642
5389.0;0.0;4.1036461515903454e-5;0.0;0.992318802112822;0.0;0.0;0.0;0.0;0.0;0.0025330610046514976;1.63899069971841;0.0;5.006635555454109;-6.64812946723935;0.0;0.0;0.0;0.0;0.0;85.60219259481818;427.2702131502628;0.0;412.50935462653956;-0.13309900717468642
5390.0;0.0;4.1036461515903454e-5;0.0;0.992318802112822;0.0;0.0;0.0;0.0;0.0;0.0025330610046514976;1.63899069971841;0.0;5.006635555454109;-6.64812946723935;0.0;0.0;0.0;0.0;0.0;85.60219259481818;427.2702131502628;0.0;412.50935462653956;-0.13309900717468642
5391.0;0.0;4.1036461515903454e-5;0.0;0.992318802112822;0.0;0.0;0.0;0.0;0.0;0.0025330610046514976;1.63899069971841;0.0;5.006635555454109;-6.64812946723935;0.0;0.0;0.0;0.0;0.0;85.60219259481818;427.2702131502628;0.0;412.50935462653956;-0.13309900717468642
5392.0;0.0;4.1036461515903454e-5;0.0;0.992318802112822;0.0;0.0;0.0;0.0;0.0;0.0025330610046514976;1.63899069971841;0.0;5.006635555454109;-6.64812946723935;0.0;0.0;0.0;0.0;0.0;85.60219259481818;427.2702131502628;0.0;412.50935462653956;-0.13309900717468642
5393.0;0.0;4.1036461515903454e-5;0.0;0.992318802112822;0.0;0.0;0.0;0.0;0.0;0.0025330610046514976;1.63899069971841;0.0;5.006635555454109;-6.64812946723935;0.0;0.0;0.0;0.0;0.0;85.60219259481818;427.2702131502628;0.0;412.50935462653956;-0.13309900717468642
5394.0;0.0;4.1036461515903454e-5;0.0;0.992318802112822;0.0;0.0;0.0;0.0;0.0;0.0025330610046514976;1.63899069971841;0.0;5.006635555454109;-6.64812946723935;0.0;0.0;0.0;0.0;0.0;85.60219259481818;427.2702131502628;0.0;412.50935462653956;-0.13309900717468642
5395.0;0.0;4.1036461515903454e-5;0.0;0.992318802112822;0.0;0.0;0.0;0.0;0.0;0.0025330610046514976;1.63899069971841;0.0;5.006635555454109;-6.64812946723935;0.0;0.0;0.0;0.0;0.0;85.60219259481818;427.2702131502628;0.0;412.50935462653956;-0.13309900717468642
5396.0;0.0;4.1036461515903454e-5;0.0;0.992318802112822;0.0;0.0;0.0;0.0;0.0;0.0025330610046514976;1.63899069971841;0.0;5.006635555454109;-6.64812946723935;0.0;0.0;0.0;0.0;0.0;85.60219259481818;427.2702131502628;0.0;412.50935462653956;-0.13309900717468642
5397.0;0.0;4.1036461515903454e-5;0.0;0.992318802112822;0.0;0.0;0.0;0.0;0.0;0.0025330610046514976;1.63899069971841;0.0;5.006635555454109;-6.64812946723935;0.0;0.0;0.0;0.0;0.0;85.60219259481818;427.2702131502628;0.0;412.50935462653956;-0.13309900717468642
5398.0;0.0;4.1036461515903454e-5;0.0;0.992318802112822;0.0;0.0;0.0;0.0;0.0;0.0025330610046514976;1.63899069971841;0.0;5.006635555454109;-6.64812946723935;0.0;0.0;0.0;0.0;0.0;85.60219259481818;427.2702131502628;0.0;412.50935462653956;-0.13309900717468642
5399.0;0.0;4.1036461515903454e-5;0.0;0.992318802112822;0.0;0.0;0.0;0.0;0.0;0.0025330610046514976;1.63899069971841;0.0;5.006635555454109;-6.64812946723935;0.0;0.0;0.0;0.0;0.0;85.60219259481818;427.2702131502628;0.0;412.50935462653956;-0.13309900717468642
5400.0;0.0;4.1036461515903454e-5;0.0;0.992318802112822;0.0;0.0;0.0;0.0;0.0;0.0025330610046514976;1.63899069971841;0.0;5.006635555454109;-6.64812946723935;0.0;0.0;0.0;0.0;0.0;85.60219259481818;427.2702131502628;0.0;412.50935462653956;-0.13309900717468642
5401.0;0.0;-6.814030775829335e-5;0.0;0.992318802112822;0.0;0.0;0.0;0.0;0.0;0.010459984028179598;1.531320770365151;0.0;5.101462621584189;-6.643177768235511;0.0;0.0;0.0;0.0;0.0;85.60219259481818;427.2702131502628;0.0;412.50935462653956;-0.13309900717468642
5402.0;0.0;-6.814030775829335e-5;0.0;0.992318802112822;0.0;0.0;0.0;0.0;0.0;0.010459984028179598;1.531320770365151;0.0;5.101462621584189;-6.643177768235511;0.0;0.0;0.0;0.0;0.0;85.60219259481818;427.2702131502628;0.0;412.50935462653956;-0.13309900717468642
5403.0;0.0;-6.814030775829335e-5;0.0;0.992318802112822;0.0;0.0;0.0;0.0;0.0;0.010459984028179598;1.531320770365151;0.0;5.101462621584189;-6.643177768235511;0.0;0.0;0.0;0.0;0.0;85.60219259481818;427.2702131502628;0.0;412.50935462653956;-0.13309900717468642
5404.0;0.0;-6.814030775829335e-5;0.0;0.992318802112822;0.0;0.0;0.0;0.0;0.0;0.010459984028179598;1.531320770365151;0.0;5.101462621584189;-6.643177768235511;0.0;0.0;0.0;0.0;0.0;85.60219259481818;427.2702131502628;0.0;412.50935462653956;-0.13309900717468642
5405.0;0.0;-6.814030775829335e-5;0.0;0.992318802112822;0.0;0.0;0.0;0.0;0.0;0.010459984028179598;1.531320770365151;0.0;5.101462621584189;-6.643177768235511;0.0;0.0;0.0;0.0;0.0;85.60219259481818;427.2702131502628;0.0;412.50935462653956;-0.13309900717468642
5406.0;0.0;-6.814030775829335e-5;0.0;0.992318802112822;0.0;0.0;0.0;0.0;0.0;0.010459984028179598;1.531320770365151;0.0;5.101462621584189;-6.643177768235511;0.0;0.0;0.0;0.0;0.0;85.60219259481818;427.2702131502628;0.0;412.50935462653956;-0.13309900717468642
5407.0;0.0;-6.814030775829335e-5;0.0;0.992318802112822;0.0;0.0;0.0;0.0;0.0;0.010459984028179598;1.531320770365151;0.0;5.101462621584189;-6.643177768235511;0.0;0.0;0.0;0.0;0.0;85.60219259481818;427.2702131502628;0.0;412.50935462653956;-0.13309900717468642
5408.0;0.0;-6.814030775829335e-5;0.0;0.992318802112822;0.0;0.0;0.0;0.0;0.0;0.010459984028179598;1.531320770365151;0.0;5.101462621584189;-6.643177768235511;0.0;0.0;0.0;0.0;0.0;85.60219259481818;427.2702131502628;0.0;412.50935462653956;-0.13309900717468642
5409.0;0.0;-6.814030775829335e-5;0.0;0.992318802112822;0.0;0.0;0.0;0.0;0.0;0.010459984028179598;1.531320770365151;0.0;5.101462621584189;-6.643177768235511;0.0;0.0;0.0;0.0;0.0;85.60219259481818;427.2702131502628;0.0;412.50935462653956;-0.13309900717468642
5410.0;0.0;-6.814030775829335e-5;0.0;0.992318802112822;0.0;0.0;0.0;0.0;0.0;0.010459984028179598;1.531320770365151;0.0;5.101462621584189;-6.643177768235511;0.0;0.0;0.0;0.0;0.0;85.60219259481818;427.2702131502628;0.0;412.50935462653956;-0.13309900717468642
5411.0;0.0;-6.814030775829335e-5;0.0;0.992318802112822;0.0;0.0;0.0;0.0;0.0;0.010459984028179598;1.531320770365151;0.0;5.101462621584189;-6.643177768235511;0.0;0.0;0.0;0.0;0.0;85.60219259481818;427.2702131502628;0.0;412.50935462653956;-0.13309900717468642
5412.0;0.0;-6.814030775829335e-5;0.0;0.992318802112822;0.0;0.0;0.0;0.0;0.0;0.010459984028179598;1.531320770365151;0.0;5.101462621584189;-6.643177768235511;0.0;0.0;0.0;0.0;0.0;85.60219259481818;427.2702131502628;0.0;412.50935462653956;-0.13309900717468642
5413.0;0.0;-6.814030775829335e-5;0.0;0.992318802112822;0.0;0.0;0.0;0.0;0.0;0.010459984028179598;1.531320770365151;0.0;5.101462621584189;-6.643177768235511;0.0;0.0;0.0;0.0;0.0;85.60219259481818;427.2702131502628;0.0;412.50935462653956;-0.13309900717468642
5414.0;0.0;-6.814030775829335e-5;0.0;0.992318802112822;0.0;0.0;0.0;0.0;0.0;0.010459984028179598;1.531320770365151;0.0;5.101462621584189;-6.643177768235511;0.0;0.0;0.0;0.0;0.0;85.60219259481818;427.2702131502628;0.0;412.50935462653956;-0.13309900717468642
5415.0;0.0;-6.814030775829335e-5;0.0;0.992318802112822;0.0;0.0;0.0;0.0;0.0;0.010459984028179598;1.531320770365151;0.0;5.101462621584189;-6.643177768235511;0.0;0.0;0.0;0.0;0.0;85.60219259481818;427.2702131502628;0.0;412.50935462653956;-0.13309900717468642
5416.0;0.0;-6.814030775829335e-5;0.0;0.992318802112822;0.0;0.0;0.0;0.0;0.0;0.010459984028179598;1.531320770365151;0.0;5.101462621584189;-6.643177768235511;0.0;0.0;0.0;0.0;0.0;85.60219259481818;427.2702131502628;0.0;412.50935462653956;-0.13309900717468642
5417.0;0.0;-6.814030775829335e-5;0.0;0.992318802112822;0.0;0.0;0.0;0.0;0.0;0.010459984028179598;1.531320770365151;0.0;5.101462621584189;-6.643177768235511;0.0;0.0;0.0;0.0;0.0;85.60219259481818;427.2702131502628;0.0;412.50935462653956;-0.13309900717468642
5418.0;0.0;-6.814030775829335e-5;0.0;0.992318802112822;0.0;0.0;0.0;0.0;0.0;0.010459984028179598;1.531320770365151;0.0;5.101462621584189;-6.643177768235511;0.0;0.0;0.0;0.0;0.0;85.60219259481818;427.2702131502628;0.0;412.50935462653956;-0.13309900717468642
5419.0;0.0;-6.814030775829335e-5;0.0;0.992318802112822;0.0;0.0;0.0;0.0;0.0;0.010459984028179598;1.531320770365151;0.0;5.101462621584189;-6.643177768235511;0.0;0.0;0.0;0.0;0.0;85.60219259481818;427.2702131502628;0.0;412.50935462653956;-0.13309900717468642
5420.0;0.0;-6.814030775829335e-5;0.0;0.992318802112822;0.0;0.0;0.0;0.0;0.0;0.010459984028179598;1.531320770365151;0.0;5.101462621584189;-6.643177768235511;0.0;0.0;0.0;0.0;0.0;85.60219259481818;427.2702131502628;0.0;412.50935462653956;-0.13309900717468642
5421.0;0.0;-6.814030775829335e-5;0.0;0.992318802112822;0.0;0.0;0.0;0.0;0.0;0.010459984028179598;1.531320770365151;0.0;5.101462621584189;-6.643177768235511;0.0;0.0;0.0;0.0;0.0;85.60219259481818;427.2702131502628;0.0;412.50935462653956;-0.13309900717468642
5422.0;0.0;-6.814030775829335e-5;0.0;0.992318802112822;0.0;0.0;0.0;0.0;0.0;0.010459984028179598;1.531320770365151;0.0;5.101462621584189;-6.643177768235511;0.0;0.0;0.0;0.0;0.0;85.60219259481818;427.2702131502628;0.0;412.50935462653956;-0.13309900717468642
5423.0;0.0;-6.814030775829335e-5;0.0;0.992318802112822;0.0;0.0;0.0;0.0;0.0;0.010459984028179598;1.531320770365151;0.0;5.101462621584189;-6.643177768235511;0.0;0.0;0.0;0.0;0.0;85.60219259481818;427.2702131502628;0.0;412.50935462653956;-0.13309900717468642
5424.0;0.0;-6.814030775829335e-5;0.0;0.992318802112822;0.0;0.0;0.0;0.0;0.0;0.010459984028179598;1.531320770365151;0.0;5.101462621584189;-6.643177768235511;0.0;0.0;0.0;0.0;0.0;85.60219259481818;427.2702131502628;0.0;412.50935462653956;-0.13309900717468642
5425.0;0.0;-0.0021067638846532046;0.0;0.992318802112822;0.0;0.0;0.0;0.0;0.0;0.007381705099344482;3.850612970076357;0.0;1.4440908097710743;-5.302526196189615;0.0;0.0;0.0;0.0;0.0;85.60219259481818;427.2702131502628;0.0;412.50935462653956;-0.13309900717468642
5426.0;0.0;-0.0021067638846532046;0.0;0.992318802112822;0.0;0.0;0.0;0.0;0.0;0.007381705099344482;3.850612970076357;0.0;1.4440908097710743;-5.302526196189615;0.0;0.0;0.0;0.0;0.0;85.60219259481818;427.2702131502628;0.0;412.50935462653956;-0.13309900717468642
5427.0;0.0;-0.0021067638846532046;0.0;0.992318802112822;0.0;0.0;0.0;0.0;0.0;0.007381705099344482;3.850612970076357;0.0;1.4440908097710743;-5.302526196189615;0.0;0.0;0.0;0.0;0.0;85.60219259481818;427.2702131502628;0.0;412.50935462653956;-0.13309900717468642
5428.0;0.0;-0.0021067638846532046;0.0;0.992318802112822;0.0;0.0;0.0;0.0;0.0;0.007381705099344482;3.850612970076357;0.0;1.4440908097710743;-5.302526196189615;0.0;0.0;0.0;0.0;0.0;85.60219259481818;427.2702131502628;0.0;412.50935462653956;-0.13309900717468642
5429.0;0.0;-0.0021067638846532046;0.0;0.992318802112822;0.0;0.0;0.0;0.0;0.0;0.007381705099344482;3.850612970076357;0.0;1.4440908097710743;-5.302526196189615;0.0;0.0;0.0;0.0;0.0;85.60219259481818;427.2702131502628;0.0;412.50935462653956;-0.13309900717468642
5430.0;0.0;-0.0021067638846532046;0.0;0.992318802112822;0.0;0.0;0.0;0.0;0.0;0.007381705099344482;3.850612970076357;0.0;1.4440908097710743;-5.302526196189615;0.0;0.0;0.0;0.0;0.0;85.60219259481818;427.2702131502628;0.0;412.50935462653956;-0.13309900717468642
5431.0;0.0;-0.0021067638846532046;0.0;0.992318802112822;0.0;0.0;0.0;0.0;0.0;0.007381705099344482;3.850612970076357;0.0;1.4440908097710743;-5.302526196189615;0.0;0.0;0.0;0.0;0.0;85.60219259481818;427.2702131502628;0.0;412.50935462653956;-0.13309900717468642
5432.0;0.0;-0.0021067638846532046;0.0;0.992318802112822;0.0;0.0;0.0;0.0;0.0;0.007381705099344482;3.850612970076357;0.0;1.4440908097710743;-5.302526196189615;0.0;0.0;0.0;0.0;0.0;85.60219259481818;427.2702131502628;0.0;412.50935462653956;-0.13309900717468642
5433.0;0.0;-0.0021067638846532046;0.0;0.992318802112822;0.0;0.0;0.0;0.0;0.0;0.007381705099344482;3.850612970076357;0.0;1.4440908097710743;-5.302526196189615;0.0;0.0;0.0;0.0;0.0;85.60219259481818;427.2702131502628;0.0;412.50935462653956;-0.13309900717468642
5434.0;0.0;-0.0021067638846532046;0.0;0.992318802112822;0.0;0.0;0.0;0.0;0.0;0.007381705099344482;3.850612970076357;0.0;1.4440908097710743;-5.302526196189615;0.0;0.0;0.0;0.0;0.0;85.60219259481818;427.2702131502628;0.0;412.50935462653956;-0.13309900717468642
5435.0;0.0;-0.0021067638846532046;0.0;0.992318802112822;0.0;0.0;0.0;0.0;0.0;0.007381705099344482;3.850612970076357;0.0;1.4440908097710743;-5.302526196189615;0.0;0.0;0.0;0.0;0.0;85.60219259481818;427.2702131502628;0.0;412.50935462653956;-0.13309900717468642
5436.0;0.0;-0.0021067638846532046;0.0;0.992318802112822;0.0;0.0;0.0;0.0;0.0;0.007381705099344482;3.850612970076357;0.0;1.4440908097710743;-5.302526196189615;0.0;0.0;0.0;0.0;0.0;85.60219259481818;427.2702131502628;0.0;412.50935462653956;-0.13309900717468642
5437.0;0.0;-0.0021067638846532046;0.0;0.992318802112822;0.0;0.0;0.0;0.0;0.0;0.007381705099344482;3.850612970076357;0.0;1.4440908097710743;-5.302526196189615;0.0;0.0;0.0;0.0;0.0;85.60219259481818;427.2702131502628;0.0;412.50935462653956;-0.13309900717468642
5438.0;0.0;-0.0021067638846532046;0.0;0.992318802112822;0.0;0.0;0.0;0.0;0.0;0.007381705099344482;3.850612970076357;0.0;1.4440908097710743;-5.302526196189615;0.0;0.0;0.0;0.0;0.0;85.60219259481818;427.2702131502628;0.0;412.50935462653956;-0.13309900717468642
5439.0;0.0;-0.0021067638846532046;0.0;0.992318802112822;0.0;0.0;0.0;0.0;0.0;0.007381705099344482;3.850612970076357;0.0;1.4440908097710743;-5.302526196189615;0.0;0.0;0.0;0.0;0.0;85.60219259481818;427.2702131502628;0.0;412.50935462653956;-0.13309900717468642
5440.0;0.0;-0.0021067638846532046;0.0;0.992318802112822;0.0;0.0;0.0;0.0;0.0;0.007381705099344482;3.850612970076357;0.0;1.4440908097710743;-5.302526196189615;0.0;0.0;0.0;0.0;0.0;85.60219259481818;427.2702131502628;0.0;412.50935462653956;-0.13309900717468642
5441.0;0.0;-0.0021067638846532046;0.0;0.992318802112822;0.0;0.0;0.0;0.0;0.0;0.007381705099344482;3.850612970076357;0.0;1.4440908097710743;-5.302526196189615;0.0;0.0;0.0;0.0;0.0;85.60219259481818;427.2702131502628;0.0;412.50935462653956;-0.13309900717468642
5442.0;0.0;-0.0021067638846532046;0.0;0.992318802112822;0.0;0.0;0.0;0.0;0.0;0.007381705099344482;3.850612970076357;0.0;1.4440908097710743;-5.302526196189615;0.0;0.0;0.0;0.0;0.0;85.60219259481818;427.2702131502628;0.0;412.50935462653956;-0.13309900717468642
5443.0;0.0;-0.0021067638846532046;0.0;0.992318802112822;0.0;0.0;0.0;0.0;0.0;0.007381705099344482;3.850612970076357;0.0;1.4440908097710743;-5.302526196189615;0.0;0.0;0.0;0.0;0.0;85.60219259481818;427.2702131502628;0.0;412.50935462653956;-0.13309900717468642
5444.0;0.0;-0.0021067638846532046;0.0;0.992318802112822;0.0;0.0;0.0;0.0;0.0;0.007381705099344482;3.850612970076357;0.0;1.4440908097710743;-5.302526196189615;0.0;0.0;0.0;0.0;0.0;85.60219259481818;427.2702131502628;0.0;412.50935462653956;-0.13309900717468642
5445.0;0.0;-0.0021067638846532046;0.0;0.992318802112822;0.0;0.0;0.0;0.0;0.0;0.007381705099344482;3.850612970076357;0.0;1.4440908097710743;-5.302526196189615;0.0;0.0;0.0;0.0;0.0;85.60219259481818;427.2702131502628;0.0;412.50935462653956;-0.13309900717468642
5446.0;0.0;-0.0021067638846532046;0.0;0.992318802112822;0.0;0.0;0.0;0.0;0.0;0.007381705099344482;3.850612970076357;0.0;1.4440908097710743;-5.302526196189615;0.0;0.0;0.0;0.0;0.0;85.60219259481818;427.2702131502628;0.0;412.50935462653956;-0.13309900717468642
5447.0;0.0;-0.0021067638846532046;0.0;0.992318802112822;0.0;0.0;0.0;0.0;0.0;0.007381705099344482;3.850612970076357;0.0;1.4440908097710743;-5.302526196189615;0.0;0.0;0.0;0.0;0.0;85.60219259481818;427.2702131502628;0.0;412.50935462653956;-0.13309900717468642
5448.0;0.0;-0.0021067638846532046;0.0;0.992318802112822;0.0;0.0;0.0;0.0;0.0;0.007381705099344482;3.850612970076357;0.0;1.4440908097710743;-5.302526196189615;0.0;0.0;0.0;0.0;0.0;85.60219259481818;427.2702131502628;0.0;412.50935462653956;-0.13309900717468642
5449.0;0.0;5.992830406591e-5;0.0;0.992318802112822;0.0;0.0;0.0;0.0;0.0;0.007716351566091757;4.610889253403408;0.0;2.0483511055226202;-6.666913300797961;0.0;0.0;0.0;0.0;0.0;85.60219259481818;427.2702131502628;0.0;412.50935462653956;-0.13309900717468642
5450.0;0.0;5.992830406591e-5;0.0;0.992318802112822;0.0;0.0;0.0;0.0;0.0;0.007716351566091757;4.610889253403408;0.0;2.0483511055226202;-6.666913300797961;0.0;0.0;0.0;0.0;0.0;85.60219259481818;427.2702131502628;0.0;412.50935462653956;-0.13309900717468642
5451.0;0.0;5.992830406591e-5;0.0;0.992318802112822;0.0;0.0;0.0;0.0;0.0;0.007716351566091757;4.610889253403408;0.0;2.0483511055226202;-6.666913300797961;0.0;0.0;0.0;0.0;0.0;85.60219259481818;427.2702131502628;0.0;412.50935462653956;-0.13309900717468642
5452.0;0.0;5.992830406591e-5;0.0;0.992318802112822;0.0;0.0;0.0;0.0;0.0;0.007716351566091757;4.610889253403408;0.0;2.0483511055226202;-6.666913300797961;0.0;0.0;0.0;0.0;0.0;85.60219259481818;427.2702131502628;0.0;412.50935462653956;-0.13309900717468642
5453.0;0.0;5.992830406591e-5;0.0;0.992318802112822;0.0;0.0;0.0;0.0;0.0;0.007716351566091757;4.610889253403408;0.0;2.0483511055226202;-6.666913300797961;0.0;0.0;0.0;0.0;0.0;85.60219259481818;427.2702131502628;0.0;412.50935462653956;-0.13309900717468642
5454.0;0.0;5.992830406591e-5;0.0;0.992318802112822;0.0;0.0;0.0;0.0;0.0;0.007716351566091757;4.610889253403408;0.0;2.0483511055226202;-6.666913300797961;0.0;0.0;0.0;0.0;0.0;85.60219259481818;427.2702131502628;0.0;412.50935462653956;-0.13309900717468642
5455.0;0.0;5.992830406591e-5;0.0;0.992318802112822;0.0;0.0;0.0;0.0;0.0;0.007716351566091757;4.610889253403408;0.0;2.0483511055226202;-6.666913300797961;0.0;0.0;0.0;0.0;0.0;85.60219259481818;427.2702131502628;0.0;412.50935462653956;-0.13309900717468642
5456.0;0.0;5.992830406591e-5;0.0;0.992318802112822;0.0;0.0;0.0;0.0;0.0;0.007716351566091757;4.610889253403408;0.0;2.0483511055226202;-6.666913300797961;0.0;0.0;0.0;0.0;0.0;85.60219259481818;427.2702131502628;0.0;412.50935462653956;-0.13309900717468642
5457.0;0.0;5.992830406591e-5;0.0;0.992318802112822;0.0;0.0;0.0;0.0;0.0;0.007716351566091757;4.610889253403408;0.0;2.0483511055226202;-6.666913300797961;0.0;0.0;0.0;0.0;0.0;85.60219259481818;427.2702131502628;0.0;412.50935462653956;-0.13309900717468642
5458.0;0.0;5.992830406591e-5;0.0;0.992318802112822;0.0;0.0;0.0;0.0;0.0;0.007716351566091757;4.610889253403408;0.0;2.0483511055226202;-6.666913300797961;0.0;0.0;0.0;0.0;0.0;85.60219259481818;427.2702131502628;0.0;412.50935462653956;-0.13309900717468642
5459.0;0.0;5.992830406591e-5;0.0;0.992318802112822;0.0;0.0;0.0;0.0;0.0;0.007716351566091757;4.610889253403408;0.0;2.0483511055226202;-6.666913300797961;0.0;0.0;0.0;0.0;0.0;85.60219259481818;427.2702131502628;0.0;412.50935462653956;-0.13309900717468642
5460.0;0.0;5.992830406591e-5;0.0;0.992318802112822;0.0;0.0;0.0;0.0;0.0;0.007716351566091757;4.610889253403408;0.0;2.0483511055226202;-6.666913300797961;0.0;0.0;0.0;0.0;0.0;85.60219259481818;427.2702131502628;0.0;412.50935462653956;-0.13309900717468642
5461.0;0.0;5.992830406591e-5;0.0;0.992318802112822;0.0;0.0;0.0;0.0;0.0;0.007716351566091757;4.610889253403408;0.0;2.0483511055226202;-6.666913300797961;0.0;0.0;0.0;0.0;0.0;85.60219259481818;427.2702131502628;0.0;412.50935462653956;-0.13309900717468642
5462.0;0.0;5.992830406591e-5;0.0;0.992318802112822;0.0;0.0;0.0;0.0;0.0;0.007716351566091757;4.610889253403408;0.0;2.0483511055226202;-6.666913300797961;0.0;0.0;0.0;0.0;0.0;85.60219259481818;427.2702131502628;0.0;412.50935462653956;-0.13309900717468642
5463.0;0.0;5.992830406591e-5;0.0;0.992318802112822;0.0;0.0;0.0;0.0;0.0;0.007716351566091757;4.610889253403408;0.0;2.0483511055226202;-6.666913300797961;0.0;0.0;0.0;0.0;0.0;85.60219259481818;427.2702131502628;0.0;412.50935462653956;-0.13309900717468642
5464.0;0.0;5.992830406591e-5;0.0;0.992318802112822;0.0;0.0;0.0;0.0;0.0;0.007716351566091757;4.610889253403408;0.0;2.0483511055226202;-6.666913300797961;0.0;0.0;0.0;0.0;0.0;85.60219259481818;427.2702131502628;0.0;412.50935462653956;-0.13309900717468642
5465.0;0.0;5.992830406591e-5;0.0;0.992318802112822;0.0;0.0;0.0;0.0;0.0;0.007716351566091757;4.610889253403408;0.0;2.0483511055226202;-6.666913300797961;0.0;0.0;0.0;0.0;0.0;85.60219259481818;427.2702131502628;0.0;412.50935462653956;-0.13309900717468642
5466.0;0.0;5.992830406591e-5;0.0;0.992318802112822;0.0;0.0;0.0;0.0;0.0;0.007716351566091757;4.610889253403408;0.0;2.0483511055226202;-6.666913300797961;0.0;0.0;0.0;0.0;0.0;85.60219259481818;427.2702131502628;0.0;412.50935462653956;-0.13309900717468642
5467.0;0.0;5.992830406591e-5;0.0;0.992318802112822;0.0;0.0;0.0;0.0;0.0;0.007716351566091757;4.610889253403408;0.0;2.0483511055226202;-6.666913300797961;0.0;0.0;0.0;0.0;0.0;85.60219259481818;427.2702131502628;0.0;412.50935462653956;-0.13309900717468642
5468.0;0.0;5.992830406591e-5;0.0;0.992318802112822;0.0;0.0;0.0;0.0;0.0;0.007716351566091757;4.610889253403408;0.0;2.0483511055226202;-6.666913300797961;0.0;0.0;0.0;0.0;0.0;85.60219259481818;427.2702131502628;0.0;412.50935462653956;-0.13309900717468642
5469.0;0.0;5.992830406591e-5;0.0;0.992318802112822;0.0;0.0;0.0;0.0;0.0;0.007716351566091757;4.610889253403408;0.0;2.0483511055226202;-6.666913300797961;0.0;0.0;0.0;0.0;0.0;85.60219259481818;427.2702131502628;0.0;412.50935462653956;-0.13309900717468642
5470.0;0.0;5.992830406591e-5;0.0;0.992318802112822;0.0;0.0;0.0;0.0;0.0;0.007716351566091757;4.610889253403408;0.0;2.0483511055226202;-6.666913300797961;0.0;0.0;0.0;0.0;0.0;85.60219259481818;427.2702131502628;0.0;412.50935462653956;-0.13309900717468642
5471.0;0.0;5.992830406591e-5;0.0;0.992318802112822;0.0;0.0;0.0;0.0;0.0;0.007716351566091757;4.610889253403408;0.0;2.0483511055226202;-6.666913300797961;0.0;0.0;0.0;0.0;0.0;85.60219259481818;427.2702131502628;0.0;412.50935462653956;-0.13309900717468642
5472.0;0.0;5.992830406591e-5;0.0;0.992318802112822;0.0;0.0;0.0;0.0;0.0;0.007716351566091757;4.610889253403408;0.0;2.0483511055226202;-6.666913300797961;0.0;0.0;0.0;0.0;0.0;85.60219259481818;427.2702131502628;0.0;412.50935462653956;-0.13309900717468642
5473.0;0.0;-0.0009088102346415548;0.0;0.992318802112822;0.0;0.0;0.0;0.0;0.0;0.0048349914391235494;4.564278350153775;0.0;2.05800380043542;-6.6271051713950015;0.0;0.0;0.0;0.0;0.0;85.60219259481818;427.2702131502628;0.0;412.50935462653956;-0.13309900717468642
5474.0;0.0;-0.0009088102346415548;0.0;0.992318802112822;0.0;0.0;0.0;0.0;0.0;0.0048349914391235494;4.564278350153775;0.0;2.05800380043542;-6.6271051713950015;0.0;0.0;0.0;0.0;0.0;85.60219259481818;427.2702131502628;0.0;412.50935462653956;-0.13309900717468642
5475.0;0.0;-0.0009088102346415548;0.0;0.992318802112822;0.0;0.0;0.0;0.0;0.0;0.0048349914391235494;4.564278350153775;0.0;2.05800380043542;-6.6271051713950015;0.0;0.0;0.0;0.0;0.0;85.60219259481818;427.2702131502628;0.0;412.50935462653956;-0.13309900717468642
5476.0;0.0;-0.0009088102346415548;0.0;0.992318802112822;0.0;0.0;0.0;0.0;0.0;0.0048349914391235494;4.564278350153775;0.0;2.05800380043542;-6.6271051713950015;0.0;0.0;0.0;0.0;0.0;85.60219259481818;427.2702131502628;0.0;412.50935462653956;-0.13309900717468642
5477.0;0.0;-0.0009088102346415548;0.0;0.992318802112822;0.0;0.0;0.0;0.0;0.0;0.0048349914391235494;4.564278350153775;0.0;2.05800380043542;-6.6271051713950015;0.0;0.0;0.0;0.0;0.0;85.60219259481818;427.2702131502628;0.0;412.50935462653956;-0.13309900717468642
5478.0;0.0;-0.0009088102346415548;0.0;0.992318802112822;0.0;0.0;0.0;0.0;0.0;0.0048349914391235494;4.564278350153775;0.0;2.05800380043542;-6.6271051713950015;0.0;0.0;0.0;0.0;0.0;85.60219259481818;427.2702131502628;0.0;412.50935462653956;-0.13309900717468642
5479.0;0.0;-0.0009088102346415548;0.0;0.992318802112822;0.0;0.0;0.0;0.0;0.0;0.0048349914391235494;4.564278350153775;0.0;2.05800380043542;-6.6271051713950015;0.0;0.0;0.0;0.0;0.0;85.60219259481818;427.2702131502628;0.0;412.50935462653956;-0.13309900717468642
5480.0;0.0;-0.0009088102346415548;0.0;0.992318802112822;0.0;0.0;0.0;0.0;0.0;0.0048349914391235494;4.564278350153775;0.0;2.05800380043542;-6.6271051713950015;0.0;0.0;0.0;0.0;0.0;85.60219259481818;427.2702131502628;0.0;412.50935462653956;-0.13309900717468642
5481.0;0.0;-0.0009088102346415548;0.0;0.992318802112822;0.0;0.0;0.0;0.0;0.0;0.0048349914391235494;4.564278350153775;0.0;2.05800380043542;-6.6271051713950015;0.0;0.0;0.0;0.0;0.0;85.60219259481818;427.2702131502628;0.0;412.50935462653956;-0.13309900717468642
5482.0;0.0;-0.0009088102346415548;0.0;0.992318802112822;0.0;0.0;0.0;0.0;0.0;0.0048349914391235494;4.564278350153775;0.0;2.05800380043542;-6.6271051713950015;0.0;0.0;0.0;0.0;0.0;85.60219259481818;427.2702131502628;0.0;412.50935462653956;-0.13309900717468642
5483.0;0.0;-0.0009088102346415548;0.0;0.992318802112822;0.0;0.0;0.0;0.0;0.0;0.0048349914391235494;4.564278350153775;0.0;2.05800380043542;-6.6271051713950015;0.0;0.0;0.0;0.0;0.0;85.60219259481818;427.2702131502628;0.0;412.50935462653956;-0.13309900717468642
5484.0;0.0;-0.0009088102346415548;0.0;0.992318802112822;0.0;0.0;0.0;0.0;0.0;0.0048349914391235494;4.564278350153775;0.0;2.05800380043542;-6.6271051713950015;0.0;0.0;0.0;0.0;0.0;85.60219259481818;427.2702131502628;0.0;412.50935462653956;-0.13309900717468642
5485.0;0.0;-0.0009088102346415548;0.0;0.992318802112822;0.0;0.0;0.0;0.0;0.0;0.0048349914391235494;4.564278350153775;0.0;2.05800380043542;-6.6271051713950015;0.0;0.0;0.0;0.0;0.0;85.60219259481818;427.2702131502628;0.0;412.50935462653956;-0.13309900717468642
5486.0;0.0;-0.0009088102346415548;0.0;0.992318802112822;0.0;0.0;0.0;0.0;0.0;0.0048349914391235494;4.564278350153775;0.0;2.05800380043542;-6.6271051713950015;0.0;0.0;0.0;0.0;0.0;85.60219259481818;427.2702131502628;0.0;412.50935462653956;-0.13309900717468642
5487.0;0.0;-0.0009088102346415548;0.0;0.992318802112822;0.0;0.0;0.0;0.0;0.0;0.0048349914391235494;4.564278350153775;0.0;2.05800380043542;-6.6271051713950015;0.0;0.0;0.0;0.0;0.0;85.60219259481818;427.2702131502628;0.0;412.50935462653956;-0.13309900717468642
5488.0;0.0;-0.0009088102346415548;0.0;0.992318802112822;0.0;0.0;0.0;0.0;0.0;0.0048349914391235494;4.564278350153775;0.0;2.05800380043542;-6.6271051713950015;0.0;0.0;0.0;0.0;0.0;85.60219259481818;427.2702131502628;0.0;412.50935462653956;-0.13309900717468642
5489.0;0.0;-0.0009088102346415548;0.0;0.992318802112822;0.0;0.0;0.0;0.0;0.0;0.0048349914391235494;4.564278350153775;0.0;2.05800380043542;-6.6271051713950015;0.0;0.0;0.0;0.0;0.0;85.60219259481818;427.2702131502628;0.0;412.50935462653956;-0.13309900717468642
5490.0;0.0;-0.0009088102346415548;0.0;0.992318802112822;0.0;0.0;0.0;0.0;0.0;0.0048349914391235494;4.564278350153775;0.0;2.05800380043542;-6.6271051713950015;0.0;0.0;0.0;0.0;0.0;85.60219259481818;427.2702131502628;0.0;412.50935462653956;-0.13309900717468642
5491.0;0.0;-0.0009088102346415548;0.0;0.992318802112822;0.0;0.0;0.0;0.0;0.0;0.0048349914391235494;4.564278350153775;0.0;2.05800380043542;-6.6271051713950015;0.0;0.0;0.0;0.0;0.0;85.60219259481818;427.2702131502628;0.0;412.50935462653956;-0.13309900717468642
5492.0;0.0;-0.0009088102346415548;0.0;0.992318802112822;0.0;0.0;0.0;0.0;0.0;0.0048349914391235494;4.564278350153775;0.0;2.05800380043542;-6.6271051713950015;0.0;0.0;0.0;0.0;0.0;85.60219259481818;427.2702131502628;0.0;412.50935462653956;-0.13309900717468642
5493.0;0.0;-0.0009088102346415548;0.0;0.992318802112822;0.0;0.0;0.0;0.0;0.0;0.0048349914391235494;4.564278350153775;0.0;2.05800380043542;-6.6271051713950015;0.0;0.0;0.0;0.0;0.0;85.60219259481818;427.2702131502628;0.0;412.50935462653956;-0.13309900717468642
5494.0;0.0;-0.0009088102346415548;0.0;0.992318802112822;0.0;0.0;0.0;0.0;0.0;0.0048349914391235494;4.564278350153775;0.0;2.05800380043542;-6.6271051713950015;0.0;0.0;0.0;0.0;0.0;85.60219259481818;427.2702131502628;0.0;412.50935462653956;-0.13309900717468642
5495.0;0.0;-0.0009088102346415548;0.0;0.992318802112822;0.0;0.0;0.0;0.0;0.0;0.0048349914391235494;4.564278350153775;0.0;2.05800380043542;-6.6271051713950015;0.0;0.0;0.0;0.0;0.0;85.60219259481818;427.2702131502628;0.0;412.50935462653956;-0.13309900717468642
5496.0;0.0;-0.0009088102346415548;0.0;0.992318802112822;0.0;0.0;0.0;0.0;0.0;0.0048349914391235494;4.564278350153775;0.0;2.05800380043542;-6.6271051713950015;0.0;0.0;0.0;0.0;0.0;85.60219259481818;427.2702131502628;0.0;412.50935462653956;-0.13309900717468642
5497.0;0.0;-0.00017753244589912724;0.0;0.992318802112822;0.0;0.0;0.0;0.0;0.0;0.019873771889208233;3.7513521046845684;6.658743680819255e-11;1.2758636180189722;-5.047218053661691;0.0;0.0;0.0;0.0;0.0;85.60219259481818;427.2702131502628;0.0;412.50935462653956;-0.13309900717468642
5498.0;0.0;-0.00017753244589912724;0.0;0.992318802112822;0.0;0.0;0.0;0.0;0.0;0.019873771889208233;3.7513521046845684;6.658743680819255e-11;1.2758636180189722;-5.047218053661691;0.0;0.0;0.0;0.0;0.0;85.60219259481818;427.2702131502628;0.0;412.50935462653956;-0.13309900717468642
5499.0;0.0;-0.00017753244589912724;0.0;0.992318802112822;0.0;0.0;0.0;0.0;0.0;0.019873771889208233;3.7513521046845684;6.658743680819255e-11;1.2758636180189722;-5.047218053661691;0.0;0.0;0.0;0.0;0.0;85.60219259481818;427.2702131502628;0.0;412.50935462653956;-0.13309900717468642
5500.0;0.0;-0.00017753244589912724;0.0;0.992318802112822;0.0;0.0;0.0;0.0;0.0;0.019873771889208233;3.7513521046845684;6.658743680819255e-11;1.2758636180189722;-5.047218053661691;0.0;0.0;0.0;0.0;0.0;85.60219259481818;427.2702131502628;0.0;412.50935462653956;-0.13309900717468642
5501.0;0.0;-0.00017753244589912724;0.0;0.992318802112822;0.0;0.0;0.0;0.0;0.0;0.019873771889208233;3.7513521046845684;6.658743680819255e-11;1.2758636180189722;-5.047218053661691;0.0;0.0;0.0;0.0;0.0;85.60219259481818;427.2702131502628;0.0;412.50935462653956;-0.13309900717468642
5502.0;0.0;-0.00017753244589912724;0.0;0.992318802112822;0.0;0.0;0.0;0.0;0.0;0.019873771889208233;3.7513521046845684;6.658743680819255e-11;1.2758636180189722;-5.047218053661691;0.0;0.0;0.0;0.0;0.0;85.60219259481818;427.2702131502628;0.0;412.50935462653956;-0.13309900717468642
5503.0;0.0;-0.00017753244589912724;0.0;0.992318802112822;0.0;0.0;0.0;0.0;0.0;0.019873771889208233;3.7513521046845684;6.658743680819255e-11;1.2758636180189722;-5.047218053661691;0.0;0.0;0.0;0.0;0.0;85.60219259481818;427.2702131502628;0.0;412.50935462653956;-0.13309900717468642
5504.0;0.0;-0.00017753244589912724;0.0;0.992318802112822;0.0;0.0;0.0;0.0;0.0;0.019873771889208233;3.7513521046845684;6.658743680819255e-11;1.2758636180189722;-5.047218053661691;0.0;0.0;0.0;0.0;0.0;85.60219259481818;427.2702131502628;0.0;412.50935462653956;-0.13309900717468642
5505.0;0.0;-0.00017753244589912724;0.0;0.992318802112822;0.0;0.0;0.0;0.0;0.0;0.019873771889208233;3.7513521046845684;6.658743680819255e-11;1.2758636180189722;-5.047218053661691;0.0;0.0;0.0;0.0;0.0;85.60219259481818;427.2702131502628;0.0;412.50935462653956;-0.13309900717468642
5506.0;0.0;-0.00017753244589912724;0.0;0.992318802112822;0.0;0.0;0.0;0.0;0.0;0.019873771889208233;3.7513521046845684;6.658743680819255e-11;1.2758636180189722;-5.047218053661691;0.0;0.0;0.0;0.0;0.0;85.60219259481818;427.2702131502628;0.0;412.50935462653956;-0.13309900717468642
5507.0;0.0;-0.00017753244589912724;0.0;0.992318802112822;0.0;0.0;0.0;0.0;0.0;0.019873771889208233;3.7513521046845684;6.658743680819255e-11;1.2758636180189722;-5.047218053661691;0.0;0.0;0.0;0.0;0.0;85.60219259481818;427.2702131502628;0.0;412.50935462653956;-0.13309900717468642
5508.0;0.0;-0.00017753244589912724;0.0;0.992318802112822;0.0;0.0;0.0;0.0;0.0;0.019873771889208233;3.7513521046845684;6.658743680819255e-11;1.2758636180189722;-5.047218053661691;0.0;0.0;0.0;0.0;0.0;85.60219259481818;427.2702131502628;0.0;412.50935462653956;-0.13309900717468642
5509.0;0.0;-0.00017753244589912724;0.0;0.992318802112822;0.0;0.0;0.0;0.0;0.0;0.019873771889208233;3.7513521046845684;6.658743680819255e-11;1.2758636180189722;-5.047218053661691;0.0;0.0;0.0;0.0;0.0;85.60219259481818;427.2702131502628;0.0;412.50935462653956;-0.13309900717468642
5510.0;0.0;-0.00017753244589912724;0.0;0.992318802112822;0.0;0.0;0.0;0.0;0.0;0.019873771889208233;3.7513521046845684;6.658743680819255e-11;1.2758636180189722;-5.047218053661691;0.0;0.0;0.0;0.0;0.0;85.60219259481818;427.2702131502628;0.0;412.50935462653956;-0.13309900717468642
5511.0;0.0;-0.00017753244589912724;0.0;0.992318802112822;0.0;0.0;0.0;0.0;0.0;0.019873771889208233;3.7513521046845684;6.658743680819255e-11;1.2758636180189722;-5.047218053661691;0.0;0.0;0.0;0.0;0.0;85.60219259481818;427.2702131502628;0.0;412.50935462653956;-0.13309900717468642
5512.0;0.0;-0.00017753244589912724;0.0;0.992318802112822;0.0;0.0;0.0;0.0;0.0;0.019873771889208233;3.7513521046845684;6.658743680819255e-11;1.2758636180189722;-5.047218053661691;0.0;0.0;0.0;0.0;0.0;85.60219259481818;427.2702131502628;0.0;412.50935462653956;-0.13309900717468642
5513.0;0.0;-0.00017753244589912724;0.0;0.992318802112822;0.0;0.0;0.0;0.0;0.0;0.019873771889208233;3.7513521046845684;6.658743680819255e-11;1.2758636180189722;-5.047218053661691;0.0;0.0;0.0;0.0;0.0;85.60219259481818;427.2702131502628;0.0;412.50935462653956;-0.13309900717468642
5514.0;0.0;-0.00017753244589912724;0.0;0.992318802112822;0.0;0.0;0.0;0.0;0.0;0.019873771889208233;3.7513521046845684;6.658743680819255e-11;1.2758636180189722;-5.047218053661691;0.0;0.0;0.0;0.0;0.0;85.60219259481818;427.2702131502628;0.0;412.50935462653956;-0.13309900717468642
5515.0;0.0;-0.00017753244589912724;0.0;0.992318802112822;0.0;0.0;0.0;0.0;0.0;0.019873771889208233;3.7513521046845684;6.658743680819255e-11;1.2758636180189722;-5.047218053661691;0.0;0.0;0.0;0.0;0.0;85.60219259481818;427.2702131502628;0.0;412.50935462653956;-0.13309900717468642
5516.0;0.0;-0.00017753244589912724;0.0;0.992318802112822;0.0;0.0;0.0;0.0;0.0;0.019873771889208233;3.7513521046845684;6.658743680819255e-11;1.2758636180189722;-5.047218053661691;0.0;0.0;0.0;0.0;0.0;85.60219259481818;427.2702131502628;0.0;412.50935462653956;-0.13309900717468642
5517.0;0.0;-0.00017753244589912724;0.0;0.992318802112822;0.0;0.0;0.0;0.0;0.0;0.019873771889208233;3.7513521046845684;6.658743680819255e-11;1.2758636180189722;-5.047218053661691;0.0;0.0;0.0;0.0;0.0;85.60219259481818;427.2702131502628;0.0;412.50935462653956;-0.13309900717468642
5518.0;0.0;-0.00017753244589912724;0.0;0.992318802112822;0.0;0.0;0.0;0.0;0.0;0.019873771889208233;3.7513521046845684;6.658743680819255e-11;1.2758636180189722;-5.047218053661691;0.0;0.0;0.0;0.0;0.0;85.60219259481818;427.2702131502628;0.0;412.50935462653956;-0.13309900717468642
5519.0;0.0;-0.00017753244589912724;0.0;0.992318802112822;0.0;0.0;0.0;0.0;0.0;0.019873771889208233;3.7513521046845684;6.658743680819255e-11;1.2758636180189722;-5.047218053661691;0.0;0.0;0.0;0.0;0.0;85.60219259481818;427.2702131502628;0.0;412.50935462653956;-0.13309900717468642
5520.0;0.0;-0.00017753244589912724;0.0;0.992318802112822;0.0;0.0;0.0;0.0;0.0;0.019873771889208233;3.7513521046845684;6.658743680819255e-11;1.2758636180189722;-5.047218053661691;0.0;0.0;0.0;0.0;0.0;85.60219259481818;427.2702131502628;0.0;412.50935462653956;-0.13309900717468642
5521.0;0.0;-1.1610600599443254e-5;0.0;0.992318802112822;0.0;0.0;0.0;0.0;0.0;0.000660081066126565;4.62845993271894;0.0;2.1532141578479047;-6.782337634645106;0.0;0.0;0.0;0.0;0.0;85.60219259481818;427.2702131502628;0.0;412.50935462653956;-0.13309900717468642
5522.0;0.0;-1.1610600599443254e-5;0.0;0.992318802112822;0.0;0.0;0.0;0.0;0.0;0.000660081066126565;4.62845993271894;0.0;2.1532141578479047;-6.782337634645106;0.0;0.0;0.0;0.0;0.0;85.60219259481818;427.2702131502628;0.0;412.50935462653956;-0.13309900717468642
5523.0;0.0;-1.1610600599443254e-5;0.0;0.992318802112822;0.0;0.0;0.0;0.0;0.0;0.000660081066126565;4.62845993271894;0.0;2.1532141578479047;-6.782337634645106;0.0;0.0;0.0;0.0;0.0;85.60219259481818;427.2702131502628;0.0;412.50935462653956;-0.13309900717468642
5524.0;0.0;-1.1610600599443254e-5;0.0;0.992318802112822;0.0;0.0;0.0;0.0;0.0;0.000660081066126565;4.62845993271894;0.0;2.1532141578479047;-6.782337634645106;0.0;0.0;0.0;0.0;0.0;85.60219259481818;427.2702131502628;0.0;412.50935462653956;-0.13309900717468642
5525.0;0.0;-1.1610600599443254e-5;0.0;0.992318802112822;0.0;0.0;0.0;0.0;0.0;0.000660081066126565;4.62845993271894;0.0;2.1532141578479047;-6.782337634645106;0.0;0.0;0.0;0.0;0.0;85.60219259481818;427.2702131502628;0.0;412.50935462653956;-0.13309900717468642
5526.0;0.0;-1.1610600599443254e-5;0.0;0.992318802112822;0.0;0.0;0.0;0.0;0.0;0.000660081066126565;4.62845993271894;0.0;2.1532141578479047;-6.782337634645106;0.0;0.0;0.0;0.0;0.0;85.60219259481818;427.2702131502628;0.0;412.50935462653956;-0.13309900717468642
5527.0;0.0;-1.1610600599443254e-5;0.0;0.992318802112822;0.0;0.0;0.0;0.0;0.0;0.000660081066126565;4.62845993271894;0.0;2.1532141578479047;-6.782337634645106;0.0;0.0;0.0;0.0;0.0;85.60219259481818;427.2702131502628;0.0;412.50935462653956;-0.13309900717468642
5528.0;0.0;-1.1610600599443254e-5;0.0;0.992318802112822;0.0;0.0;0.0;0.0;0.0;0.000660081066126565;4.62845993271894;0.0;2.1532141578479047;-6.782337634645106;0.0;0.0;0.0;0.0;0.0;85.60219259481818;427.2702131502628;0.0;412.50935462653956;-0.13309900717468642
5529.0;0.0;-1.1610600599443254e-5;0.0;0.992318802112822;0.0;0.0;0.0;0.0;0.0;0.000660081066126565;4.62845993271894;0.0;2.1532141578479047;-6.782337634645106;0.0;0.0;0.0;0.0;0.0;85.60219259481818;427.2702131502628;0.0;412.50935462653956;-0.13309900717468642
5530.0;0.0;-1.1610600599443254e-5;0.0;0.992318802112822;0.0;0.0;0.0;0.0;0.0;0.000660081066126565;4.62845993271894;0.0;2.1532141578479047;-6.782337634645106;0.0;0.0;0.0;0.0;0.0;85.60219259481818;427.2702131502628;0.0;412.50935462653956;-0.13309900717468642
5531.0;0.0;-1.1610600599443254e-5;0.0;0.992318802112822;0.0;0.0;0.0;0.0;0.0;0.000660081066126565;4.62845993271894;0.0;2.1532141578479047;-6.782337634645106;0.0;0.0;0.0;0.0;0.0;85.60219259481818;427.2702131502628;0.0;412.50935462653956;-0.13309900717468642
5532.0;0.0;-1.1610600599443254e-5;0.0;0.992318802112822;0.0;0.0;0.0;0.0;0.0;0.000660081066126565;4.62845993271894;0.0;2.1532141578479047;-6.782337634645106;0.0;0.0;0.0;0.0;0.0;85.60219259481818;427.2702131502628;0.0;412.50935462653956;-0.13309900717468642
5533.0;0.0;-1.1610600599443254e-5;0.0;0.992318802112822;0.0;0.0;0.0;0.0;0.0;0.000660081066126565;4.62845993271894;0.0;2.1532141578479047;-6.782337634645106;0.0;0.0;0.0;0.0;0.0;85.60219259481818;427.2702131502628;0.0;412.50935462653956;-0.13309900717468642
5534.0;0.0;-1.1610600599443254e-5;0.0;0.992318802112822;0.0;0.0;0.0;0.0;0.0;0.000660081066126565;4.62845993271894;0.0;2.1532141578479047;-6.782337634645106;0.0;0.0;0.0;0.0;0.0;85.60219259481818;427.2702131502628;0.0;412.50935462653956;-0.13309900717468642
5535.0;0.0;-1.1610600599443254e-5;0.0;0.992318802112822;0.0;0.0;0.0;0.0;0.0;0.000660081066126565;4.62845993271894;0.0;2.1532141578479047;-6.782337634645106;0.0;0.0;0.0;0.0;0.0;85.60219259481818;427.2702131502628;0.0;412.50935462653956;-0.13309900717468642
5536.0;0.0;-1.1610600599443254e-5;0.0;0.992318802112822;0.0;0.0;0.0;0.0;0.0;0.000660081066126565;4.62845993271894;0.0;2.1532141578479047;-6.782337634645106;0.0;0.0;0.0;0.0;0.0;85.60219259481818;427.2702131502628;0.0;412.50935462653956;-0.13309900717468642
5537.0;0.0;-1.1610600599443254e-5;0.0;0.992318802112822;0.0;0.0;0.0;0.0;0.0;0.000660081066126565;4.62845993271894;0.0;2.1532141578479047;-6.782337634645106;0.0;0.0;0.0;0.0;0.0;85.60219259481818;427.2702131502628;0.0;412.50935462653956;-0.13309900717468642
5538.0;0.0;-1.1610600599443254e-5;0.0;0.992318802112822;0.0;0.0;0.0;0.0;0.0;0.000660081066126565;4.62845993271894;0.0;2.1532141578479047;-6.782337634645106;0.0;0.0;0.0;0.0;0.0;85.60219259481818;427.2702131502628;0.0;412.50935462653956;-0.13309900717468642
5539.0;0.0;-1.1610600599443254e-5;0.0;0.992318802112822;0.0;0.0;0.0;0.0;0.0;0.000660081066126565;4.62845993271894;0.0;2.1532141578479047;-6.782337634645106;0.0;0.0;0.0;0.0;0.0;85.60219259481818;427.2702131502628;0.0;412.50935462653956;-0.13309900717468642
5540.0;0.0;-1.1610600599443254e-5;0.0;0.992318802112822;0.0;0.0;0.0;0.0;0.0;0.000660081066126565;4.62845993271894;0.0;2.1532141578479047;-6.782337634645106;0.0;0.0;0.0;0.0;0.0;85.60219259481818;427.2702131502628;0.0;412.50935462653956;-0.13309900717468642
5541.0;0.0;-1.1610600599443254e-5;0.0;0.992318802112822;0.0;0.0;0.0;0.0;0.0;0.000660081066126565;4.62845993271894;0.0;2.1532141578479047;-6.782337634645106;0.0;0.0;0.0;0.0;0.0;85.60219259481818;427.2702131502628;0.0;412.50935462653956;-0.13309900717468642
5542.0;0.0;-1.1610600599443254e-5;0.0;0.992318802112822;0.0;0.0;0.0;0.0;0.0;0.000660081066126565;4.62845993271894;0.0;2.1532141578479047;-6.782337634645106;0.0;0.0;0.0;0.0;0.0;85.60219259481818;427.2702131502628;0.0;412.50935462653956;-0.13309900717468642
5543.0;0.0;-1.1610600599443254e-5;0.0;0.992318802112822;0.0;0.0;0.0;0.0;0.0;0.000660081066126565;4.62845993271894;0.0;2.1532141578479047;-6.782337634645106;0.0;0.0;0.0;0.0;0.0;85.60219259481818;427.2702131502628;0.0;412.50935462653956;-0.13309900717468642
5544.0;0.0;-1.1610600599443254e-5;0.0;0.992318802112822;0.0;0.0;0.0;0.0;0.0;0.000660081066126565;4.62845993271894;0.0;2.1532141578479047;-6.782337634645106;0.0;0.0;0.0;0.0;0.0;85.60219259481818;427.2702131502628;0.0;412.50935462653956;-0.13309900717468642
5545.0;0.0;-1.4162833102067255e-5;0.0;0.992318802112822;0.0;0.0;0.0;0.0;0.0;0.0007764371858087099;3.138763466114267;0.0;3.8231274573006835;-6.962676934528843;0.0;0.0;0.0;0.0;0.0;85.60219259481818;427.2702131502628;0.0;412.50935462653956;-0.13309900717468642
5546.0;0.0;-1.4162833102067255e-5;0.0;0.992318802112822;0.0;0.0;0.0;0.0;0.0;0.0007764371858087099;3.138763466114267;0.0;3.8231274573006835;-6.962676934528843;0.0;0.0;0.0;0.0;0.0;85.60219259481818;427.2702131502628;0.0;412.50935462653956;-0.13309900717468642
5547.0;0.0;-1.4162833102067255e-5;0.0;0.992318802112822;0.0;0.0;0.0;0.0;0.0;0.0007764371858087099;3.138763466114267;0.0;3.8231274573006835;-6.962676934528843;0.0;0.0;0.0;0.0;0.0;85.60219259481818;427.2702131502628;0.0;412.50935462653956;-0.13309900717468642
5548.0;0.0;-1.4162833102067255e-5;0.0;0.992318802112822;0.0;0.0;0.0;0.0;0.0;0.0007764371858087099;3.138763466114267;0.0;3.8231274573006835;-6.962676934528843;0.0;0.0;0.0;0.0;0.0;85.60219259481818;427.2702131502628;0.0;412.50935462653956;-0.13309900717468642
5549.0;0.0;-1.4162833102067255e-5;0.0;0.992318802112822;0.0;0.0;0.0;0.0;0.0;0.0007764371858087099;3.138763466114267;0.0;3.8231274573006835;-6.962676934528843;0.0;0.0;0.0;0.0;0.0;85.60219259481818;427.2702131502628;0.0;412.50935462653956;-0.13309900717468642
5550.0;0.0;-1.4162833102067255e-5;0.0;0.992318802112822;0.0;0.0;0.0;0.0;0.0;0.0007764371858087099;3.138763466114267;0.0;3.8231274573006835;-6.962676934528843;0.0;0.0;0.0;0.0;0.0;85.60219259481818;427.2702131502628;0.0;412.50935462653956;-0.13309900717468642
5551.0;0.0;-1.4162833102067255e-5;0.0;0.992318802112822;0.0;0.0;0.0;0.0;0.0;0.0007764371858087099;3.138763466114267;0.0;3.8231274573006835;-6.962676934528843;0.0;0.0;0.0;0.0;0.0;85.60219259481818;427.2702131502628;0.0;412.50935462653956;-0.13309900717468642
5552.0;0.0;-1.4162833102067255e-5;0.0;0.992318802112822;0.0;0.0;0.0;0.0;0.0;0.0007764371858087099;3.138763466114267;0.0;3.8231274573006835;-6.962676934528843;0.0;0.0;0.0;0.0;0.0;85.60219259481818;427.2702131502628;0.0;412.50935462653956;-0.13309900717468642
5553.0;0.0;-1.4162833102067255e-5;0.0;0.992318802112822;0.0;0.0;0.0;0.0;0.0;0.0007764371858087099;3.138763466114267;0.0;3.8231274573006835;-6.962676934528843;0.0;0.0;0.0;0.0;0.0;85.60219259481818;427.2702131502628;0.0;412.50935462653956;-0.13309900717468642
5554.0;0.0;-1.4162833102067255e-5;0.0;0.992318802112822;0.0;0.0;0.0;0.0;0.0;0.0007764371858087099;3.138763466114267;0.0;3.8231274573006835;-6.962676934528843;0.0;0.0;0.0;0.0;0.0;85.60219259481818;427.2702131502628;0.0;412.50935462653956;-0.13309900717468642
5555.0;0.0;-1.4162833102067255e-5;0.0;0.992318802112822;0.0;0.0;0.0;0.0;0.0;0.0007764371858087099;3.138763466114267;0.0;3.8231274573006835;-6.962676934528843;0.0;0.0;0.0;0.0;0.0;85.60219259481818;427.2702131502628;0.0;412.50935462653956;-0.13309900717468642
5556.0;0.0;-1.4162833102067255e-5;0.0;0.992318802112822;0.0;0.0;0.0;0.0;0.0;0.0007764371858087099;3.138763466114267;0.0;3.8231274573006835;-6.962676934528843;0.0;0.0;0.0;0.0;0.0;85.60219259481818;427.2702131502628;0.0;412.50935462653956;-0.13309900717468642
5557.0;0.0;-1.4162833102067255e-5;0.0;0.992318802112822;0.0;0.0;0.0;0.0;0.0;0.0007764371858087099;3.138763466114267;0.0;3.8231274573006835;-6.962676934528843;0.0;0.0;0.0;0.0;0.0;85.60219259481818;427.2702131502628;0.0;412.50935462653956;-0.13309900717468642
5558.0;0.0;-1.4162833102067255e-5;0.0;0.992318802112822;0.0;0.0;0.0;0.0;0.0;0.0007764371858087099;3.138763466114267;0.0;3.8231274573006835;-6.962676934528843;0.0;0.0;0.0;0.0;0.0;85.60219259481818;427.2702131502628;0.0;412.50935462653956;-0.13309900717468642
5559.0;0.0;-1.4162833102067255e-5;0.0;0.992318802112822;0.0;0.0;0.0;0.0;0.0;0.0007764371858087099;3.138763466114267;0.0;3.8231274573006835;-6.962676934528843;0.0;0.0;0.0;0.0;0.0;85.60219259481818;427.2702131502628;0.0;412.50935462653956;-0.13309900717468642
5560.0;0.0;-1.4162833102067255e-5;0.0;0.992318802112822;0.0;0.0;0.0;0.0;0.0;0.0007764371858087099;3.138763466114267;0.0;3.8231274573006835;-6.962676934528843;0.0;0.0;0.0;0.0;0.0;85.60219259481818;427.2702131502628;0.0;412.50935462653956;-0.13309900717468642
5561.0;0.0;-1.4162833102067255e-5;0.0;0.992318802112822;0.0;0.0;0.0;0.0;0.0;0.0007764371858087099;3.138763466114267;0.0;3.8231274573006835;-6.962676934528843;0.0;0.0;0.0;0.0;0.0;85.60219259481818;427.2702131502628;0.0;412.50935462653956;-0.13309900717468642
5562.0;0.0;-1.4162833102067255e-5;0.0;0.992318802112822;0.0;0.0;0.0;0.0;0.0;0.0007764371858087099;3.138763466114267;0.0;3.8231274573006835;-6.962676934528843;0.0;0.0;0.0;0.0;0.0;85.60219259481818;427.2702131502628;0.0;412.50935462653956;-0.13309900717468642
5563.0;0.0;-1.4162833102067255e-5;0.0;0.992318802112822;0.0;0.0;0.0;0.0;0.0;0.0007764371858087099;3.138763466114267;0.0;3.8231274573006835;-6.962676934528843;0.0;0.0;0.0;0.0;0.0;85.60219259481818;427.2702131502628;0.0;412.50935462653956;-0.13309900717468642
5564.0;0.0;-1.4162833102067255e-5;0.0;0.992318802112822;0.0;0.0;0.0;0.0;0.0;0.0007764371858087099;3.138763466114267;0.0;3.8231274573006835;-6.962676934528843;0.0;0.0;0.0;0.0;0.0;85.60219259481818;427.2702131502628;0.0;412.50935462653956;-0.13309900717468642
5565.0;0.0;-1.4162833102067255e-5;0.0;0.992318802112822;0.0;0.0;0.0;0.0;0.0;0.0007764371858087099;3.138763466114267;0.0;3.8231274573006835;-6.962676934528843;0.0;0.0;0.0;0.0;0.0;85.60219259481818;427.2702131502628;0.0;412.50935462653956;-0.13309900717468642
5566.0;0.0;-1.4162833102067255e-5;0.0;0.992318802112822;0.0;0.0;0.0;0.0;0.0;0.0007764371858087099;3.138763466114267;0.0;3.8231274573006835;-6.962676934528843;0.0;0.0;0.0;0.0;0.0;85.60219259481818;427.2702131502628;0.0;412.50935462653956;-0.13309900717468642
5567.0;0.0;-1.4162833102067255e-5;0.0;0.992318802112822;0.0;0.0;0.0;0.0;0.0;0.0007764371858087099;3.138763466114267;0.0;3.8231274573006835;-6.962676934528843;0.0;0.0;0.0;0.0;0.0;85.60219259481818;427.2702131502628;0.0;412.50935462653956;-0.13309900717468642
5568.0;0.0;-1.4162833102067255e-5;0.0;0.992318802112822;0.0;0.0;0.0;0.0;0.0;0.0007764371858087099;3.138763466114267;0.0;3.8231274573006835;-6.962676934528843;0.0;0.0;0.0;0.0;0.0;85.60219259481818;427.2702131502628;0.0;412.50935462653956;-0.13309900717468642
5569.0;0.0;-0.000125067080642214;0.0;1.3098538754034315;0.0;0.0;0.0;0.0;0.0;0.0013136358101440647;1.6934639540387009;0.0;5.15513162984869;-6.8498870251665585;0.0;0.0;0.0;0.0;0.0;93.4109645797692;425.35902897577864;2.5042676372867216;412.6874800209294;-2.9060881334351836e-7
5570.0;0.0;-0.000125067080642214;0.0;1.3098538754034315;0.0;0.0;0.0;0.0;0.0;0.0013136358101440647;1.6934639540387009;0.0;5.15513162984869;-6.8498870251665585;0.0;0.0;0.0;0.0;0.0;93.4109645797692;425.35902897577864;2.5042676372867216;412.6874800209294;-2.9060881334351836e-7
5571.0;0.0;-0.000125067080642214;0.0;1.3098538754034315;0.0;0.0;0.0;0.0;0.0;0.0013136358101440647;1.6934639540387009;0.0;5.15513162984869;-6.8498870251665585;0.0;0.0;0.0;0.0;0.0;93.4109645797692;425.35902897577864;2.5042676372867216;412.6874800209294;-2.9060881334351836e-7
5572.0;0.0;-0.000125067080642214;0.0;1.3098538754034315;0.0;0.0;0.0;0.0;0.0;0.0013136358101440647;1.6934639540387009;0.0;5.15513162984869;-6.8498870251665585;0.0;0.0;0.0;0.0;0.0;93.4109645797692;425.35902897577864;2.5042676372867216;412.6874800209294;-2.9060881334351836e-7
5573.0;0.0;-0.000125067080642214;0.0;1.3098538754034315;0.0;0.0;0.0;0.0;0.0;0.0013136358101440647;1.6934639540387009;0.0;5.15513162984869;-6.8498870251665585;0.0;0.0;0.0;0.0;0.0;93.4109645797692;425.35902897577864;2.5042676372867216;412.6874800209294;-2.9060881334351836e-7
5574.0;0.0;-0.000125067080642214;0.0;1.3098538754034315;0.0;0.0;0.0;0.0;0.0;0.0013136358101440647;1.6934639540387009;0.0;5.15513162984869;-6.8498870251665585;0.0;0.0;0.0;0.0;0.0;93.4109645797692;425.35902897577864;2.5042676372867216;412.6874800209294;-2.9060881334351836e-7
5575.0;0.0;-0.000125067080642214;0.0;1.3098538754034315;0.0;0.0;0.0;0.0;0.0;0.0013136358101440647;1.6934639540387009;0.0;5.15513162984869;-6.8498870251665585;0.0;0.0;0.0;0.0;0.0;93.4109645797692;425.35902897577864;2.5042676372867216;412.6874800209294;-2.9060881334351836e-7
5576.0;0.0;-0.000125067080642214;0.0;1.3098538754034315;0.0;0.0;0.0;0.0;0.0;0.0013136358101440647;1.6934639540387009;0.0;5.15513162984869;-6.8498870251665585;0.0;0.0;0.0;0.0;0.0;93.4109645797692;425.35902897577864;2.5042676372867216;412.6874800209294;-2.9060881334351836e-7
5577.0;0.0;-0.000125067080642214;0.0;1.3098538754034315;0.0;0.0;0.0;0.0;0.0;0.0013136358101440647;1.6934639540387009;0.0;5.15513162984869;-6.8498870251665585;0.0;0.0;0.0;0.0;0.0;93.4109645797692;425.35902897577864;2.5042676372867216;412.6874800209294;-2.9060881334351836e-7
5578.0;0.0;-0.000125067080642214;0.0;1.3098538754034315;0.0;0.0;0.0;0.0;0.0;0.0013136358101440647;1.6934639540387009;0.0;5.15513162984869;-6.8498870251665585;0.0;0.0;0.0;0.0;0.0;93.4109645797692;425.35902897577864;2.5042676372867216;412.6874800209294;-2.9060881334351836e-7
5579.0;0.0;-0.000125067080642214;0.0;1.3098538754034315;0.0;0.0;0.0;0.0;0.0;0.0013136358101440647;1.6934639540387009;0.0;5.15513162984869;-6.8498870251665585;0.0;0.0;0.0;0.0;0.0;93.4109645797692;425.35902897577864;2.5042676372867216;412.6874800209294;-2.9060881334351836e-7
5580.0;0.0;-0.000125067080642214;0.0;1.3098538754034315;0.0;0.0;0.0;0.0;0.0;0.0013136358101440647;1.6934639540387009;0.0;5.15513162984869;-6.8498870251665585;0.0;0.0;0.0;0.0;0.0;93.4109645797692;425.35902897577864;2.5042676372867216;412.6874800209294;-2.9060881334351836e-7
5581.0;0.0;-0.000125067080642214;0.0;1.3098538754034315;0.0;0.0;0.0;0.0;0.0;0.0013136358101440647;1.6934639540387009;0.0;5.15513162984869;-6.8498870251665585;0.0;0.0;0.0;0.0;0.0;93.4109645797692;425.35902897577864;2.5042676372867216;412.6874800209294;-2.9060881334351836e-7
5582.0;0.0;-0.000125067080642214;0.0;1.3098538754034315;0.0;0.0;0.0;0.0;0.0;0.0013136358101440647;1.6934639540387009;0.0;5.15513162984869;-6.8498870251665585;0.0;0.0;0.0;0.0;0.0;93.4109645797692;425.35902897577864;2.5042676372867216;412.6874800209294;-2.9060881334351836e-7
5583.0;0.0;-0.000125067080642214;0.0;1.3098538754034315;0.0;0.0;0.0;0.0;0.0;0.0013136358101440647;1.6934639540387009;0.0;5.15513162984869;-6.8498870251665585;0.0;0.0;0.0;0.0;0.0;93.4109645797692;425.35902897577864;2.5042676372867216;412.6874800209294;-2.9060881334351836e-7
5584.0;0.0;-0.000125067080642214;0.0;1.3098538754034315;0.0;0.0;0.0;0.0;0.0;0.0013136358101440647;1.6934639540387009;0.0;5.15513162984869;-6.8498870251665585;0.0;0.0;0.0;0.0;0.0;93.4109645797692;425.35902897577864;2.5042676372867216;412.6874800209294;-2.9060881334351836e-7
5585.0;0.0;-0.000125067080642214;0.0;1.3098538754034315;0.0;0.0;0.0;0.0;0.0;0.0013136358101440647;1.6934639540387009;0.0;5.15513162984869;-6.8498870251665585;0.0;0.0;0.0;0.0;0.0;93.4109645797692;425.35902897577864;2.5042676372867216;412.6874800209294;-2.9060881334351836e-7
5586.0;0.0;-0.000125067080642214;0.0;1.3098538754034315;0.0;0.0;0.0;0.0;0.0;0.0013136358101440647;1.6934639540387009;0.0;5.15513162984869;-6.8498870251665585;0.0;0.0;0.0;0.0;0.0;93.4109645797692;425.35902897577864;2.5042676372867216;412.6874800209294;-2.9060881334351836e-7
5587.0;0.0;-0.000125067080642214;0.0;1.3098538754034315;0.0;0.0;0.0;0.0;0.0;0.0013136358101440647;1.6934639540387009;0.0;5.15513162984869;-6.8498870251665585;0.0;0.0;0.0;0.0;0.0;93.4109645797692;425.35902897577864;2.5042676372867216;412.6874800209294;-2.9060881334351836e-7
5588.0;0.0;-0.000125067080642214;0.0;1.3098538754034315;0.0;0.0;0.0;0.0;0.0;0.0013136358101440647;1.6934639540387009;0.0;5.15513162984869;-6.8498870251665585;0.0;0.0;0.0;0.0;0.0;93.4109645797692;425.35902897577864;2.5042676372867216;412.6874800209294;-2.9060881334351836e-7
5589.0;0.0;-0.000125067080642214;0.0;1.3098538754034315;0.0;0.0;0.0;0.0;0.0;0.0013136358101440647;1.6934639540387009;0.0;5.15513162984869;-6.8498870251665585;0.0;0.0;0.0;0.0;0.0;93.4109645797692;425.35902897577864;2.5042676372867216;412.6874800209294;-2.9060881334351836e-7
5590.0;0.0;-0.000125067080642214;0.0;1.3098538754034315;0.0;0.0;0.0;0.0;0.0;0.0013136358101440647;1.6934639540387009;0.0;5.15513162984869;-6.8498870251665585;0.0;0.0;0.0;0.0;0.0;93.4109645797692;425.35902897577864;2.5042676372867216;412.6874800209294;-2.9060881334351836e-7
5591.0;0.0;-0.000125067080642214;0.0;1.3098538754034315;0.0;0.0;0.0;0.0;0.0;0.0013136358101440647;1.6934639540387009;0.0;5.15513162984869;-6.8498870251665585;0.0;0.0;0.0;0.0;0.0;93.4109645797692;425.35902897577864;2.5042676372867216;412.6874800209294;-2.9060881334351836e-7
5592.0;0.0;-0.000125067080642214;0.0;1.3098538754034315;0.0;0.0;0.0;0.0;0.0;0.0013136358101440647;1.6934639540387009;0.0;5.15513162984869;-6.8498870251665585;0.0;0.0;0.0;0.0;0.0;93.4109645797692;425.35902897577864;2.5042676372867216;412.6874800209294;-2.9060881334351836e-7
5593.0;0.0;-0.00011466879850722968;0.0;1.3098538754034315;0.0;0.0;0.0;0.0;0.0;0.0010634624113484382;1.730018891071133;6.002863988015947e-10;5.116896530211944;-6.848061395109175;0.0;0.0;0.0;0.0;0.0;93.4109645797692;425.35902897577864;2.5042676372867216;412.6874800209294;-2.9060881334351836e-7
5594.0;0.0;-0.00011466879850722968;0.0;1.3098538754034315;0.0;0.0;0.0;0.0;0.0;0.0010634624113484382;1.730018891071133;6.002863988015947e-10;5.116896530211944;-6.848061395109175;0.0;0.0;0.0;0.0;0.0;93.4109645797692;425.35902897577864;2.5042676372867216;412.6874800209294;-2.9060881334351836e-7
5595.0;0.0;-0.00011466879850722968;0.0;1.3098538754034315;0.0;0.0;0.0;0.0;0.0;0.0010634624113484382;1.730018891071133;6.002863988015947e-10;5.116896530211944;-6.848061395109175;0.0;0.0;0.0;0.0;0.0;93.4109645797692;425.35902897577864;2.5042676372867216;412.6874800209294;-2.9060881334351836e-7
5596.0;0.0;-0.00011466879850722968;0.0;1.3098538754034315;0.0;0.0;0.0;0.0;0.0;0.0010634624113484382;1.730018891071133;6.002863988015947e-10;5.116896530211944;-6.848061395109175;0.0;0.0;0.0;0.0;0.0;93.4109645797692;425.35902897577864;2.5042676372867216;412.6874800209294;-2.9060881334351836e-7
5597.0;0.0;-0.00011466879850722968;0.0;1.3098538754034315;0.0;0.0;0.0;0.0;0.0;0.0010634624113484382;1.730018891071133;6.002863988015947e-10;5.116896530211944;-6.848061395109175;0.0;0.0;0.0;0.0;0.0;93.4109645797692;425.35902897577864;2.5042676372867216;412.6874800209294;-2.9060881334351836e-7
5598.0;0.0;-0.00011466879850722968;0.0;1.3098538754034315;0.0;0.0;0.0;0.0;0.0;0.0010634624113484382;1.730018891071133;6.002863988015947e-10;5.116896530211944;-6.848061395109175;0.0;0.0;0.0;0.0;0.0;93.4109645797692;425.35902897577864;2.5042676372867216;412.6874800209294;-2.9060881334351836e-7
5599.0;0.0;-0.00011466879850722968;0.0;1.3098538754034315;0.0;0.0;0.0;0.0;0.0;0.0010634624113484382;1.730018891071133;6.002863988015947e-10;5.116896530211944;-6.848061395109175;0.0;0.0;0.0;0.0;0.0;93.4109645797692;425.35902897577864;2.5042676372867216;412.6874800209294;-2.9060881334351836e-7
5600.0;0.0;-0.00011466879850722968;0.0;1.3098538754034315;0.0;0.0;0.0;0.0;0.0;0.0010634624113484382;1.730018891071133;6.002863988015947e-10;5.116896530211944;-6.848061395109175;0.0;0.0;0.0;0.0;0.0;93.4109645797692;425.35902897577864;2.5042676372867216;412.6874800209294;-2.9060881334351836e-7
5601.0;0.0;-0.00011466879850722968;0.0;1.3098538754034315;0.0;0.0;0.0;0.0;0.0;0.0010634624113484382;1.730018891071133;6.002863988015947e-10;5.116896530211944;-6.848061395109175;0.0;0.0;0.0;0.0;0.0;93.4109645797692;425.35902897577864;2.5042676372867216;412.6874800209294;-2.9060881334351836e-7
5602.0;0.0;-0.00011466879850722968;0.0;1.3098538754034315;0.0;0.0;0.0;0.0;0.0;0.0010634624113484382;1.730018891071133;6.002863988015947e-10;5.116896530211944;-6.848061395109175;0.0;0.0;0.0;0.0;0.0;93.4109645797692;425.35902897577864;2.5042676372867216;412.6874800209294;-2.9060881334351836e-7
5603.0;0.0;-0.00011466879850722968;0.0;1.3098538754034315;0.0;0.0;0.0;0.0;0.0;0.0010634624113484382;1.730018891071133;6.002863988015947e-10;5.116896530211944;-6.848061395109175;0.0;0.0;0.0;0.0;0.0;93.4109645797692;425.35902897577864;2.5042676372867216;412.6874800209294;-2.9060881334351836e-7
5604.0;0.0;-0.00011466879850722968;0.0;1.3098538754034315;0.0;0.0;0.0;0.0;0.0;0.0010634624113484382;1.730018891071133;6.002863988015947e-10;5.116896530211944;-6.848061395109175;0.0;0.0;0.0;0.0;0.0;93.4109645797692;425.35902897577864;2.5042676372867216;412.6874800209294;-2.9060881334351836e-7
5605.0;0.0;-0.00011466879850722968;0.0;1.3098538754034315;0.0;0.0;0.0;0.0;0.0;0.0010634624113484382;1.730018891071133;6.002863988015947e-10;5.116896530211944;-6.848061395109175;0.0;0.0;0.0;0.0;0.0;93.4109645797692;425.35902897577864;2.5042676372867216;412.6874800209294;-2.9060881334351836e-7
5606.0;0.0;-0.00011466879850722968;0.0;1.3098538754034315;0.0;0.0;0.0;0.0;0.0;0.0010634624113484382;1.730018891071133;6.002863988015947e-10;5.116896530211944;-6.848061395109175;0.0;0.0;0.0;0.0;0.0;93.4109645797692;425.35902897577864;2.5042676372867216;412.6874800209294;-2.9060881334351836e-7
5607.0;0.0;-0.00011466879850722968;0.0;1.3098538754034315;0.0;0.0;0.0;0.0;0.0;0.0010634624113484382;1.730018891071133;6.002863988015947e-10;5.116896530211944;-6.848061395109175;0.0;0.0;0.0;0.0;0.0;93.4109645797692;425.35902897577864;2.5042676372867216;412.6874800209294;-2.9060881334351836e-7
5608.0;0.0;-0.00011466879850722968;0.0;1.3098538754034315;0.0;0.0;0.0;0.0;0.0;0.0010634624113484382;1.730018891071133;6.002863988015947e-10;5.116896530211944;-6.848061395109175;0.0;0.0;0.0;0.0;0.0;93.4109645797692;425.35902897577864;2.5042676372867216;412.6874800209294;-2.9060881334351836e-7
5609.0;0.0;-0.00011466879850722968;0.0;1.3098538754034315;0.0;0.0;0.0;0.0;0.0;0.0010634624113484382;1.730018891071133;6.002863988015947e-10;5.116896530211944;-6.848061395109175;0.0;0.0;0.0;0.0;0.0;93.4109645797692;425.35902897577864;2.5042676372867216;412.6874800209294;-2.9060881334351836e-7
5610.0;0.0;-0.00011466879850722968;0.0;1.3098538754034315;0.0;0.0;0.0;0.0;0.0;0.0010634624113484382;1.730018891071133;6.002863988015947e-10;5.116896530211944;-6.848061395109175;0.0;0.0;0.0;0.0;0.0;93.4109645797692;425.35902897577864;2.5042676372867216;412.6874800209294;-2.9060881334351836e-7
5611.0;0.0;-0.00011466879850722968;0.0;1.3098538754034315;0.0;0.0;0.0;0.0;0.0;0.0010634624113484382;1.730018891071133;6.002863988015947e-10;5.116896530211944;-6.848061395109175;0.0;0.0;0.0;0.0;0.0;93.4109645797692;425.35902897577864;2.5042676372867216;412.6874800209294;-2.9060881334351836e-7
5612.0;0.0;-0.00011466879850722968;0.0;1.3098538754034315;0.0;0.0;0.0;0.0;0.0;0.0010634624113484382;1.730018891071133;6.002863988015947e-10;5.116896530211944;-6.848061395109175;0.0;0.0;0.0;0.0;0.0;93.4109645797692;425.35902897577864;2.5042676372867216;412.6874800209294;-2.9060881334351836e-7
5613.0;0.0;-0.00011466879850722968;0.0;1.3098538754034315;0.0;0.0;0.0;0.0;0.0;0.0010634624113484382;1.730018891071133;6.002863988015947e-10;5.116896530211944;-6.848061395109175;0.0;0.0;0.0;0.0;0.0;93.4109645797692;425.35902897577864;2.5042676372867216;412.6874800209294;-2.9060881334351836e-7
5614.0;0.0;-0.00011466879850722968;0.0;1.3098538754034315;0.0;0.0;0.0;0.0;0.0;0.0010634624113484382;1.730018891071133;6.002863988015947e-10;5.116896530211944;-6.848061395109175;0.0;0.0;0.0;0.0;0.0;93.4109645797692;425.35902897577864;2.5042676372867216;412.6874800209294;-2.9060881334351836e-7
5615.0;0.0;-0.00011466879850722968;0.0;1.3098538754034315;0.0;0.0;0.0;0.0;0.0;0.0010634624113484382;1.730018891071133;6.002863988015947e-10;5.116896530211944;-6.848061395109175;0.0;0.0;0.0;0.0;0.0;93.4109645797692;425.35902897577864;2.5042676372867216;412.6874800209294;-2.9060881334351836e-7
5616.0;0.0;-0.00011466879850722968;0.0;1.3098538754034315;0.0;0.0;0.0;0.0;0.0;0.0010634624113484382;1.730018891071133;6.002863988015947e-10;5.116896530211944;-6.848061395109175;0.0;0.0;0.0;0.0;0.0;93.4109645797692;425.35902897577864;2.5042676372867216;412.6874800209294;-2.9060881334351836e-7
5617.0;0.0;-9.938803086733765e-5;0.0;1.3098538754034315;0.0;0.0;0.0;0.0;0.0;0.07532529932458588;4.063311408283408;0.0;1.702841919720203;-5.841336236436594;0.0;0.0;0.0;0.0;0.0;93.4109645797692;425.35902897577864;2.5042676372867216;412.6874800209294;-2.9060881334351836e-7
5618.0;0.0;-9.938803086733765e-5;0.0;1.3098538754034315;0.0;0.0;0.0;0.0;0.0;0.07532529932458588;4.063311408283408;0.0;1.702841919720203;-5.841336236436594;0.0;0.0;0.0;0.0;0.0;93.4109645797692;425.35902897577864;2.5042676372867216;412.6874800209294;-2.9060881334351836e-7
5619.0;0.0;-9.938803086733765e-5;0.0;1.3098538754034315;0.0;0.0;0.0;0.0;0.0;0.07532529932458588;4.063311408283408;0.0;1.702841919720203;-5.841336236436594;0.0;0.0;0.0;0.0;0.0;93.4109645797692;425.35902897577864;2.5042676372867216;412.6874800209294;-2.9060881334351836e-7
5620.0;0.0;-9.938803086733765e-5;0.0;1.3098538754034315;0.0;0.0;0.0;0.0;0.0;0.07532529932458588;4.063311408283408;0.0;1.702841919720203;-5.841336236436594;0.0;0.0;0.0;0.0;0.0;93.4109645797692;425.35902897577864;2.5042676372867216;412.6874800209294;-2.9060881334351836e-7
5621.0;0.0;-9.938803086733765e-5;0.0;1.3098538754034315;0.0;0.0;0.0;0.0;0.0;0.07532529932458588;4.063311408283408;0.0;1.702841919720203;-5.841336236436594;0.0;0.0;0.0;0.0;0.0;93.4109645797692;425.35902897577864;2.5042676372867216;412.6874800209294;-2.9060881334351836e-7
5622.0;0.0;-9.938803086733765e-5;0.0;1.3098538754034315;0.0;0.0;0.0;0.0;0.0;0.07532529932458588;4.063311408283408;0.0;1.702841919720203;-5.841336236436594;0.0;0.0;0.0;0.0;0.0;93.4109645797692;425.35902897577864;2.5042676372867216;412.6874800209294;-2.9060881334351836e-7
5623.0;0.0;-9.938803086733765e-5;0.0;1.3098538754034315;0.0;0.0;0.0;0.0;0.0;0.07532529932458588;4.063311408283408;0.0;1.702841919720203;-5.841336236436594;0.0;0.0;0.0;0.0;0.0;93.4109645797692;425.35902897577864;2.5042676372867216;412.6874800209294;-2.9060881334351836e-7
5624.0;0.0;-9.938803086733765e-5;0.0;1.3098538754034315;0.0;0.0;0.0;0.0;0.0;0.07532529932458588;4.063311408283408;0.0;1.702841919720203;-5.841336236436594;0.0;0.0;0.0;0.0;0.0;93.4109645797692;425.35902897577864;2.5042676372867216;412.6874800209294;-2.9060881334351836e-7
5625.0;0.0;-9.938803086733765e-5;0.0;1.3098538754034315;0.0;0.0;0.0;0.0;0.0;0.07532529932458588;4.063311408283408;0.0;1.702841919720203;-5.841336236436594;0.0;0.0;0.0;0.0;0.0;93.4109645797692;425.35902897577864;2.5042676372867216;412.6874800209294;-2.9060881334351836e-7
5626.0;0.0;-9.938803086733765e-5;0.0;1.3098538754034315;0.0;0.0;0.0;0.0;0.0;0.07532529932458588;4.063311408283408;0.0;1.702841919720203;-5.841336236436594;0.0;0.0;0.0;0.0;0.0;93.4109645797692;425.35902897577864;2.5042676372867216;412.6874800209294;-2.9060881334351836e-7
5627.0;0.0;-9.938803086733765e-5;0.0;1.3098538754034315;0.0;0.0;0.0;0.0;0.0;0.07532529932458588;4.063311408283408;0.0;1.702841919720203;-5.841336236436594;0.0;0.0;0.0;0.0;0.0;93.4109645797692;425.35902897577864;2.5042676372867216;412.6874800209294;-2.9060881334351836e-7
5628.0;0.0;-9.938803086733765e-5;0.0;1.3098538754034315;0.0;0.0;0.0;0.0;0.0;0.07532529932458588;4.063311408283408;0.0;1.702841919720203;-5.841336236436594;0.0;0.0;0.0;0.0;0.0;93.4109645797692;425.35902897577864;2.5042676372867216;412.6874800209294;-2.9060881334351836e-7
5629.0;0.0;-9.938803086733765e-5;0.0;1.3098538754034315;0.0;0.0;0.0;0.0;0.0;0.07532529932458588;4.063311408283408;0.0;1.702841919720203;-5.841336236436594;0.0;0.0;0.0;0.0;0.0;93.4109645797692;425.35902897577864;2.5042676372867216;412.6874800209294;-2.9060881334351836e-7
5630.0;0.0;-9.938803086733765e-5;0.0;1.3098538754034315;0.0;0.0;0.0;0.0;0.0;0.07532529932458588;4.063311408283408;0.0;1.702841919720203;-5.841336236436594;0.0;0.0;0.0;0.0;0.0;93.4109645797692;425.35902897577864;2.5042676372867216;412.6874800209294;-2.9060881334351836e-7
5631.0;0.0;-9.938803086733765e-5;0.0;1.3098538754034315;0.0;0.0;0.0;0.0;0.0;0.07532529932458588;4.063311408283408;0.0;1.702841919720203;-5.841336236436594;0.0;0.0;0.0;0.0;0.0;93.4109645797692;425.35902897577864;2.5042676372867216;412.6874800209294;-2.9060881334351836e-7
5632.0;0.0;-9.938803086733765e-5;0.0;1.3098538754034315;0.0;0.0;0.0;0.0;0.0;0.07532529932458588;4.063311408283408;0.0;1.702841919720203;-5.841336236436594;0.0;0.0;0.0;0.0;0.0;93.4109645797692;425.35902897577864;2.5042676372867216;412.6874800209294;-2.9060881334351836e-7
5633.0;0.0;-9.938803086733765e-5;0.0;1.3098538754034315;0.0;0.0;0.0;0.0;0.0;0.07532529932458588;4.063311408283408;0.0;1.702841919720203;-5.841336236436594;0.0;0.0;0.0;0.0;0.0;93.4109645797692;425.35902897577864;2.5042676372867216;412.6874800209294;-2.9060881334351836e-7
5634.0;0.0;-9.938803086733765e-5;0.0;1.3098538754034315;0.0;0.0;0.0;0.0;0.0;0.07532529932458588;4.063311408283408;0.0;1.702841919720203;-5.841336236436594;0.0;0.0;0.0;0.0;0.0;93.4109645797692;425.35902897577864;2.5042676372867216;412.6874800209294;-2.9060881334351836e-7
5635.0;0.0;-9.938803086733765e-5;0.0;1.3098538754034315;0.0;0.0;0.0;0.0;0.0;0.07532529932458588;4.063311408283408;0.0;1.702841919720203;-5.841336236436594;0.0;0.0;0.0;0.0;0.0;93.4109645797692;425.35902897577864;2.5042676372867216;412.6874800209294;-2.9060881334351836e-7
5636.0;0.0;-9.938803086733765e-5;0.0;1.3098538754034315;0.0;0.0;0.0;0.0;0.0;0.07532529932458588;4.063311408283408;0.0;1.702841919720203;-5.841336236436594;0.0;0.0;0.0;0.0;0.0;93.4109645797692;425.35902897577864;2.5042676372867216;412.6874800209294;-2.9060881334351836e-7
5637.0;0.0;-9.938803086733765e-5;0.0;1.3098538754034315;0.0;0.0;0.0;0.0;0.0;0.07532529932458588;4.063311408283408;0.0;1.702841919720203;-5.841336236436594;0.0;0.0;0.0;0.0;0.0;93.4109645797692;425.35902897577864;2.5042676372867216;412.6874800209294;-2.9060881334351836e-7
5638.0;0.0;-9.938803086733765e-5;0.0;1.3098538754034315;0.0;0.0;0.0;0.0;0.0;0.07532529932458588;4.063311408283408;0.0;1.702841919720203;-5.841336236436594;0.0;0.0;0.0;0.0;0.0;93.4109645797692;425.35902897577864;2.5042676372867216;412.6874800209294;-2.9060881334351836e-7
5639.0;0.0;-9.938803086733765e-5;0.0;1.3098538754034315;0.0;0.0;0.0;0.0;0.0;0.07532529932458588;4.063311408283408;0.0;1.702841919720203;-5.841336236436594;0.0;0.0;0.0;0.0;0.0;93.4109645797692;425.35902897577864;2.5042676372867216;412.6874800209294;-2.9060881334351836e-7
5640.0;0.0;-9.938803086733765e-5;0.0;1.3098538754034315;0.0;0.0;0.0;0.0;0.0;0.07532529932458588;4.063311408283408;0.0;1.702841919720203;-5.841336236436594;0.0;0.0;0.0;0.0;0.0;93.4109645797692;425.35902897577864;2.5042676372867216;412.6874800209294;-2.9060881334351836e-7
5641.0;0.0;-0.00011282994140823446;0.0;1.3098538754034315;0.0;0.0;0.0;0.0;0.0;0.00022136393889561864;4.693937808401541;0.0;2.209660647325704;-6.90384703361353;0.0;0.0;0.0;0.0;0.0;93.4109645797692;425.35902897577864;2.5042676372867216;412.6874800209294;-2.9060881334351836e-7
5642.0;0.0;-0.00011282994140823446;0.0;1.3098538754034315;0.0;0.0;0.0;0.0;0.0;0.00022136393889561864;4.693937808401541;0.0;2.209660647325704;-6.90384703361353;0.0;0.0;0.0;0.0;0.0;93.4109645797692;425.35902897577864;2.5042676372867216;412.6874800209294;-2.9060881334351836e-7
5643.0;0.0;-0.00011282994140823446;0.0;1.3098538754034315;0.0;0.0;0.0;0.0;0.0;0.00022136393889561864;4.693937808401541;0.0;2.209660647325704;-6.90384703361353;0.0;0.0;0.0;0.0;0.0;93.4109645797692;425.35902897577864;2.5042676372867216;412.6874800209294;-2.9060881334351836e-7
5644.0;0.0;-0.00011282994140823446;0.0;1.3098538754034315;0.0;0.0;0.0;0.0;0.0;0.00022136393889561864;4.693937808401541;0.0;2.209660647325704;-6.90384703361353;0.0;0.0;0.0;0.0;0.0;93.4109645797692;425.35902897577864;2.5042676372867216;412.6874800209294;-2.9060881334351836e-7
5645.0;0.0;-0.00011282994140823446;0.0;1.3098538754034315;0.0;0.0;0.0;0.0;0.0;0.00022136393889561864;4.693937808401541;0.0;2.209660647325704;-6.90384703361353;0.0;0.0;0.0;0.0;0.0;93.4109645797692;425.35902897577864;2.5042676372867216;412.6874800209294;-2.9060881334351836e-7
5646.0;0.0;-0.00011282994140823446;0.0;1.3098538754034315;0.0;0.0;0.0;0.0;0.0;0.00022136393889561864;4.693937808401541;0.0;2.209660647325704;-6.90384703361353;0.0;0.0;0.0;0.0;0.0;93.4109645797692;425.35902897577864;2.5042676372867216;412.6874800209294;-2.9060881334351836e-7
5647.0;0.0;-0.00011282994140823446;0.0;1.3098538754034315;0.0;0.0;0.0;0.0;0.0;0.00022136393889561864;4.693937808401541;0.0;2.209660647325704;-6.90384703361353;0.0;0.0;0.0;0.0;0.0;93.4109645797692;425.35902897577864;2.5042676372867216;412.6874800209294;-2.9060881334351836e-7
5648.0;0.0;-0.00011282994140823446;0.0;1.3098538754034315;0.0;0.0;0.0;0.0;0.0;0.00022136393889561864;4.693937808401541;0.0;2.209660647325704;-6.90384703361353;0.0;0.0;0.0;0.0;0.0;93.4109645797692;425.35902897577864;2.5042676372867216;412.6874800209294;-2.9060881334351836e-7
5649.0;0.0;-0.00011282994140823446;0.0;1.3098538754034315;0.0;0.0;0.0;0.0;0.0;0.00022136393889561864;4.693937808401541;0.0;2.209660647325704;-6.90384703361353;0.0;0.0;0.0;0.0;0.0;93.4109645797692;425.35902897577864;2.5042676372867216;412.6874800209294;-2.9060881334351836e-7
5650.0;0.0;-0.00011282994140823446;0.0;1.3098538754034315;0.0;0.0;0.0;0.0;0.0;0.00022136393889561864;4.693937808401541;0.0;2.209660647325704;-6.90384703361353;0.0;0.0;0.0;0.0;0.0;93.4109645797692;425.35902897577864;2.5042676372867216;412.6874800209294;-2.9060881334351836e-7
5651.0;0.0;-0.00011282994140823446;0.0;1.3098538754034315;0.0;0.0;0.0;0.0;0.0;0.00022136393889561864;4.693937808401541;0.0;2.209660647325704;-6.90384703361353;0.0;0.0;0.0;0.0;0.0;93.4109645797692;425.35902897577864;2.5042676372867216;412.6874800209294;-2.9060881334351836e-7
5652.0;0.0;-0.00011282994140823446;0.0;1.3098538754034315;0.0;0.0;0.0;0.0;0.0;0.00022136393889561864;4.693937808401541;0.0;2.209660647325704;-6.90384703361353;0.0;0.0;0.0;0.0;0.0;93.4109645797692;425.35902897577864;2.5042676372867216;412.6874800209294;-2.9060881334351836e-7
5653.0;0.0;-0.00011282994140823446;0.0;1.3098538754034315;0.0;0.0;0.0;0.0;0.0;0.00022136393889561864;4.693937808401541;0.0;2.209660647325704;-6.90384703361353;0.0;0.0;0.0;0.0;0.0;93.4109645797692;425.35902897577864;2.5042676372867216;412.6874800209294;-2.9060881334351836e-7
5654.0;0.0;-0.00011282994140823446;0.0;1.3098538754034315;0.0;0.0;0.0;0.0;0.0;0.00022136393889561864;4.693937808401541;0.0;2.209660647325704;-6.90384703361353;0.0;0.0;0.0;0.0;0.0;93.4109645797692;425.35902897577864;2.5042676372867216;412.6874800209294;-2.9060881334351836e-7
5655.0;0.0;-0.00011282994140823446;0.0;1.3098538754034315;0.0;0.0;0.0;0.0;0.0;0.00022136393889561864;4.693937808401541;0.0;2.209660647325704;-6.90384703361353;0.0;0.0;0.0;0.0;0.0;93.4109645797692;425.35902897577864;2.5042676372867216;412.6874800209294;-2.9060881334351836e-7
5656.0;0.0;-0.00011282994140823446;0.0;1.3098538754034315;0.0;0.0;0.0;0.0;0.0;0.00022136393889561864;4.693937808401541;0.0;2.209660647325704;-6.90384703361353;0.0;0.0;0.0;0.0;0.0;93.4109645797692;425.35902897577864;2.5042676372867216;412.6874800209294;-2.9060881334351836e-7
5657.0;0.0;-0.00011282994140823446;0.0;1.3098538754034315;0.0;0.0;0.0;0.0;0.0;0.00022136393889561864;4.693937808401541;0.0;2.209660647325704;-6.90384703361353;0.0;0.0;0.0;0.0;0.0;93.4109645797692;425.35902897577864;2.5042676372867216;412.6874800209294;-2.9060881334351836e-7
5658.0;0.0;-0.00011282994140823446;0.0;1.3098538754034315;0.0;0.0;0.0;0.0;0.0;0.00022136393889561864;4.693937808401541;0.0;2.209660647325704;-6.90384703361353;0.0;0.0;0.0;0.0;0.0;93.4109645797692;425.35902897577864;2.5042676372867216;412.6874800209294;-2.9060881334351836e-7
5659.0;0.0;-0.00011282994140823446;0.0;1.3098538754034315;0.0;0.0;0.0;0.0;0.0;0.00022136393889561864;4.693937808401541;0.0;2.209660647325704;-6.90384703361353;0.0;0.0;0.0;0.0;0.0;93.4109645797692;425.35902897577864;2.5042676372867216;412.6874800209294;-2.9060881334351836e-7
5660.0;0.0;-0.00011282994140823446;0.0;1.3098538754034315;0.0;0.0;0.0;0.0;0.0;0.00022136393889561864;4.693937808401541;0.0;2.209660647325704;-6.90384703361353;0.0;0.0;0.0;0.0;0.0;93.4109645797692;425.35902897577864;2.5042676372867216;412.6874800209294;-2.9060881334351836e-7
5661.0;0.0;-0.00011282994140823446;0.0;1.3098538754034315;0.0;0.0;0.0;0.0;0.0;0.00022136393889561864;4.693937808401541;0.0;2.209660647325704;-6.90384703361353;0.0;0.0;0.0;0.0;0.0;93.4109645797692;425.35902897577864;2.5042676372867216;412.6874800209294;-2.9060881334351836e-7
5662.0;0.0;-0.00011282994140823446;0.0;1.3098538754034315;0.0;0.0;0.0;0.0;0.0;0.00022136393889561864;4.693937808401541;0.0;2.209660647325704;-6.90384703361353;0.0;0.0;0.0;0.0;0.0;93.4109645797692;425.35902897577864;2.5042676372867216;412.6874800209294;-2.9060881334351836e-7
5663.0;0.0;-0.00011282994140823446;0.0;1.3098538754034315;0.0;0.0;0.0;0.0;0.0;0.00022136393889561864;4.693937808401541;0.0;2.209660647325704;-6.90384703361353;0.0;0.0;0.0;0.0;0.0;93.4109645797692;425.35902897577864;2.5042676372867216;412.6874800209294;-2.9060881334351836e-7
5664.0;0.0;-0.00011282994140823446;0.0;1.3098538754034315;0.0;0.0;0.0;0.0;0.0;0.00022136393889561864;4.693937808401541;0.0;2.209660647325704;-6.90384703361353;0.0;0.0;0.0;0.0;0.0;93.4109645797692;425.35902897577864;2.5042676372867216;412.6874800209294;-2.9060881334351836e-7
5665.0;0.0;-5.9800823482980926e-5;0.0;1.3098538754034315;0.0;0.0;0.0;0.0;0.0;0.0004206069303345672;4.663923332703537;0.0;2.225247772257382;-6.889595744933857;0.0;0.0;0.0;0.0;0.0;93.4109645797692;425.35902897577864;2.5042676372867216;412.6874800209294;-2.9060881334351836e-7
5666.0;0.0;-5.9800823482980926e-5;0.0;1.3098538754034315;0.0;0.0;0.0;0.0;0.0;0.0004206069303345672;4.663923332703537;0.0;2.225247772257382;-6.889595744933857;0.0;0.0;0.0;0.0;0.0;93.4109645797692;425.35902897577864;2.5042676372867216;412.6874800209294;-2.9060881334351836e-7
5667.0;0.0;-5.9800823482980926e-5;0.0;1.3098538754034315;0.0;0.0;0.0;0.0;0.0;0.0004206069303345672;4.663923332703537;0.0;2.225247772257382;-6.889595744933857;0.0;0.0;0.0;0.0;0.0;93.4109645797692;425.35902897577864;2.5042676372867216;412.6874800209294;-2.9060881334351836e-7
5668.0;0.0;-5.9800823482980926e-5;0.0;1.3098538754034315;0.0;0.0;0.0;0.0;0.0;0.0004206069303345672;4.663923332703537;0.0;2.225247772257382;-6.889595744933857;0.0;0.0;0.0;0.0;0.0;93.4109645797692;425.35902897577864;2.5042676372867216;412.6874800209294;-2.9060881334351836e-7
5669.0;0.0;-5.9800823482980926e-5;0.0;1.3098538754034315;0.0;0.0;0.0;0.0;0.0;0.0004206069303345672;4.663923332703537;0.0;2.225247772257382;-6.889595744933857;0.0;0.0;0.0;0.0;0.0;93.4109645797692;425.35902897577864;2.5042676372867216;412.6874800209294;-2.9060881334351836e-7
5670.0;0.0;-5.9800823482980926e-5;0.0;1.3098538754034315;0.0;0.0;0.0;0.0;0.0;0.0004206069303345672;4.663923332703537;0.0;2.225247772257382;-6.889595744933857;0.0;0.0;0.0;0.0;0.0;93.4109645797692;425.35902897577864;2.5042676372867216;412.6874800209294;-2.9060881334351836e-7
5671.0;0.0;-5.9800823482980926e-5;0.0;1.3098538754034315;0.0;0.0;0.0;0.0;0.0;0.0004206069303345672;4.663923332703537;0.0;2.225247772257382;-6.889595744933857;0.0;0.0;0.0;0.0;0.0;93.4109645797692;425.35902897577864;2.5042676372867216;412.6874800209294;-2.9060881334351836e-7
5672.0;0.0;-5.9800823482980926e-5;0.0;1.3098538754034315;0.0;0.0;0.0;0.0;0.0;0.0004206069303345672;4.663923332703537;0.0;2.225247772257382;-6.889595744933857;0.0;0.0;0.0;0.0;0.0;93.4109645797692;425.35902897577864;2.5042676372867216;412.6874800209294;-2.9060881334351836e-7
5673.0;0.0;-5.9800823482980926e-5;0.0;1.3098538754034315;0.0;0.0;0.0;0.0;0.0;0.0004206069303345672;4.663923332703537;0.0;2.225247772257382;-6.889595744933857;0.0;0.0;0.0;0.0;0.0;93.4109645797692;425.35902897577864;2.5042676372867216;412.6874800209294;-2.9060881334351836e-7
5674.0;0.0;-5.9800823482980926e-5;0.0;1.3098538754034315;0.0;0.0;0.0;0.0;0.0;0.0004206069303345672;4.663923332703537;0.0;2.225247772257382;-6.889595744933857;0.0;0.0;0.0;0.0;0.0;93.4109645797692;425.35902897577864;2.5042676372867216;412.6874800209294;-2.9060881334351836e-7
5675.0;0.0;-5.9800823482980926e-5;0.0;1.3098538754034315;0.0;0.0;0.0;0.0;0.0;0.0004206069303345672;4.663923332703537;0.0;2.225247772257382;-6.889595744933857;0.0;0.0;0.0;0.0;0.0;93.4109645797692;425.35902897577864;2.5042676372867216;412.6874800209294;-2.9060881334351836e-7
5676.0;0.0;-5.9800823482980926e-5;0.0;1.3098538754034315;0.0;0.0;0.0;0.0;0.0;0.0004206069303345672;4.663923332703537;0.0;2.225247772257382;-6.889595744933857;0.0;0.0;0.0;0.0;0.0;93.4109645797692;425.35902897577864;2.5042676372867216;412.6874800209294;-2.9060881334351836e-7
5677.0;0.0;-5.9800823482980926e-5;0.0;1.3098538754034315;0.0;0.0;0.0;0.0;0.0;0.0004206069303345672;4.663923332703537;0.0;2.225247772257382;-6.889595744933857;0.0;0.0;0.0;0.0;0.0;93.4109645797692;425.35902897577864;2.5042676372867216;412.6874800209294;-2.9060881334351836e-7
5678.0;0.0;-5.9800823482980926e-5;0.0;1.3098538754034315;0.0;0.0;0.0;0.0;0.0;0.0004206069303345672;4.663923332703537;0.0;2.225247772257382;-6.889595744933857;0.0;0.0;0.0;0.0;0.0;93.4109645797692;425.35902897577864;2.5042676372867216;412.6874800209294;-2.9060881334351836e-7
5679.0;0.0;-5.9800823482980926e-5;0.0;1.3098538754034315;0.0;0.0;0.0;0.0;0.0;0.0004206069303345672;4.663923332703537;0.0;2.225247772257382;-6.889595744933857;0.0;0.0;0.0;0.0;0.0;93.4109645797692;425.35902897577864;2.5042676372867216;412.6874800209294;-2.9060881334351836e-7
5680.0;0.0;-5.9800823482980926e-5;0.0;1.3098538754034315;0.0;0.0;0.0;0.0;0.0;0.0004206069303345672;4.663923332703537;0.0;2.225247772257382;-6.889595744933857;0.0;0.0;0.0;0.0;0.0;93.4109645797692;425.35902897577864;2.5042676372867216;412.6874800209294;-2.9060881334351836e-7
5681.0;0.0;-5.9800823482980926e-5;0.0;1.3098538754034315;0.0;0.0;0.0;0.0;0.0;0.0004206069303345672;4.663923332703537;0.0;2.225247772257382;-6.889595744933857;0.0;0.0;0.0;0.0;0.0;93.4109645797692;425.35902897577864;2.5042676372867216;412.6874800209294;-2.9060881334351836e-7
5682.0;0.0;-5.9800823482980926e-5;0.0;1.3098538754034315;0.0;0.0;0.0;0.0;0.0;0.0004206069303345672;4.663923332703537;0.0;2.225247772257382;-6.889595744933857;0.0;0.0;0.0;0.0;0.0;93.4109645797692;425.35902897577864;2.5042676372867216;412.6874800209294;-2.9060881334351836e-7
5683.0;0.0;-5.9800823482980926e-5;0.0;1.3098538754034315;0.0;0.0;0.0;0.0;0.0;0.0004206069303345672;4.663923332703537;0.0;2.225247772257382;-6.889595744933857;0.0;0.0;0.0;0.0;0.0;93.4109645797692;425.35902897577864;2.5042676372867216;412.6874800209294;-2.9060881334351836e-7
5684.0;0.0;-5.9800823482980926e-5;0.0;1.3098538754034315;0.0;0.0;0.0;0.0;0.0;0.0004206069303345672;4.663923332703537;0.0;2.225247772257382;-6.889595744933857;0.0;0.0;0.0;0.0;0.0;93.4109645797692;425.35902897577864;2.5042676372867216;412.6874800209294;-2.9060881334351836e-7
5685.0;0.0;-5.9800823482980926e-5;0.0;1.3098538754034315;0.0;0.0;0.0;0.0;0.0;0.0004206069303345672;4.663923332703537;0.0;2.225247772257382;-6.889595744933857;0.0;0.0;0.0;0.0;0.0;93.4109645797692;425.35902897577864;2.5042676372867216;412.6874800209294;-2.9060881334351836e-7
5686.0;0.0;-5.9800823482980926e-5;0.0;1.3098538754034315;0.0;0.0;0.0;0.0;0.0;0.0004206069303345672;4.663923332703537;0.0;2.225247772257382;-6.889595744933857;0.0;0.0;0.0;0.0;0.0;93.4109645797692;425.35902897577864;2.5042676372867216;412.6874800209294;-2.9060881334351836e-7
5687.0;0.0;-5.9800823482980926e-5;0.0;1.3098538754034315;0.0;0.0;0.0;0.0;0.0;0.0004206069303345672;4.663923332703537;0.0;2.225247772257382;-6.889595744933857;0.0;0.0;0.0;0.0;0.0;93.4109645797692;425.35902897577864;2.5042676372867216;412.6874800209294;-2.9060881334351836e-7
5688.0;0.0;-5.9800823482980926e-5;0.0;1.3098538754034315;0.0;0.0;0.0;0.0;0.0;0.0004206069303345672;4.663923332703537;0.0;2.225247772257382;-6.889595744933857;0.0;0.0;0.0;0.0;0.0;93.4109645797692;425.35902897577864;2.5042676372867216;412.6874800209294;-2.9060881334351836e-7
5689.0;0.0;-0.0012986878890969662;0.0;1.3098538754034315;0.0;0.0;0.0;0.0;0.0;0.05135776834591389;4.01805802108387;0.0;1.5715657516769623;-5.641380699116547;0.0;0.0;0.0;0.0;0.0;93.4109645797692;425.35902897577864;2.5042676372867216;412.6874800209294;-2.9060881334351836e-7
5690.0;0.0;-0.0012986878890969662;0.0;1.3098538754034315;0.0;0.0;0.0;0.0;0.0;0.05135776834591389;4.01805802108387;0.0;1.5715657516769623;-5.641380699116547;0.0;0.0;0.0;0.0;0.0;93.4109645797692;425.35902897577864;2.5042676372867216;412.6874800209294;-2.9060881334351836e-7
5691.0;0.0;-0.0012986878890969662;0.0;1.3098538754034315;0.0;0.0;0.0;0.0;0.0;0.05135776834591389;4.01805802108387;0.0;1.5715657516769623;-5.641380699116547;0.0;0.0;0.0;0.0;0.0;93.4109645797692;425.35902897577864;2.5042676372867216;412.6874800209294;-2.9060881334351836e-7
5692.0;0.0;-0.0012986878890969662;0.0;1.3098538754034315;0.0;0.0;0.0;0.0;0.0;0.05135776834591389;4.01805802108387;0.0;1.5715657516769623;-5.641380699116547;0.0;0.0;0.0;0.0;0.0;93.4109645797692;425.35902897577864;2.5042676372867216;412.6874800209294;-2.9060881334351836e-7
5693.0;0.0;-0.0012986878890969662;0.0;1.3098538754034315;0.0;0.0;0.0;0.0;0.0;0.05135776834591389;4.01805802108387;0.0;1.5715657516769623;-5.641380699116547;0.0;0.0;0.0;0.0;0.0;93.4109645797692;425.35902897577864;2.5042676372867216;412.6874800209294;-2.9060881334351836e-7
5694.0;0.0;-0.0012986878890969662;0.0;1.3098538754034315;0.0;0.0;0.0;0.0;0.0;0.05135776834591389;4.01805802108387;0.0;1.5715657516769623;-5.641380699116547;0.0;0.0;0.0;0.0;0.0;93.4109645797692;425.35902897577864;2.5042676372867216;412.6874800209294;-2.9060881334351836e-7
5695.0;0.0;-0.0012986878890969662;0.0;1.3098538754034315;0.0;0.0;0.0;0.0;0.0;0.05135776834591389;4.01805802108387;0.0;1.5715657516769623;-5.641380699116547;0.0;0.0;0.0;0.0;0.0;93.4109645797692;425.35902897577864;2.5042676372867216;412.6874800209294;-2.9060881334351836e-7
5696.0;0.0;-0.0012986878890969662;0.0;1.3098538754034315;0.0;0.0;0.0;0.0;0.0;0.05135776834591389;4.01805802108387;0.0;1.5715657516769623;-5.641380699116547;0.0;0.0;0.0;0.0;0.0;93.4109645797692;425.35902897577864;2.5042676372867216;412.6874800209294;-2.9060881334351836e-7
5697.0;0.0;-0.0012986878890969662;0.0;1.3098538754034315;0.0;0.0;0.0;0.0;0.0;0.05135776834591389;4.01805802108387;0.0;1.5715657516769623;-5.641380699116547;0.0;0.0;0.0;0.0;0.0;93.4109645797692;425.35902897577864;2.5042676372867216;412.6874800209294;-2.9060881334351836e-7
5698.0;0.0;-0.0012986878890969662;0.0;1.3098538754034315;0.0;0.0;0.0;0.0;0.0;0.05135776834591389;4.01805802108387;0.0;1.5715657516769623;-5.641380699116547;0.0;0.0;0.0;0.0;0.0;93.4109645797692;425.35902897577864;2.5042676372867216;412.6874800209294;-2.9060881334351836e-7
5699.0;0.0;-0.0012986878890969662;0.0;1.3098538754034315;0.0;0.0;0.0;0.0;0.0;0.05135776834591389;4.01805802108387;0.0;1.5715657516769623;-5.641380699116547;0.0;0.0;0.0;0.0;0.0;93.4109645797692;425.35902897577864;2.5042676372867216;412.6874800209294;-2.9060881334351836e-7
5700.0;0.0;-0.0012986878890969662;0.0;1.3098538754034315;0.0;0.0;0.0;0.0;0.0;0.05135776834591389;4.01805802108387;0.0;1.5715657516769623;-5.641380699116547;0.0;0.0;0.0;0.0;0.0;93.4109645797692;425.35902897577864;2.5042676372867216;412.6874800209294;-2.9060881334351836e-7
5701.0;0.0;-0.0012986878890969662;0.0;1.3098538754034315;0.0;0.0;0.0;0.0;0.0;0.05135776834591389;4.01805802108387;0.0;1.5715657516769623;-5.641380699116547;0.0;0.0;0.0;0.0;0.0;93.4109645797692;425.35902897577864;2.5042676372867216;412.6874800209294;-2.9060881334351836e-7
5702.0;0.0;-0.0012986878890969662;0.0;1.3098538754034315;0.0;0.0;0.0;0.0;0.0;0.05135776834591389;4.01805802108387;0.0;1.5715657516769623;-5.641380699116547;0.0;0.0;0.0;0.0;0.0;93.4109645797692;425.35902897577864;2.5042676372867216;412.6874800209294;-2.9060881334351836e-7
5703.0;0.0;-0.0012986878890969662;0.0;1.3098538754034315;0.0;0.0;0.0;0.0;0.0;0.05135776834591389;4.01805802108387;0.0;1.5715657516769623;-5.641380699116547;0.0;0.0;0.0;0.0;0.0;93.4109645797692;425.35902897577864;2.5042676372867216;412.6874800209294;-2.9060881334351836e-7
5704.0;0.0;-0.0012986878890969662;0.0;1.3098538754034315;0.0;0.0;0.0;0.0;0.0;0.05135776834591389;4.01805802108387;0.0;1.5715657516769623;-5.641380699116547;0.0;0.0;0.0;0.0;0.0;93.4109645797692;425.35902897577864;2.5042676372867216;412.6874800209294;-2.9060881334351836e-7
5705.0;0.0;-0.0012986878890969662;0.0;1.3098538754034315;0.0;0.0;0.0;0.0;0.0;0.05135776834591389;4.01805802108387;0.0;1.5715657516769623;-5.641380699116547;0.0;0.0;0.0;0.0;0.0;93.4109645797692;425.35902897577864;2.5042676372867216;412.6874800209294;-2.9060881334351836e-7
5706.0;0.0;-0.0012986878890969662;0.0;1.3098538754034315;0.0;0.0;0.0;0.0;0.0;0.05135776834591389;4.01805802108387;0.0;1.5715657516769623;-5.641380699116547;0.0;0.0;0.0;0.0;0.0;93.4109645797692;425.35902897577864;2.5042676372867216;412.6874800209294;-2.9060881334351836e-7
5707.0;0.0;-0.0012986878890969662;0.0;1.3098538754034315;0.0;0.0;0.0;0.0;0.0;0.05135776834591389;4.01805802108387;0.0;1.5715657516769623;-5.641380699116547;0.0;0.0;0.0;0.0;0.0;93.4109645797692;425.35902897577864;2.5042676372867216;412.6874800209294;-2.9060881334351836e-7
5708.0;0.0;-0.0012986878890969662;0.0;1.3098538754034315;0.0;0.0;0.0;0.0;0.0;0.05135776834591389;4.01805802108387;0.0;1.5715657516769623;-5.641380699116547;0.0;0.0;0.0;0.0;0.0;93.4109645797692;425.35902897577864;2.5042676372867216;412.6874800209294;-2.9060881334351836e-7
5709.0;0.0;-0.0012986878890969662;0.0;1.3098538754034315;0.0;0.0;0.0;0.0;0.0;0.05135776834591389;4.01805802108387;0.0;1.5715657516769623;-5.641380699116547;0.0;0.0;0.0;0.0;0.0;93.4109645797692;425.35902897577864;2.5042676372867216;412.6874800209294;-2.9060881334351836e-7
5710.0;0.0;-0.0012986878890969662;0.0;1.3098538754034315;0.0;0.0;0.0;0.0;0.0;0.05135776834591389;4.01805802108387;0.0;1.5715657516769623;-5.641380699116547;0.0;0.0;0.0;0.0;0.0;93.4109645797692;425.35902897577864;2.5042676372867216;412.6874800209294;-2.9060881334351836e-7
5711.0;0.0;-0.0012986878890969662;0.0;1.3098538754034315;0.0;0.0;0.0;0.0;0.0;0.05135776834591389;4.01805802108387;0.0;1.5715657516769623;-5.641380699116547;0.0;0.0;0.0;0.0;0.0;93.4109645797692;425.35902897577864;2.5042676372867216;412.6874800209294;-2.9060881334351836e-7
5712.0;0.0;-0.0012986878890969662;0.0;1.3098538754034315;0.0;0.0;0.0;0.0;0.0;0.05135776834591389;4.01805802108387;0.0;1.5715657516769623;-5.641380699116547;0.0;0.0;0.0;0.0;0.0;93.4109645797692;425.35902897577864;2.5042676372867216;412.6874800209294;-2.9060881334351836e-7
5713.0;0.0;-0.00031541362637890524;0.0;1.3098538754034315;0.0;0.0;0.0;0.0;0.0;0.0;4.690542941390349;0.0;2.275906029892543;-6.966495197890184;0.0;0.0;0.0;0.0;0.0;93.4109645797692;425.35902897577864;2.5042676372867216;412.6874800209294;-2.9060881334351836e-7
5714.0;0.0;-0.00031541362637890524;0.0;1.3098538754034315;0.0;0.0;0.0;0.0;0.0;0.0;4.690542941390349;0.0;2.275906029892543;-6.966495197890184;0.0;0.0;0.0;0.0;0.0;93.4109645797692;425.35902897577864;2.5042676372867216;412.6874800209294;-2.9060881334351836e-7
5715.0;0.0;-0.00031541362637890524;0.0;1.3098538754034315;0.0;0.0;0.0;0.0;0.0;0.0;4.690542941390349;0.0;2.275906029892543;-6.966495197890184;0.0;0.0;0.0;0.0;0.0;93.4109645797692;425.35902897577864;2.5042676372867216;412.6874800209294;-2.9060881334351836e-7
5716.0;0.0;-0.00031541362637890524;0.0;1.3098538754034315;0.0;0.0;0.0;0.0;0.0;0.0;4.690542941390349;0.0;2.275906029892543;-6.966495197890184;0.0;0.0;0.0;0.0;0.0;93.4109645797692;425.35902897577864;2.5042676372867216;412.6874800209294;-2.9060881334351836e-7
5717.0;0.0;-0.00031541362637890524;0.0;1.3098538754034315;0.0;0.0;0.0;0.0;0.0;0.0;4.690542941390349;0.0;2.275906029892543;-6.966495197890184;0.0;0.0;0.0;0.0;0.0;93.4109645797692;425.35902897577864;2.5042676372867216;412.6874800209294;-2.9060881334351836e-7
5718.0;0.0;-0.00031541362637890524;0.0;1.3098538754034315;0.0;0.0;0.0;0.0;0.0;0.0;4.690542941390349;0.0;2.275906029892543;-6.966495197890184;0.0;0.0;0.0;0.0;0.0;93.4109645797692;425.35902897577864;2.5042676372867216;412.6874800209294;-2.9060881334351836e-7
5719.0;0.0;-0.00031541362637890524;0.0;1.3098538754034315;0.0;0.0;0.0;0.0;0.0;0.0;4.690542941390349;0.0;2.275906029892543;-6.966495197890184;0.0;0.0;0.0;0.0;0.0;93.4109645797692;425.35902897577864;2.5042676372867216;412.6874800209294;-2.9060881334351836e-7
5720.0;0.0;-0.00031541362637890524;0.0;1.3098538754034315;0.0;0.0;0.0;0.0;0.0;0.0;4.690542941390349;0.0;2.275906029892543;-6.966495197890184;0.0;0.0;0.0;0.0;0.0;93.4109645797692;425.35902897577864;2.5042676372867216;412.6874800209294;-2.9060881334351836e-7
5721.0;0.0;-0.00031541362637890524;0.0;1.3098538754034315;0.0;0.0;0.0;0.0;0.0;0.0;4.690542941390349;0.0;2.275906029892543;-6.966495197890184;0.0;0.0;0.0;0.0;0.0;93.4109645797692;425.35902897577864;2.5042676372867216;412.6874800209294;-2.9060881334351836e-7
5722.0;0.0;-0.00031541362637890524;0.0;1.3098538754034315;0.0;0.0;0.0;0.0;0.0;0.0;4.690542941390349;0.0;2.275906029892543;-6.966495197890184;0.0;0.0;0.0;0.0;0.0;93.4109645797692;425.35902897577864;2.5042676372867216;412.6874800209294;-2.9060881334351836e-7
5723.0;0.0;-0.00031541362637890524;0.0;1.3098538754034315;0.0;0.0;0.0;0.0;0.0;0.0;4.690542941390349;0.0;2.275906029892543;-6.966495197890184;0.0;0.0;0.0;0.0;0.0;93.4109645797692;425.35902897577864;2.5042676372867216;412.6874800209294;-2.9060881334351836e-7
5724.0;0.0;-0.00031541362637890524;0.0;1.3098538754034315;0.0;0.0;0.0;0.0;0.0;0.0;4.690542941390349;0.0;2.275906029892543;-6.966495197890184;0.0;0.0;0.0;0.0;0.0;93.4109645797692;425.35902897577864;2.5042676372867216;412.6874800209294;-2.9060881334351836e-7
5725.0;0.0;-0.00031541362637890524;0.0;1.3098538754034315;0.0;0.0;0.0;0.0;0.0;0.0;4.690542941390349;0.0;2.275906029892543;-6.966495197890184;0.0;0.0;0.0;0.0;0.0;93.4109645797692;425.35902897577864;2.5042676372867216;412.6874800209294;-2.9060881334351836e-7
5726.0;0.0;-0.00031541362637890524;0.0;1.3098538754034315;0.0;0.0;0.0;0.0;0.0;0.0;4.690542941390349;0.0;2.275906029892543;-6.966495197890184;0.0;0.0;0.0;0.0;0.0;93.4109645797692;425.35902897577864;2.5042676372867216;412.6874800209294;-2.9060881334351836e-7
5727.0;0.0;-0.00031541362637890524;0.0;1.3098538754034315;0.0;0.0;0.0;0.0;0.0;0.0;4.690542941390349;0.0;2.275906029892543;-6.966495197890184;0.0;0.0;0.0;0.0;0.0;93.4109645797692;425.35902897577864;2.5042676372867216;412.6874800209294;-2.9060881334351836e-7
5728.0;0.0;-0.00031541362637890524;0.0;1.3098538754034315;0.0;0.0;0.0;0.0;0.0;0.0;4.690542941390349;0.0;2.275906029892543;-6.966495197890184;0.0;0.0;0.0;0.0;0.0;93.4109645797692;425.35902897577864;2.5042676372867216;412.6874800209294;-2.9060881334351836e-7
5729.0;0.0;-0.00031541362637890524;0.0;1.3098538754034315;0.0;0.0;0.0;0.0;0.0;0.0;4.690542941390349;0.0;2.275906029892543;-6.966495197890184;0.0;0.0;0.0;0.0;0.0;93.4109645797692;425.35902897577864;2.5042676372867216;412.6874800209294;-2.9060881334351836e-7
5730.0;0.0;-0.00031541362637890524;0.0;1.3098538754034315;0.0;0.0;0.0;0.0;0.0;0.0;4.690542941390349;0.0;2.275906029892543;-6.966495197890184;0.0;0.0;0.0;0.0;0.0;93.4109645797692;425.35902897577864;2.5042676372867216;412.6874800209294;-2.9060881334351836e-7
5731.0;0.0;-0.00031541362637890524;0.0;1.3098538754034315;0.0;0.0;0.0;0.0;0.0;0.0;4.690542941390349;0.0;2.275906029892543;-6.966495197890184;0.0;0.0;0.0;0.0;0.0;93.4109645797692;425.35902897577864;2.5042676372867216;412.6874800209294;-2.9060881334351836e-7
5732.0;0.0;-0.00031541362637890524;0.0;1.3098538754034315;0.0;0.0;0.0;0.0;0.0;0.0;4.690542941390349;0.0;2.275906029892543;-6.966495197890184;0.0;0.0;0.0;0.0;0.0;93.4109645797692;425.35902897577864;2.5042676372867216;412.6874800209294;-2.9060881334351836e-7
5733.0;0.0;-0.00031541362637890524;0.0;1.3098538754034315;0.0;0.0;0.0;0.0;0.0;0.0;4.690542941390349;0.0;2.275906029892543;-6.966495197890184;0.0;0.0;0.0;0.0;0.0;93.4109645797692;425.35902897577864;2.5042676372867216;412.6874800209294;-2.9060881334351836e-7
5734.0;0.0;-0.00031541362637890524;0.0;1.3098538754034315;0.0;0.0;0.0;0.0;0.0;0.0;4.690542941390349;0.0;2.275906029892543;-6.966495197890184;0.0;0.0;0.0;0.0;0.0;93.4109645797692;425.35902897577864;2.5042676372867216;412.6874800209294;-2.9060881334351836e-7
5735.0;0.0;-0.00031541362637890524;0.0;1.3098538754034315;0.0;0.0;0.0;0.0;0.0;0.0;4.690542941390349;0.0;2.275906029892543;-6.966495197890184;0.0;0.0;0.0;0.0;0.0;93.4109645797692;425.35902897577864;2.5042676372867216;412.6874800209294;-2.9060881334351836e-7
5736.0;0.0;-0.00031541362637890524;0.0;1.3098538754034315;0.0;0.0;0.0;0.0;0.0;0.0;4.690542941390349;0.0;2.275906029892543;-6.966495197890184;0.0;0.0;0.0;0.0;0.0;93.4109645797692;425.35902897577864;2.5042676372867216;412.6874800209294;-2.9060881334351836e-7
5737.0;0.0;-0.0002765090958875634;0.0;1.3098538754034315;0.0;0.0;0.0;0.0;0.0;0.0;3.242541841590606;0.0;3.904617124003635;-7.147201380289232;0.0;0.0;0.0;0.0;0.0;93.4109645797692;425.35902897577864;2.5042676372867216;412.6874800209294;-2.9060881334351836e-7
5738.0;0.0;-0.0002765090958875634;0.0;1.3098538754034315;0.0;0.0;0.0;0.0;0.0;0.0;3.242541841590606;0.0;3.904617124003635;-7.147201380289232;0.0;0.0;0.0;0.0;0.0;93.4109645797692;425.35902897577864;2.5042676372867216;412.6874800209294;-2.9060881334351836e-7
5739.0;0.0;-0.0002765090958875634;0.0;1.3098538754034315;0.0;0.0;0.0;0.0;0.0;0.0;3.242541841590606;0.0;3.904617124003635;-7.147201380289232;0.0;0.0;0.0;0.0;0.0;93.4109645797692;425.35902897577864;2.5042676372867216;412.6874800209294;-2.9060881334351836e-7
5740.0;0.0;-0.0002765090958875634;0.0;1.3098538754034315;0.0;0.0;0.0;0.0;0.0;0.0;3.242541841590606;0.0;3.904617124003635;-7.147201380289232;0.0;0.0;0.0;0.0;0.0;93.4109645797692;425.35902897577864;2.5042676372867216;412.6874800209294;-2.9060881334351836e-7
5741.0;0.0;-0.0002765090958875634;0.0;1.3098538754034315;0.0;0.0;0.0;0.0;0.0;0.0;3.242541841590606;0.0;3.904617124003635;-7.147201380289232;0.0;0.0;0.0;0.0;0.0;93.4109645797692;425.35902897577864;2.5042676372867216;412.6874800209294;-2.9060881334351836e-7
5742.0;0.0;-0.0002765090958875634;0.0;1.3098538754034315;0.0;0.0;0.0;0.0;0.0;0.0;3.242541841590606;0.0;3.904617124003635;-7.147201380289232;0.0;0.0;0.0;0.0;0.0;93.4109645797692;425.35902897577864;2.5042676372867216;412.6874800209294;-2.9060881334351836e-7
5743.0;0.0;-0.0002765090958875634;0.0;1.3098538754034315;0.0;0.0;0.0;0.0;0.0;0.0;3.242541841590606;0.0;3.904617124003635;-7.147201380289232;0.0;0.0;0.0;0.0;0.0;93.4109645797692;425.35902897577864;2.5042676372867216;412.6874800209294;-2.9060881334351836e-7
5744.0;0.0;-0.0002765090958875634;0.0;1.3098538754034315;0.0;0.0;0.0;0.0;0.0;0.0;3.242541841590606;0.0;3.904617124003635;-7.147201380289232;0.0;0.0;0.0;0.0;0.0;93.4109645797692;425.35902897577864;2.5042676372867216;412.6874800209294;-2.9060881334351836e-7
5745.0;0.0;-0.0002765090958875634;0.0;1.3098538754034315;0.0;0.0;0.0;0.0;0.0;0.0;3.242541841590606;0.0;3.904617124003635;-7.147201380289232;0.0;0.0;0.0;0.0;0.0;93.4109645797692;425.35902897577864;2.5042676372867216;412.6874800209294;-2.9060881334351836e-7
5746.0;0.0;-0.0002765090958875634;0.0;1.3098538754034315;0.0;0.0;0.0;0.0;0.0;0.0;3.242541841590606;0.0;3.904617124003635;-7.147201380289232;0.0;0.0;0.0;0.0;0.0;93.4109645797692;425.35902897577864;2.5042676372867216;412.6874800209294;-2.9060881334351836e-7
5747.0;0.0;-0.0002765090958875634;0.0;1.3098538754034315;0.0;0.0;0.0;0.0;0.0;0.0;3.242541841590606;0.0;3.904617124003635;-7.147201380289232;0.0;0.0;0.0;0.0;0.0;93.4109645797692;425.35902897577864;2.5042676372867216;412.6874800209294;-2.9060881334351836e-7
5748.0;0.0;-0.0002765090958875634;0.0;1.3098538754034315;0.0;0.0;0.0;0.0;0.0;0.0;3.242541841590606;0.0;3.904617124003635;-7.147201380289232;0.0;0.0;0.0;0.0;0.0;93.4109645797692;425.35902897577864;2.5042676372867216;412.6874800209294;-2.9060881334351836e-7
5749.0;0.0;-0.0002765090958875634;0.0;1.3098538754034315;0.0;0.0;0.0;0.0;0.0;0.0;3.242541841590606;0.0;3.904617124003635;-7.147201380289232;0.0;0.0;0.0;0.0;0.0;93.4109645797692;425.35902897577864;2.5042676372867216;412.6874800209294;-2.9060881334351836e-7
5750.0;0.0;-0.0002765090958875634;0.0;1.3098538754034315;0.0;0.0;0.0;0.0;0.0;0.0;3.242541841590606;0.0;3.904617124003635;-7.147201380289232;0.0;0.0;0.0;0.0;0.0;93.4109645797692;425.35902897577864;2.5042676372867216;412.6874800209294;-2.9060881334351836e-7
5751.0;0.0;-0.0002765090958875634;0.0;1.3098538754034315;0.0;0.0;0.0;0.0;0.0;0.0;3.242541841590606;0.0;3.904617124003635;-7.147201380289232;0.0;0.0;0.0;0.0;0.0;93.4109645797692;425.35902897577864;2.5042676372867216;412.6874800209294;-2.9060881334351836e-7
5752.0;0.0;-0.0002765090958875634;0.0;1.3098538754034315;0.0;0.0;0.0;0.0;0.0;0.0;3.242541841590606;0.0;3.904617124003635;-7.147201380289232;0.0;0.0;0.0;0.0;0.0;93.4109645797692;425.35902897577864;2.5042676372867216;412.6874800209294;-2.9060881334351836e-7
5753.0;0.0;-0.0002765090958875634;0.0;1.3098538754034315;0.0;0.0;0.0;0.0;0.0;0.0;3.242541841590606;0.0;3.904617124003635;-7.147201380289232;0.0;0.0;0.0;0.0;0.0;93.4109645797692;425.35902897577864;2.5042676372867216;412.6874800209294;-2.9060881334351836e-7
5754.0;0.0;-0.0002765090958875634;0.0;1.3098538754034315;0.0;0.0;0.0;0.0;0.0;0.0;3.242541841590606;0.0;3.904617124003635;-7.147201380289232;0.0;0.0;0.0;0.0;0.0;93.4109645797692;425.35902897577864;2.5042676372867216;412.6874800209294;-2.9060881334351836e-7
5755.0;0.0;-0.0002765090958875634;0.0;1.3098538754034315;0.0;0.0;0.0;0.0;0.0;0.0;3.242541841590606;0.0;3.904617124003635;-7.147201380289232;0.0;0.0;0.0;0.0;0.0;93.4109645797692;425.35902897577864;2.5042676372867216;412.6874800209294;-2.9060881334351836e-7
5756.0;0.0;-0.0002765090958875634;0.0;1.3098538754034315;0.0;0.0;0.0;0.0;0.0;0.0;3.242541841590606;0.0;3.904617124003635;-7.147201380289232;0.0;0.0;0.0;0.0;0.0;93.4109645797692;425.35902897577864;2.5042676372867216;412.6874800209294;-2.9060881334351836e-7
5757.0;0.0;-0.0002765090958875634;0.0;1.3098538754034315;0.0;0.0;0.0;0.0;0.0;0.0;3.242541841590606;0.0;3.904617124003635;-7.147201380289232;0.0;0.0;0.0;0.0;0.0;93.4109645797692;425.35902897577864;2.5042676372867216;412.6874800209294;-2.9060881334351836e-7
5758.0;0.0;-0.0002765090958875634;0.0;1.3098538754034315;0.0;0.0;0.0;0.0;0.0;0.0;3.242541841590606;0.0;3.904617124003635;-7.147201380289232;0.0;0.0;0.0;0.0;0.0;93.4109645797692;425.35902897577864;2.5042676372867216;412.6874800209294;-2.9060881334351836e-7
5759.0;0.0;-0.0002765090958875634;0.0;1.3098538754034315;0.0;0.0;0.0;0.0;0.0;0.0;3.242541841590606;0.0;3.904617124003635;-7.147201380289232;0.0;0.0;0.0;0.0;0.0;93.4109645797692;425.35902897577864;2.5042676372867216;412.6874800209294;-2.9060881334351836e-7
5760.0;0.0;-0.0002765090958875634;0.0;1.3098538754034315;0.0;0.0;0.0;0.0;0.0;0.0;3.242541841590606;0.0;3.904617124003635;-7.147201380289232;0.0;0.0;0.0;0.0;0.0;93.4109645797692;425.35902897577864;2.5042676372867216;412.6874800209294;-2.9060881334351836e-7
5761.0;0.0;-9.243094159927394e-5;0.0;1.7076802980071897;0.0;0.0;0.0;0.0;0.0;0.0016743854217661338;1.7460515404790122;0.0;5.103209709434387;-6.850876862630232;0.0;0.0;0.0;0.0;0.0;103.67117144239478;423.74923023935804;2.5042678614246263;412.88025849767365;-2.91016204690443e-7
5762.0;0.0;-9.243094159927394e-5;0.0;1.7076802980071897;0.0;0.0;0.0;0.0;0.0;0.0016743854217661338;1.7460515404790122;0.0;5.103209709434387;-6.850876862630232;0.0;0.0;0.0;0.0;0.0;103.67117144239478;423.74923023935804;2.5042678614246263;412.88025849767365;-2.91016204690443e-7
5763.0;0.0;-9.243094159927394e-5;0.0;1.7076802980071897;0.0;0.0;0.0;0.0;0.0;0.0016743854217661338;1.7460515404790122;0.0;5.103209709434387;-6.850876862630232;0.0;0.0;0.0;0.0;0.0;103.67117144239478;423.74923023935804;2.5042678614246263;412.88025849767365;-2.91016204690443e-7
5764.0;0.0;-9.243094159927394e-5;0.0;1.7076802980071897;0.0;0.0;0.0;0.0;0.0;0.0016743854217661338;1.7460515404790122;0.0;5.103209709434387;-6.850876862630232;0.0;0.0;0.0;0.0;0.0;103.67117144239478;423.74923023935804;2.5042678614246263;412.88025849767365;-2.91016204690443e-7
5765.0;0.0;-9.243094159927394e-5;0.0;1.7076802980071897;0.0;0.0;0.0;0.0;0.0;0.0016743854217661338;1.7460515404790122;0.0;5.103209709434387;-6.850876862630232;0.0;0.0;0.0;0.0;0.0;103.67117144239478;423.74923023935804;2.5042678614246263;412.88025849767365;-2.91016204690443e-7
5766.0;0.0;-9.243094159927394e-5;0.0;1.7076802980071897;0.0;0.0;0.0;0.0;0.0;0.0016743854217661338;1.7460515404790122;0.0;5.103209709434387;-6.850876862630232;0.0;0.0;0.0;0.0;0.0;103.67117144239478;423.74923023935804;2.5042678614246263;412.88025849767365;-2.91016204690443e-7
5767.0;0.0;-9.243094159927394e-5;0.0;1.7076802980071897;0.0;0.0;0.0;0.0;0.0;0.0016743854217661338;1.7460515404790122;0.0;5.103209709434387;-6.850876862630232;0.0;0.0;0.0;0.0;0.0;103.67117144239478;423.74923023935804;2.5042678614246263;412.88025849767365;-2.91016204690443e-7
5768.0;0.0;-9.243094159927394e-5;0.0;1.7076802980071897;0.0;0.0;0.0;0.0;0.0;0.0016743854217661338;1.7460515404790122;0.0;5.103209709434387;-6.850876862630232;0.0;0.0;0.0;0.0;0.0;103.67117144239478;423.74923023935804;2.5042678614246263;412.88025849767365;-2.91016204690443e-7
5769.0;0.0;-9.243094159927394e-5;0.0;1.7076802980071897;0.0;0.0;0.0;0.0;0.0;0.0016743854217661338;1.7460515404790122;0.0;5.103209709434387;-6.850876862630232;0.0;0.0;0.0;0.0;0.0;103.67117144239478;423.74923023935804;2.5042678614246263;412.88025849767365;-2.91016204690443e-7
5770.0;0.0;-9.243094159927394e-5;0.0;1.7076802980071897;0.0;0.0;0.0;0.0;0.0;0.0016743854217661338;1.7460515404790122;0.0;5.103209709434387;-6.850876862630232;0.0;0.0;0.0;0.0;0.0;103.67117144239478;423.74923023935804;2.5042678614246263;412.88025849767365;-2.91016204690443e-7
5771.0;0.0;-9.243094159927394e-5;0.0;1.7076802980071897;0.0;0.0;0.0;0.0;0.0;0.0016743854217661338;1.7460515404790122;0.0;5.103209709434387;-6.850876862630232;0.0;0.0;0.0;0.0;0.0;103.67117144239478;423.74923023935804;2.5042678614246263;412.88025849767365;-2.91016204690443e-7
5772.0;0.0;-9.243094159927394e-5;0.0;1.7076802980071897;0.0;0.0;0.0;0.0;0.0;0.0016743854217661338;1.7460515404790122;0.0;5.103209709434387;-6.850876862630232;0.0;0.0;0.0;0.0;0.0;103.67117144239478;423.74923023935804;2.5042678614246263;412.88025849767365;-2.91016204690443e-7
5773.0;0.0;-9.243094159927394e-5;0.0;1.7076802980071897;0.0;0.0;0.0;0.0;0.0;0.0016743854217661338;1.7460515404790122;0.0;5.103209709434387;-6.850876862630232;0.0;0.0;0.0;0.0;0.0;103.67117144239478;423.74923023935804;2.5042678614246263;412.88025849767365;-2.91016204690443e-7
5774.0;0.0;-9.243094159927394e-5;0.0;1.7076802980071897;0.0;0.0;0.0;0.0;0.0;0.0016743854217661338;1.7460515404790122;0.0;5.103209709434387;-6.850876862630232;0.0;0.0;0.0;0.0;0.0;103.67117144239478;423.74923023935804;2.5042678614246263;412.88025849767365;-2.91016204690443e-7
5775.0;0.0;-9.243094159927394e-5;0.0;1.7076802980071897;0.0;0.0;0.0;0.0;0.0;0.0016743854217661338;1.7460515404790122;0.0;5.103209709434387;-6.850876862630232;0.0;0.0;0.0;0.0;0.0;103.67117144239478;423.74923023935804;2.5042678614246263;412.88025849767365;-2.91016204690443e-7
5776.0;0.0;-9.243094159927394e-5;0.0;1.7076802980071897;0.0;0.0;0.0;0.0;0.0;0.0016743854217661338;1.7460515404790122;0.0;5.103209709434387;-6.850876862630232;0.0;0.0;0.0;0.0;0.0;103.67117144239478;423.74923023935804;2.5042678614246263;412.88025849767365;-2.91016204690443e-7
5777.0;0.0;-9.243094159927394e-5;0.0;1.7076802980071897;0.0;0.0;0.0;0.0;0.0;0.0016743854217661338;1.7460515404790122;0.0;5.103209709434387;-6.850876862630232;0.0;0.0;0.0;0.0;0.0;103.67117144239478;423.74923023935804;2.5042678614246263;412.88025849767365;-2.91016204690443e-7
5778.0;0.0;-9.243094159927394e-5;0.0;1.7076802980071897;0.0;0.0;0.0;0.0;0.0;0.0016743854217661338;1.7460515404790122;0.0;5.103209709434387;-6.850876862630232;0.0;0.0;0.0;0.0;0.0;103.67117144239478;423.74923023935804;2.5042678614246263;412.88025849767365;-2.91016204690443e-7
5779.0;0.0;-9.243094159927394e-5;0.0;1.7076802980071897;0.0;0.0;0.0;0.0;0.0;0.0016743854217661338;1.7460515404790122;0.0;5.103209709434387;-6.850876862630232;0.0;0.0;0.0;0.0;0.0;103.67117144239478;423.74923023935804;2.5042678614246263;412.88025849767365;-2.91016204690443e-7
5780.0;0.0;-9.243094159927394e-5;0.0;1.7076802980071897;0.0;0.0;0.0;0.0;0.0;0.0016743854217661338;1.7460515404790122;0.0;5.103209709434387;-6.850876862630232;0.0;0.0;0.0;0.0;0.0;103.67117144239478;423.74923023935804;2.5042678614246263;412.88025849767365;-2.91016204690443e-7
5781.0;0.0;-9.243094159927394e-5;0.0;1.7076802980071897;0.0;0.0;0.0;0.0;0.0;0.0016743854217661338;1.7460515404790122;0.0;5.103209709434387;-6.850876862630232;0.0;0.0;0.0;0.0;0.0;103.67117144239478;423.74923023935804;2.5042678614246263;412.88025849767365;-2.91016204690443e-7
5782.0;0.0;-9.243094159927394e-5;0.0;1.7076802980071897;0.0;0.0;0.0;0.0;0.0;0.0016743854217661338;1.7460515404790122;0.0;5.103209709434387;-6.850876862630232;0.0;0.0;0.0;0.0;0.0;103.67117144239478;423.74923023935804;2.5042678614246263;412.88025849767365;-2.91016204690443e-7
5783.0;0.0;-9.243094159927394e-5;0.0;1.7076802980071897;0.0;0.0;0.0;0.0;0.0;0.0016743854217661338;1.7460515404790122;0.0;5.103209709434387;-6.850876862630232;0.0;0.0;0.0;0.0;0.0;103.67117144239478;423.74923023935804;2.5042678614246263;412.88025849767365;-2.91016204690443e-7
5784.0;0.0;-9.243094159927394e-5;0.0;1.7076802980071897;0.0;0.0;0.0;0.0;0.0;0.0016743854217661338;1.7460515404790122;0.0;5.103209709434387;-6.850876862630232;0.0;0.0;0.0;0.0;0.0;103.67117144239478;423.74923023935804;2.5042678614246263;412.88025849767365;-2.91016204690443e-7
5785.0;0.0;0.00032272819228355696;0.0;1.7076802980071897;0.0;0.0;0.0;0.0;0.0;0.005867147713743515;1.9493105757036593;6.015198132169567e-10;4.892400482622718;-6.847518337567565;0.0;0.0;0.0;0.0;0.0;103.67117144239478;423.74923023935804;2.5042678614246263;412.88025849767365;-2.91016204690443e-7
5786.0;0.0;0.00032272819228355696;0.0;1.7076802980071897;0.0;0.0;0.0;0.0;0.0;0.005867147713743515;1.9493105757036593;6.015198132169567e-10;4.892400482622718;-6.847518337567565;0.0;0.0;0.0;0.0;0.0;103.67117144239478;423.74923023935804;2.5042678614246263;412.88025849767365;-2.91016204690443e-7
5787.0;0.0;0.00032272819228355696;0.0;1.7076802980071897;0.0;0.0;0.0;0.0;0.0;0.005867147713743515;1.9493105757036593;6.015198132169567e-10;4.892400482622718;-6.847518337567565;0.0;0.0;0.0;0.0;0.0;103.67117144239478;423.74923023935804;2.5042678614246263;412.88025849767365;-2.91016204690443e-7
5788.0;0.0;0.00032272819228355696;0.0;1.7076802980071897;0.0;0.0;0.0;0.0;0.0;0.005867147713743515;1.9493105757036593;6.015198132169567e-10;4.892400482622718;-6.847518337567565;0.0;0.0;0.0;0.0;0.0;103.67117144239478;423.74923023935804;2.5042678614246263;412.88025849767365;-2.91016204690443e-7
5789.0;0.0;0.00032272819228355696;0.0;1.7076802980071897;0.0;0.0;0.0;0.0;0.0;0.005867147713743515;1.9493105757036593;6.015198132169567e-10;4.892400482622718;-6.847518337567565;0.0;0.0;0.0;0.0;0.0;103.67117144239478;423.74923023935804;2.5042678614246263;412.88025849767365;-2.91016204690443e-7
5790.0;0.0;0.00032272819228355696;0.0;1.7076802980071897;0.0;0.0;0.0;0.0;0.0;0.005867147713743515;1.9493105757036593;6.015198132169567e-10;4.892400482622718;-6.847518337567565;0.0;0.0;0.0;0.0;0.0;103.67117144239478;423.74923023935804;2.5042678614246263;412.88025849767365;-2.91016204690443e-7
5791.0;0.0;0.00032272819228355696;0.0;1.7076802980071897;0.0;0.0;0.0;0.0;0.0;0.005867147713743515;1.9493105757036593;6.015198132169567e-10;4.892400482622718;-6.847518337567565;0.0;0.0;0.0;0.0;0.0;103.67117144239478;423.74923023935804;2.5042678614246263;412.88025849767365;-2.91016204690443e-7
5792.0;0.0;0.00032272819228355696;0.0;1.7076802980071897;0.0;0.0;0.0;0.0;0.0;0.005867147713743515;1.9493105757036593;6.015198132169567e-10;4.892400482622718;-6.847518337567565;0.0;0.0;0.0;0.0;0.0;103.67117144239478;423.74923023935804;2.5042678614246263;412.88025849767365;-2.91016204690443e-7
5793.0;0.0;0.00032272819228355696;0.0;1.7076802980071897;0.0;0.0;0.0;0.0;0.0;0.005867147713743515;1.9493105757036593;6.015198132169567e-10;4.892400482622718;-6.847518337567565;0.0;0.0;0.0;0.0;0.0;103.67117144239478;423.74923023935804;2.5042678614246263;412.88025849767365;-2.91016204690443e-7
5794.0;0.0;0.00032272819228355696;0.0;1.7076802980071897;0.0;0.0;0.0;0.0;0.0;0.005867147713743515;1.9493105757036593;6.015198132169567e-10;4.892400482622718;-6.847518337567565;0.0;0.0;0.0;0.0;0.0;103.67117144239478;423.74923023935804;2.5042678614246263;412.88025849767365;-2.91016204690443e-7
5795.0;0.0;0.00032272819228355696;0.0;1.7076802980071897;0.0;0.0;0.0;0.0;0.0;0.005867147713743515;1.9493105757036593;6.015198132169567e-10;4.892400482622718;-6.847518337567565;0.0;0.0;0.0;0.0;0.0;103.67117144239478;423.74923023935804;2.5042678614246263;412.88025849767365;-2.91016204690443e-7
5796.0;0.0;0.00032272819228355696;0.0;1.7076802980071897;0.0;0.0;0.0;0.0;0.0;0.005867147713743515;1.9493105757036593;6.015198132169567e-10;4.892400482622718;-6.847518337567565;0.0;0.0;0.0;0.0;0.0;103.67117144239478;423.74923023935804;2.5042678614246263;412.88025849767365;-2.91016204690443e-7
5797.0;0.0;0.00032272819228355696;0.0;1.7076802980071897;0.0;0.0;0.0;0.0;0.0;0.005867147713743515;1.9493105757036593;6.015198132169567e-10;4.892400482622718;-6.847518337567565;0.0;0.0;0.0;0.0;0.0;103.67117144239478;423.74923023935804;2.5042678614246263;412.88025849767365;-2.91016204690443e-7
5798.0;0.0;0.00032272819228355696;0.0;1.7076802980071897;0.0;0.0;0.0;0.0;0.0;0.005867147713743515;1.9493105757036593;6.015198132169567e-10;4.892400482622718;-6.847518337567565;0.0;0.0;0.0;0.0;0.0;103.67117144239478;423.74923023935804;2.5042678614246263;412.88025849767365;-2.91016204690443e-7
5799.0;0.0;0.00032272819228355696;0.0;1.7076802980071897;0.0;0.0;0.0;0.0;0.0;0.005867147713743515;1.9493105757036593;6.015198132169567e-10;4.892400482622718;-6.847518337567565;0.0;0.0;0.0;0.0;0.0;103.67117144239478;423.74923023935804;2.5042678614246263;412.88025849767365;-2.91016204690443e-7
5800.0;0.0;0.00032272819228355696;0.0;1.7076802980071897;0.0;0.0;0.0;0.0;0.0;0.005867147713743515;1.9493105757036593;6.015198132169567e-10;4.892400482622718;-6.847518337567565;0.0;0.0;0.0;0.0;0.0;103.67117144239478;423.74923023935804;2.5042678614246263;412.88025849767365;-2.91016204690443e-7
5801.0;0.0;0.00032272819228355696;0.0;1.7076802980071897;0.0;0.0;0.0;0.0;0.0;0.005867147713743515;1.9493105757036593;6.015198132169567e-10;4.892400482622718;-6.847518337567565;0.0;0.0;0.0;0.0;0.0;103.67117144239478;423.74923023935804;2.5042678614246263;412.88025849767365;-2.91016204690443e-7
5802.0;0.0;0.00032272819228355696;0.0;1.7076802980071897;0.0;0.0;0.0;0.0;0.0;0.005867147713743515;1.9493105757036593;6.015198132169567e-10;4.892400482622718;-6.847518337567565;0.0;0.0;0.0;0.0;0.0;103.67117144239478;423.74923023935804;2.5042678614246263;412.88025849767365;-2.91016204690443e-7
5803.0;0.0;0.00032272819228355696;0.0;1.7076802980071897;0.0;0.0;0.0;0.0;0.0;0.005867147713743515;1.9493105757036593;6.015198132169567e-10;4.892400482622718;-6.847518337567565;0.0;0.0;0.0;0.0;0.0;103.67117144239478;423.74923023935804;2.5042678614246263;412.88025849767365;-2.91016204690443e-7
5804.0;0.0;0.00032272819228355696;0.0;1.7076802980071897;0.0;0.0;0.0;0.0;0.0;0.005867147713743515;1.9493105757036593;6.015198132169567e-10;4.892400482622718;-6.847518337567565;0.0;0.0;0.0;0.0;0.0;103.67117144239478;423.74923023935804;2.5042678614246263;412.88025849767365;-2.91016204690443e-7
5805.0;0.0;0.00032272819228355696;0.0;1.7076802980071897;0.0;0.0;0.0;0.0;0.0;0.005867147713743515;1.9493105757036593;6.015198132169567e-10;4.892400482622718;-6.847518337567565;0.0;0.0;0.0;0.0;0.0;103.67117144239478;423.74923023935804;2.5042678614246263;412.88025849767365;-2.91016204690443e-7
5806.0;0.0;0.00032272819228355696;0.0;1.7076802980071897;0.0;0.0;0.0;0.0;0.0;0.005867147713743515;1.9493105757036593;6.015198132169567e-10;4.892400482622718;-6.847518337567565;0.0;0.0;0.0;0.0;0.0;103.67117144239478;423.74923023935804;2.5042678614246263;412.88025849767365;-2.91016204690443e-7
5807.0;0.0;0.00032272819228355696;0.0;1.7076802980071897;0.0;0.0;0.0;0.0;0.0;0.005867147713743515;1.9493105757036593;6.015198132169567e-10;4.892400482622718;-6.847518337567565;0.0;0.0;0.0;0.0;0.0;103.67117144239478;423.74923023935804;2.5042678614246263;412.88025849767365;-2.91016204690443e-7
5808.0;0.0;0.00032272819228355696;0.0;1.7076802980071897;0.0;0.0;0.0;0.0;0.0;0.005867147713743515;1.9493105757036593;6.015198132169567e-10;4.892400482622718;-6.847518337567565;0.0;0.0;0.0;0.0;0.0;103.67117144239478;423.74923023935804;2.5042678614246263;412.88025849767365;-2.91016204690443e-7
5809.0;0.0;-0.0016898137223796419;0.0;1.7076802980071897;0.0;0.0;0.0;0.0;0.0;0.00632969522643711;4.388075921738847;0.0;2.135255483074099;-6.529693685273543;0.0;0.0;0.0;0.0;0.0;103.67117144239478;423.74923023935804;2.5042678614246263;412.88025849767365;-2.91016204690443e-7
5810.0;0.0;-0.0016898137223796419;0.0;1.7076802980071897;0.0;0.0;0.0;0.0;0.0;0.00632969522643711;4.388075921738847;0.0;2.135255483074099;-6.529693685273543;0.0;0.0;0.0;0.0;0.0;103.67117144239478;423.74923023935804;2.5042678614246263;412.88025849767365;-2.91016204690443e-7
5811.0;0.0;-0.0016898137223796419;0.0;1.7076802980071897;0.0;0.0;0.0;0.0;0.0;0.00632969522643711;4.388075921738847;0.0;2.135255483074099;-6.529693685273543;0.0;0.0;0.0;0.0;0.0;103.67117144239478;423.74923023935804;2.5042678614246263;412.88025849767365;-2.91016204690443e-7
5812.0;0.0;-0.0016898137223796419;0.0;1.7076802980071897;0.0;0.0;0.0;0.0;0.0;0.00632969522643711;4.388075921738847;0.0;2.135255483074099;-6.529693685273543;0.0;0.0;0.0;0.0;0.0;103.67117144239478;423.74923023935804;2.5042678614246263;412.88025849767365;-2.91016204690443e-7
5813.0;0.0;-0.0016898137223796419;0.0;1.7076802980071897;0.0;0.0;0.0;0.0;0.0;0.00632969522643711;4.388075921738847;0.0;2.135255483074099;-6.529693685273543;0.0;0.0;0.0;0.0;0.0;103.67117144239478;423.74923023935804;2.5042678614246263;412.88025849767365;-2.91016204690443e-7
5814.0;0.0;-0.0016898137223796419;0.0;1.7076802980071897;0.0;0.0;0.0;0.0;0.0;0.00632969522643711;4.388075921738847;0.0;2.135255483074099;-6.529693685273543;0.0;0.0;0.0;0.0;0.0;103.67117144239478;423.74923023935804;2.5042678614246263;412.88025849767365;-2.91016204690443e-7
5815.0;0.0;-0.0016898137223796419;0.0;1.7076802980071897;0.0;0.0;0.0;0.0;0.0;0.00632969522643711;4.388075921738847;0.0;2.135255483074099;-6.529693685273543;0.0;0.0;0.0;0.0;0.0;103.67117144239478;423.74923023935804;2.5042678614246263;412.88025849767365;-2.91016204690443e-7
5816.0;0.0;-0.0016898137223796419;0.0;1.7076802980071897;0.0;0.0;0.0;0.0;0.0;0.00632969522643711;4.388075921738847;0.0;2.135255483074099;-6.529693685273543;0.0;0.0;0.0;0.0;0.0;103.67117144239478;423.74923023935804;2.5042678614246263;412.88025849767365;-2.91016204690443e-7
5817.0;0.0;-0.0016898137223796419;0.0;1.7076802980071897;0.0;0.0;0.0;0.0;0.0;0.00632969522643711;4.388075921738847;0.0;2.135255483074099;-6.529693685273543;0.0;0.0;0.0;0.0;0.0;103.67117144239478;423.74923023935804;2.5042678614246263;412.88025849767365;-2.91016204690443e-7
5818.0;0.0;-0.0016898137223796419;0.0;1.7076802980071897;0.0;0.0;0.0;0.0;0.0;0.00632969522643711;4.388075921738847;0.0;2.135255483074099;-6.529693685273543;0.0;0.0;0.0;0.0;0.0;103.67117144239478;423.74923023935804;2.5042678614246263;412.88025849767365;-2.91016204690443e-7
5819.0;0.0;-0.0016898137223796419;0.0;1.7076802980071897;0.0;0.0;0.0;0.0;0.0;0.00632969522643711;4.388075921738847;0.0;2.135255483074099;-6.529693685273543;0.0;0.0;0.0;0.0;0.0;103.67117144239478;423.74923023935804;2.5042678614246263;412.88025849767365;-2.91016204690443e-7
5820.0;0.0;-0.0016898137223796419;0.0;1.7076802980071897;0.0;0.0;0.0;0.0;0.0;0.00632969522643711;4.388075921738847;0.0;2.135255483074099;-6.529693685273543;0.0;0.0;0.0;0.0;0.0;103.67117144239478;423.74923023935804;2.5042678614246263;412.88025849767365;-2.91016204690443e-7
5821.0;0.0;-0.0016898137223796419;0.0;1.7076802980071897;0.0;0.0;0.0;0.0;0.0;0.00632969522643711;4.388075921738847;0.0;2.135255483074099;-6.529693685273543;0.0;0.0;0.0;0.0;0.0;103.67117144239478;423.74923023935804;2.5042678614246263;412.88025849767365;-2.91016204690443e-7
5822.0;0.0;-0.0016898137223796419;0.0;1.7076802980071897;0.0;0.0;0.0;0.0;0.0;0.00632969522643711;4.388075921738847;0.0;2.135255483074099;-6.529693685273543;0.0;0.0;0.0;0.0;0.0;103.67117144239478;423.74923023935804;2.5042678614246263;412.88025849767365;-2.91016204690443e-7
5823.0;0.0;-0.0016898137223796419;0.0;1.7076802980071897;0.0;0.0;0.0;0.0;0.0;0.00632969522643711;4.388075921738847;0.0;2.135255483074099;-6.529693685273543;0.0;0.0;0.0;0.0;0.0;103.67117144239478;423.74923023935804;2.5042678614246263;412.88025849767365;-2.91016204690443e-7
5824.0;0.0;-0.0016898137223796419;0.0;1.7076802980071897;0.0;0.0;0.0;0.0;0.0;0.00632969522643711;4.388075921738847;0.0;2.135255483074099;-6.529693685273543;0.0;0.0;0.0;0.0;0.0;103.67117144239478;423.74923023935804;2.5042678614246263;412.88025849767365;-2.91016204690443e-7
5825.0;0.0;-0.0016898137223796419;0.0;1.7076802980071897;0.0;0.0;0.0;0.0;0.0;0.00632969522643711;4.388075921738847;0.0;2.135255483074099;-6.529693685273543;0.0;0.0;0.0;0.0;0.0;103.67117144239478;423.74923023935804;2.5042678614246263;412.88025849767365;-2.91016204690443e-7
5826.0;0.0;-0.0016898137223796419;0.0;1.7076802980071897;0.0;0.0;0.0;0.0;0.0;0.00632969522643711;4.388075921738847;0.0;2.135255483074099;-6.529693685273543;0.0;0.0;0.0;0.0;0.0;103.67117144239478;423.74923023935804;2.5042678614246263;412.88025849767365;-2.91016204690443e-7
5827.0;0.0;-0.0016898137223796419;0.0;1.7076802980071897;0.0;0.0;0.0;0.0;0.0;0.00632969522643711;4.388075921738847;0.0;2.135255483074099;-6.529693685273543;0.0;0.0;0.0;0.0;0.0;103.67117144239478;423.74923023935804;2.5042678614246263;412.88025849767365;-2.91016204690443e-7
5828.0;0.0;-0.0016898137223796419;0.0;1.7076802980071897;0.0;0.0;0.0;0.0;0.0;0.00632969522643711;4.388075921738847;0.0;2.135255483074099;-6.529693685273543;0.0;0.0;0.0;0.0;0.0;103.67117144239478;423.74923023935804;2.5042678614246263;412.88025849767365;-2.91016204690443e-7
5829.0;0.0;-0.0016898137223796419;0.0;1.7076802980071897;0.0;0.0;0.0;0.0;0.0;0.00632969522643711;4.388075921738847;0.0;2.135255483074099;-6.529693685273543;0.0;0.0;0.0;0.0;0.0;103.67117144239478;423.74923023935804;2.5042678614246263;412.88025849767365;-2.91016204690443e-7
5830.0;0.0;-0.0016898137223796419;0.0;1.7076802980071897;0.0;0.0;0.0;0.0;0.0;0.00632969522643711;4.388075921738847;0.0;2.135255483074099;-6.529693685273543;0.0;0.0;0.0;0.0;0.0;103.67117144239478;423.74923023935804;2.5042678614246263;412.88025849767365;-2.91016204690443e-7
5831.0;0.0;-0.0016898137223796419;0.0;1.7076802980071897;0.0;0.0;0.0;0.0;0.0;0.00632969522643711;4.388075921738847;0.0;2.135255483074099;-6.529693685273543;0.0;0.0;0.0;0.0;0.0;103.67117144239478;423.74923023935804;2.5042678614246263;412.88025849767365;-2.91016204690443e-7
5832.0;0.0;-0.0016898137223796419;0.0;1.7076802980071897;0.0;0.0;0.0;0.0;0.0;0.00632969522643711;4.388075921738847;0.0;2.135255483074099;-6.529693685273543;0.0;0.0;0.0;0.0;0.0;103.67117144239478;423.74923023935804;2.5042678614246263;412.88025849767365;-2.91016204690443e-7
5833.0;0.0;1.0179949598189783e-5;0.0;1.7076802980071897;0.0;0.0;0.0;0.0;0.0;0.0006678812059687858;4.787099889853125;0.0;2.429888652843811;-7.217638525262033;0.0;0.0;0.0;0.0;0.0;103.67117144239478;423.74923023935804;2.5042678614246263;412.88025849767365;-2.91016204690443e-7
5834.0;0.0;1.0179949598189783e-5;0.0;1.7076802980071897;0.0;0.0;0.0;0.0;0.0;0.0006678812059687858;4.787099889853125;0.0;2.429888652843811;-7.217638525262033;0.0;0.0;0.0;0.0;0.0;103.67117144239478;423.74923023935804;2.5042678614246263;412.88025849767365;-2.91016204690443e-7
5835.0;0.0;1.0179949598189783e-5;0.0;1.7076802980071897;0.0;0.0;0.0;0.0;0.0;0.0006678812059687858;4.787099889853125;0.0;2.429888652843811;-7.217638525262033;0.0;0.0;0.0;0.0;0.0;103.67117144239478;423.74923023935804;2.5042678614246263;412.88025849767365;-2.91016204690443e-7
5836.0;0.0;1.0179949598189783e-5;0.0;1.7076802980071897;0.0;0.0;0.0;0.0;0.0;0.0006678812059687858;4.787099889853125;0.0;2.429888652843811;-7.217638525262033;0.0;0.0;0.0;0.0;0.0;103.67117144239478;423.74923023935804;2.5042678614246263;412.88025849767365;-2.91016204690443e-7
5837.0;0.0;1.0179949598189783e-5;0.0;1.7076802980071897;0.0;0.0;0.0;0.0;0.0;0.0006678812059687858;4.787099889853125;0.0;2.429888652843811;-7.217638525262033;0.0;0.0;0.0;0.0;0.0;103.67117144239478;423.74923023935804;2.5042678614246263;412.88025849767365;-2.91016204690443e-7
5838.0;0.0;1.0179949598189783e-5;0.0;1.7076802980071897;0.0;0.0;0.0;0.0;0.0;0.0006678812059687858;4.787099889853125;0.0;2.429888652843811;-7.217638525262033;0.0;0.0;0.0;0.0;0.0;103.67117144239478;423.74923023935804;2.5042678614246263;412.88025849767365;-2.91016204690443e-7
5839.0;0.0;1.0179949598189783e-5;0.0;1.7076802980071897;0.0;0.0;0.0;0.0;0.0;0.0006678812059687858;4.787099889853125;0.0;2.429888652843811;-7.217638525262033;0.0;0.0;0.0;0.0;0.0;103.67117144239478;423.74923023935804;2.5042678614246263;412.88025849767365;-2.91016204690443e-7
5840.0;0.0;1.0179949598189783e-5;0.0;1.7076802980071897;0.0;0.0;0.0;0.0;0.0;0.0006678812059687858;4.787099889853125;0.0;2.429888652843811;-7.217638525262033;0.0;0.0;0.0;0.0;0.0;103.67117144239478;423.74923023935804;2.5042678614246263;412.88025849767365;-2.91016204690443e-7
5841.0;0.0;1.0179949598189783e-5;0.0;1.7076802980071897;0.0;0.0;0.0;0.0;0.0;0.0006678812059687858;4.787099889853125;0.0;2.429888652843811;-7.217638525262033;0.0;0.0;0.0;0.0;0.0;103.67117144239478;423.74923023935804;2.5042678614246263;412.88025849767365;-2.91016204690443e-7
5842.0;0.0;1.0179949598189783e-5;0.0;1.7076802980071897;0.0;0.0;0.0;0.0;0.0;0.0006678812059687858;4.787099889853125;0.0;2.429888652843811;-7.217638525262033;0.0;0.0;0.0;0.0;0.0;103.67117144239478;423.74923023935804;2.5042678614246263;412.88025849767365;-2.91016204690443e-7
5843.0;0.0;1.0179949598189783e-5;0.0;1.7076802980071897;0.0;0.0;0.0;0.0;0.0;0.0006678812059687858;4.787099889853125;0.0;2.429888652843811;-7.217638525262033;0.0;0.0;0.0;0.0;0.0;103.67117144239478;423.74923023935804;2.5042678614246263;412.88025849767365;-2.91016204690443e-7
5844.0;0.0;1.0179949598189783e-5;0.0;1.7076802980071897;0.0;0.0;0.0;0.0;0.0;0.0006678812059687858;4.787099889853125;0.0;2.429888652843811;-7.217638525262033;0.0;0.0;0.0;0.0;0.0;103.67117144239478;423.74923023935804;2.5042678614246263;412.88025849767365;-2.91016204690443e-7
5845.0;0.0;1.0179949598189783e-5;0.0;1.7076802980071897;0.0;0.0;0.0;0.0;0.0;0.0006678812059687858;4.787099889853125;0.0;2.429888652843811;-7.217638525262033;0.0;0.0;0.0;0.0;0.0;103.67117144239478;423.74923023935804;2.5042678614246263;412.88025849767365;-2.91016204690443e-7
5846.0;0.0;1.0179949598189783e-5;0.0;1.7076802980071897;0.0;0.0;0.0;0.0;0.0;0.0006678812059687858;4.787099889853125;0.0;2.429888652843811;-7.217638525262033;0.0;0.0;0.0;0.0;0.0;103.67117144239478;423.74923023935804;2.5042678614246263;412.88025849767365;-2.91016204690443e-7
5847.0;0.0;1.0179949598189783e-5;0.0;1.7076802980071897;0.0;0.0;0.0;0.0;0.0;0.0006678812059687858;4.787099889853125;0.0;2.429888652843811;-7.217638525262033;0.0;0.0;0.0;0.0;0.0;103.67117144239478;423.74923023935804;2.5042678614246263;412.88025849767365;-2.91016204690443e-7
5848.0;0.0;1.0179949598189783e-5;0.0;1.7076802980071897;0.0;0.0;0.0;0.0;0.0;0.0006678812059687858;4.787099889853125;0.0;2.429888652843811;-7.217638525262033;0.0;0.0;0.0;0.0;0.0;103.67117144239478;423.74923023935804;2.5042678614246263;412.88025849767365;-2.91016204690443e-7
5849.0;0.0;1.0179949598189783e-5;0.0;1.7076802980071897;0.0;0.0;0.0;0.0;0.0;0.0006678812059687858;4.787099889853125;0.0;2.429888652843811;-7.217638525262033;0.0;0.0;0.0;0.0;0.0;103.67117144239478;423.74923023935804;2.5042678614246263;412.88025849767365;-2.91016204690443e-7
5850.0;0.0;1.0179949598189783e-5;0.0;1.7076802980071897;0.0;0.0;0.0;0.0;0.0;0.0006678812059687858;4.787099889853125;0.0;2.429888652843811;-7.217638525262033;0.0;0.0;0.0;0.0;0.0;103.67117144239478;423.74923023935804;2.5042678614246263;412.88025849767365;-2.91016204690443e-7
5851.0;0.0;1.0179949598189783e-5;0.0;1.7076802980071897;0.0;0.0;0.0;0.0;0.0;0.0006678812059687858;4.787099889853125;0.0;2.429888652843811;-7.217638525262033;0.0;0.0;0.0;0.0;0.0;103.67117144239478;423.74923023935804;2.5042678614246263;412.88025849767365;-2.91016204690443e-7
5852.0;0.0;1.0179949598189783e-5;0.0;1.7076802980071897;0.0;0.0;0.0;0.0;0.0;0.0006678812059687858;4.787099889853125;0.0;2.429888652843811;-7.217638525262033;0.0;0.0;0.0;0.0;0.0;103.67117144239478;423.74923023935804;2.5042678614246263;412.88025849767365;-2.91016204690443e-7
5853.0;0.0;1.0179949598189783e-5;0.0;1.7076802980071897;0.0;0.0;0.0;0.0;0.0;0.0006678812059687858;4.787099889853125;0.0;2.429888652843811;-7.217638525262033;0.0;0.0;0.0;0.0;0.0;103.67117144239478;423.74923023935804;2.5042678614246263;412.88025849767365;-2.91016204690443e-7
5854.0;0.0;1.0179949598189783e-5;0.0;1.7076802980071897;0.0;0.0;0.0;0.0;0.0;0.0006678812059687858;4.787099889853125;0.0;2.429888652843811;-7.217638525262033;0.0;0.0;0.0;0.0;0.0;103.67117144239478;423.74923023935804;2.5042678614246263;412.88025849767365;-2.91016204690443e-7
5855.0;0.0;1.0179949598189783e-5;0.0;1.7076802980071897;0.0;0.0;0.0;0.0;0.0;0.0006678812059687858;4.787099889853125;0.0;2.429888652843811;-7.217638525262033;0.0;0.0;0.0;0.0;0.0;103.67117144239478;423.74923023935804;2.5042678614246263;412.88025849767365;-2.91016204690443e-7
5856.0;0.0;1.0179949598189783e-5;0.0;1.7076802980071897;0.0;0.0;0.0;0.0;0.0;0.0006678812059687858;4.787099889853125;0.0;2.429888652843811;-7.217638525262033;0.0;0.0;0.0;0.0;0.0;103.67117144239478;423.74923023935804;2.5042678614246263;412.88025849767365;-2.91016204690443e-7
5857.0;0.0;-6.10465458737334e-5;0.0;1.7076802980071897;0.0;0.0;0.0;0.0;0.0;0.000464615048113298;4.633261242542411;0.0;2.312153919087045;-6.945878531987409;0.0;0.0;0.0;0.0;0.0;103.67117144239478;423.74923023935804;2.5042678614246263;412.88025849767365;-2.91016204690443e-7
5858.0;0.0;-6.10465458737334e-5;0.0;1.7076802980071897;0.0;0.0;0.0;0.0;0.0;0.000464615048113298;4.633261242542411;0.0;2.312153919087045;-6.945878531987409;0.0;0.0;0.0;0.0;0.0;103.67117144239478;423.74923023935804;2.5042678614246263;412.88025849767365;-2.91016204690443e-7
5859.0;0.0;-6.10465458737334e-5;0.0;1.7076802980071897;0.0;0.0;0.0;0.0;0.0;0.000464615048113298;4.633261242542411;0.0;2.312153919087045;-6.945878531987409;0.0;0.0;0.0;0.0;0.0;103.67117144239478;423.74923023935804;2.5042678614246263;412.88025849767365;-2.91016204690443e-7
5860.0;0.0;-6.10465458737334e-5;0.0;1.7076802980071897;0.0;0.0;0.0;0.0;0.0;0.000464615048113298;4.633261242542411;0.0;2.312153919087045;-6.945878531987409;0.0;0.0;0.0;0.0;0.0;103.67117144239478;423.74923023935804;2.5042678614246263;412.88025849767365;-2.91016204690443e-7
5861.0;0.0;-6.10465458737334e-5;0.0;1.7076802980071897;0.0;0.0;0.0;0.0;0.0;0.000464615048113298;4.633261242542411;0.0;2.312153919087045;-6.945878531987409;0.0;0.0;0.0;0.0;0.0;103.67117144239478;423.74923023935804;2.5042678614246263;412.88025849767365;-2.91016204690443e-7
5862.0;0.0;-6.10465458737334e-5;0.0;1.7076802980071897;0.0;0.0;0.0;0.0;0.0;0.000464615048113298;4.633261242542411;0.0;2.312153919087045;-6.945878531987409;0.0;0.0;0.0;0.0;0.0;103.67117144239478;423.74923023935804;2.5042678614246263;412.88025849767365;-2.91016204690443e-7
5863.0;0.0;-6.10465458737334e-5;0.0;1.7076802980071897;0.0;0.0;0.0;0.0;0.0;0.000464615048113298;4.633261242542411;0.0;2.312153919087045;-6.945878531987409;0.0;0.0;0.0;0.0;0.0;103.67117144239478;423.74923023935804;2.5042678614246263;412.88025849767365;-2.91016204690443e-7
5864.0;0.0;-6.10465458737334e-5;0.0;1.7076802980071897;0.0;0.0;0.0;0.0;0.0;0.000464615048113298;4.633261242542411;0.0;2.312153919087045;-6.945878531987409;0.0;0.0;0.0;0.0;0.0;103.67117144239478;423.74923023935804;2.5042678614246263;412.88025849767365;-2.91016204690443e-7
5865.0;0.0;-6.10465458737334e-5;0.0;1.7076802980071897;0.0;0.0;0.0;0.0;0.0;0.000464615048113298;4.633261242542411;0.0;2.312153919087045;-6.945878531987409;0.0;0.0;0.0;0.0;0.0;103.67117144239478;423.74923023935804;2.5042678614246263;412.88025849767365;-2.91016204690443e-7
5866.0;0.0;-6.10465458737334e-5;0.0;1.7076802980071897;0.0;0.0;0.0;0.0;0.0;0.000464615048113298;4.633261242542411;0.0;2.312153919087045;-6.945878531987409;0.0;0.0;0.0;0.0;0.0;103.67117144239478;423.74923023935804;2.5042678614246263;412.88025849767365;-2.91016204690443e-7
5867.0;0.0;-6.10465458737334e-5;0.0;1.7076802980071897;0.0;0.0;0.0;0.0;0.0;0.000464615048113298;4.633261242542411;0.0;2.312153919087045;-6.945878531987409;0.0;0.0;0.0;0.0;0.0;103.67117144239478;423.74923023935804;2.5042678614246263;412.88025849767365;-2.91016204690443e-7
5868.0;0.0;-6.10465458737334e-5;0.0;1.7076802980071897;0.0;0.0;0.0;0.0;0.0;0.000464615048113298;4.633261242542411;0.0;2.312153919087045;-6.945878531987409;0.0;0.0;0.0;0.0;0.0;103.67117144239478;423.74923023935804;2.5042678614246263;412.88025849767365;-2.91016204690443e-7
5869.0;0.0;-6.10465458737334e-5;0.0;1.7076802980071897;0.0;0.0;0.0;0.0;0.0;0.000464615048113298;4.633261242542411;0.0;2.312153919087045;-6.945878531987409;0.0;0.0;0.0;0.0;0.0;103.67117144239478;423.74923023935804;2.5042678614246263;412.88025849767365;-2.91016204690443e-7
5870.0;0.0;-6.10465458737334e-5;0.0;1.7076802980071897;0.0;0.0;0.0;0.0;0.0;0.000464615048113298;4.633261242542411;0.0;2.312153919087045;-6.945878531987409;0.0;0.0;0.0;0.0;0.0;103.67117144239478;423.74923023935804;2.5042678614246263;412.88025849767365;-2.91016204690443e-7
5871.0;0.0;-6.10465458737334e-5;0.0;1.7076802980071897;0.0;0.0;0.0;0.0;0.0;0.000464615048113298;4.633261242542411;0.0;2.312153919087045;-6.945878531987409;0.0;0.0;0.0;0.0;0.0;103.67117144239478;423.74923023935804;2.5042678614246263;412.88025849767365;-2.91016204690443e-7
5872.0;0.0;-6.10465458737334e-5;0.0;1.7076802980071897;0.0;0.0;0.0;0.0;0.0;0.000464615048113298;4.633261242542411;0.0;2.312153919087045;-6.945878531987409;0.0;0.0;0.0;0.0;0.0;103.67117144239478;423.74923023935804;2.5042678614246263;412.88025849767365;-2.91016204690443e-7
5873.0;0.0;-6.10465458737334e-5;0.0;1.7076802980071897;0.0;0.0;0.0;0.0;0.0;0.000464615048113298;4.633261242542411;0.0;2.312153919087045;-6.945878531987409;0.0;0.0;0.0;0.0;0.0;103.67117144239478;423.74923023935804;2.5042678614246263;412.88025849767365;-2.91016204690443e-7
5874.0;0.0;-6.10465458737334e-5;0.0;1.7076802980071897;0.0;0.0;0.0;0.0;0.0;0.000464615048113298;4.633261242542411;0.0;2.312153919087045;-6.945878531987409;0.0;0.0;0.0;0.0;0.0;103.67117144239478;423.74923023935804;2.5042678614246263;412.88025849767365;-2.91016204690443e-7
5875.0;0.0;-6.10465458737334e-5;0.0;1.7076802980071897;0.0;0.0;0.0;0.0;0.0;0.000464615048113298;4.633261242542411;0.0;2.312153919087045;-6.945878531987409;0.0;0.0;0.0;0.0;0.0;103.67117144239478;423.74923023935804;2.5042678614246263;412.88025849767365;-2.91016204690443e-7
5876.0;0.0;-6.10465458737334e-5;0.0;1.7076802980071897;0.0;0.0;0.0;0.0;0.0;0.000464615048113298;4.633261242542411;0.0;2.312153919087045;-6.945878531987409;0.0;0.0;0.0;0.0;0.0;103.67117144239478;423.74923023935804;2.5042678614246263;412.88025849767365;-2.91016204690443e-7
5877.0;0.0;-6.10465458737334e-5;0.0;1.7076802980071897;0.0;0.0;0.0;0.0;0.0;0.000464615048113298;4.633261242542411;0.0;2.312153919087045;-6.945878531987409;0.0;0.0;0.0;0.0;0.0;103.67117144239478;423.74923023935804;2.5042678614246263;412.88025849767365;-2.91016204690443e-7
5878.0;0.0;-6.10465458737334e-5;0.0;1.7076802980071897;0.0;0.0;0.0;0.0;0.0;0.000464615048113298;4.633261242542411;0.0;2.312153919087045;-6.945878531987409;0.0;0.0;0.0;0.0;0.0;103.67117144239478;423.74923023935804;2.5042678614246263;412.88025849767365;-2.91016204690443e-7
5879.0;0.0;-6.10465458737334e-5;0.0;1.7076802980071897;0.0;0.0;0.0;0.0;0.0;0.000464615048113298;4.633261242542411;0.0;2.312153919087045;-6.945878531987409;0.0;0.0;0.0;0.0;0.0;103.67117144239478;423.74923023935804;2.5042678614246263;412.88025849767365;-2.91016204690443e-7
5880.0;0.0;-6.10465458737334e-5;0.0;1.7076802980071897;0.0;0.0;0.0;0.0;0.0;0.000464615048113298;4.633261242542411;0.0;2.312153919087045;-6.945878531987409;0.0;0.0;0.0;0.0;0.0;103.67117144239478;423.74923023935804;2.5042678614246263;412.88025849767365;-2.91016204690443e-7
5881.0;0.0;-0.0014594812561522707;0.0;1.7076802980071897;0.0;0.0;0.0;0.0;0.0;0.02401969642963186;4.33886272527969;0.0;1.9793866007987233;-6.342110129884389;0.0;0.0;0.0;0.0;0.0;103.67117144239478;423.74923023935804;2.5042678614246263;412.88025849767365;-2.91016204690443e-7
5882.0;0.0;-0.0014594812561522707;0.0;1.7076802980071897;0.0;0.0;0.0;0.0;0.0;0.02401969642963186;4.33886272527969;0.0;1.9793866007987233;-6.342110129884389;0.0;0.0;0.0;0.0;0.0;103.67117144239478;423.74923023935804;2.5042678614246263;412.88025849767365;-2.91016204690443e-7
5883.0;0.0;-0.0014594812561522707;0.0;1.7076802980071897;0.0;0.0;0.0;0.0;0.0;0.02401969642963186;4.33886272527969;0.0;1.9793866007987233;-6.342110129884389;0.0;0.0;0.0;0.0;0.0;103.67117144239478;423.74923023935804;2.5042678614246263;412.88025849767365;-2.91016204690443e-7
5884.0;0.0;-0.0014594812561522707;0.0;1.7076802980071897;0.0;0.0;0.0;0.0;0.0;0.02401969642963186;4.33886272527969;0.0;1.9793866007987233;-6.342110129884389;0.0;0.0;0.0;0.0;0.0;103.67117144239478;423.74923023935804;2.5042678614246263;412.88025849767365;-2.91016204690443e-7
5885.0;0.0;-0.0014594812561522707;0.0;1.7076802980071897;0.0;0.0;0.0;0.0;0.0;0.02401969642963186;4.33886272527969;0.0;1.9793866007987233;-6.342110129884389;0.0;0.0;0.0;0.0;0.0;103.67117144239478;423.74923023935804;2.5042678614246263;412.88025849767365;-2.91016204690443e-7
5886.0;0.0;-0.0014594812561522707;0.0;1.7076802980071897;0.0;0.0;0.0;0.0;0.0;0.02401969642963186;4.33886272527969;0.0;1.9793866007987233;-6.342110129884389;0.0;0.0;0.0;0.0;0.0;103.67117144239478;423.74923023935804;2.5042678614246263;412.88025849767365;-2.91016204690443e-7
5887.0;0.0;-0.0014594812561522707;0.0;1.7076802980071897;0.0;0.0;0.0;0.0;0.0;0.02401969642963186;4.33886272527969;0.0;1.9793866007987233;-6.342110129884389;0.0;0.0;0.0;0.0;0.0;103.67117144239478;423.74923023935804;2.5042678614246263;412.88025849767365;-2.91016204690443e-7
5888.0;0.0;-0.0014594812561522707;0.0;1.7076802980071897;0.0;0.0;0.0;0.0;0.0;0.02401969642963186;4.33886272527969;0.0;1.9793866007987233;-6.342110129884389;0.0;0.0;0.0;0.0;0.0;103.67117144239478;423.74923023935804;2.5042678614246263;412.88025849767365;-2.91016204690443e-7
5889.0;0.0;-0.0014594812561522707;0.0;1.7076802980071897;0.0;0.0;0.0;0.0;0.0;0.02401969642963186;4.33886272527969;0.0;1.9793866007987233;-6.342110129884389;0.0;0.0;0.0;0.0;0.0;103.67117144239478;423.74923023935804;2.5042678614246263;412.88025849767365;-2.91016204690443e-7
5890.0;0.0;-0.0014594812561522707;0.0;1.7076802980071897;0.0;0.0;0.0;0.0;0.0;0.02401969642963186;4.33886272527969;0.0;1.9793866007987233;-6.342110129884389;0.0;0.0;0.0;0.0;0.0;103.67117144239478;423.74923023935804;2.5042678614246263;412.88025849767365;-2.91016204690443e-7
5891.0;0.0;-0.0014594812561522707;0.0;1.7076802980071897;0.0;0.0;0.0;0.0;0.0;0.02401969642963186;4.33886272527969;0.0;1.9793866007987233;-6.342110129884389;0.0;0.0;0.0;0.0;0.0;103.67117144239478;423.74923023935804;2.5042678614246263;412.88025849767365;-2.91016204690443e-7
5892.0;0.0;-0.0014594812561522707;0.0;1.7076802980071897;0.0;0.0;0.0;0.0;0.0;0.02401969642963186;4.33886272527969;0.0;1.9793866007987233;-6.342110129884389;0.0;0.0;0.0;0.0;0.0;103.67117144239478;423.74923023935804;2.5042678614246263;412.88025849767365;-2.91016204690443e-7
5893.0;0.0;-0.0014594812561522707;0.0;1.7076802980071897;0.0;0.0;0.0;0.0;0.0;0.02401969642963186;4.33886272527969;0.0;1.9793866007987233;-6.342110129884389;0.0;0.0;0.0;0.0;0.0;103.67117144239478;423.74923023935804;2.5042678614246263;412.88025849767365;-2.91016204690443e-7
5894.0;0.0;-0.0014594812561522707;0.0;1.7076802980071897;0.0;0.0;0.0;0.0;0.0;0.02401969642963186;4.33886272527969;0.0;1.9793866007987233;-6.342110129884389;0.0;0.0;0.0;0.0;0.0;103.67117144239478;423.74923023935804;2.5042678614246263;412.88025849767365;-2.91016204690443e-7
5895.0;0.0;-0.0014594812561522707;0.0;1.7076802980071897;0.0;0.0;0.0;0.0;0.0;0.02401969642963186;4.33886272527969;0.0;1.9793866007987233;-6.342110129884389;0.0;0.0;0.0;0.0;0.0;103.67117144239478;423.74923023935804;2.5042678614246263;412.88025849767365;-2.91016204690443e-7
5896.0;0.0;-0.0014594812561522707;0.0;1.7076802980071897;0.0;0.0;0.0;0.0;0.0;0.02401969642963186;4.33886272527969;0.0;1.9793866007987233;-6.342110129884389;0.0;0.0;0.0;0.0;0.0;103.67117144239478;423.74923023935804;2.5042678614246263;412.88025849767365;-2.91016204690443e-7
5897.0;0.0;-0.0014594812561522707;0.0;1.7076802980071897;0.0;0.0;0.0;0.0;0.0;0.02401969642963186;4.33886272527969;0.0;1.9793866007987233;-6.342110129884389;0.0;0.0;0.0;0.0;0.0;103.67117144239478;423.74923023935804;2.5042678614246263;412.88025849767365;-2.91016204690443e-7
5898.0;0.0;-0.0014594812561522707;0.0;1.7076802980071897;0.0;0.0;0.0;0.0;0.0;0.02401969642963186;4.33886272527969;0.0;1.9793866007987233;-6.342110129884389;0.0;0.0;0.0;0.0;0.0;103.67117144239478;423.74923023935804;2.5042678614246263;412.88025849767365;-2.91016204690443e-7
5899.0;0.0;-0.0014594812561522707;0.0;1.7076802980071897;0.0;0.0;0.0;0.0;0.0;0.02401969642963186;4.33886272527969;0.0;1.9793866007987233;-6.342110129884389;0.0;0.0;0.0;0.0;0.0;103.67117144239478;423.74923023935804;2.5042678614246263;412.88025849767365;-2.91016204690443e-7
5900.0;0.0;-0.0014594812561522707;0.0;1.7076802980071897;0.0;0.0;0.0;0.0;0.0;0.02401969642963186;4.33886272527969;0.0;1.9793866007987233;-6.342110129884389;0.0;0.0;0.0;0.0;0.0;103.67117144239478;423.74923023935804;2.5042678614246263;412.88025849767365;-2.91016204690443e-7
5901.0;0.0;-0.0014594812561522707;0.0;1.7076802980071897;0.0;0.0;0.0;0.0;0.0;0.02401969642963186;4.33886272527969;0.0;1.9793866007987233;-6.342110129884389;0.0;0.0;0.0;0.0;0.0;103.67117144239478;423.74923023935804;2.5042678614246263;412.88025849767365;-2.91016204690443e-7
5902.0;0.0;-0.0014594812561522707;0.0;1.7076802980071897;0.0;0.0;0.0;0.0;0.0;0.02401969642963186;4.33886272527969;0.0;1.9793866007987233;-6.342110129884389;0.0;0.0;0.0;0.0;0.0;103.67117144239478;423.74923023935804;2.5042678614246263;412.88025849767365;-2.91016204690443e-7
5903.0;0.0;-0.0014594812561522707;0.0;1.7076802980071897;0.0;0.0;0.0;0.0;0.0;0.02401969642963186;4.33886272527969;0.0;1.9793866007987233;-6.342110129884389;0.0;0.0;0.0;0.0;0.0;103.67117144239478;423.74923023935804;2.5042678614246263;412.88025849767365;-2.91016204690443e-7
5904.0;0.0;-0.0014594812561522707;0.0;1.7076802980071897;0.0;0.0;0.0;0.0;0.0;0.02401969642963186;4.33886272527969;0.0;1.9793866007987233;-6.342110129884389;0.0;0.0;0.0;0.0;0.0;103.67117144239478;423.74923023935804;2.5042678614246263;412.88025849767365;-2.91016204690443e-7
5905.0;0.0;-0.0003652035124023467;0.0;1.7076802980071897;0.0;0.0;0.0;0.0;0.0;0.0;4.681622448469514;0.0;2.381286736488122;-7.06294320584016;0.0;0.0;0.0;0.0;0.0;103.67117144239478;423.74923023935804;2.5042678614246263;412.88025849767365;-2.91016204690443e-7
5906.0;0.0;-0.0003652035124023467;0.0;1.7076802980071897;0.0;0.0;0.0;0.0;0.0;0.0;4.681622448469514;0.0;2.381286736488122;-7.06294320584016;0.0;0.0;0.0;0.0;0.0;103.67117144239478;423.74923023935804;2.5042678614246263;412.88025849767365;-2.91016204690443e-7
5907.0;0.0;-0.0003652035124023467;0.0;1.7076802980071897;0.0;0.0;0.0;0.0;0.0;0.0;4.681622448469514;0.0;2.381286736488122;-7.06294320584016;0.0;0.0;0.0;0.0;0.0;103.67117144239478;423.74923023935804;2.5042678614246263;412.88025849767365;-2.91016204690443e-7
5908.0;0.0;-0.0003652035124023467;0.0;1.7076802980071897;0.0;0.0;0.0;0.0;0.0;0.0;4.681622448469514;0.0;2.381286736488122;-7.06294320584016;0.0;0.0;0.0;0.0;0.0;103.67117144239478;423.74923023935804;2.5042678614246263;412.88025849767365;-2.91016204690443e-7
5909.0;0.0;-0.0003652035124023467;0.0;1.7076802980071897;0.0;0.0;0.0;0.0;0.0;0.0;4.681622448469514;0.0;2.381286736488122;-7.06294320584016;0.0;0.0;0.0;0.0;0.0;103.67117144239478;423.74923023935804;2.5042678614246263;412.88025849767365;-2.91016204690443e-7
5910.0;0.0;-0.0003652035124023467;0.0;1.7076802980071897;0.0;0.0;0.0;0.0;0.0;0.0;4.681622448469514;0.0;2.381286736488122;-7.06294320584016;0.0;0.0;0.0;0.0;0.0;103.67117144239478;423.74923023935804;2.5042678614246263;412.88025849767365;-2.91016204690443e-7
5911.0;0.0;-0.0003652035124023467;0.0;1.7076802980071897;0.0;0.0;0.0;0.0;0.0;0.0;4.681622448469514;0.0;2.381286736488122;-7.06294320584016;0.0;0.0;0.0;0.0;0.0;103.67117144239478;423.74923023935804;2.5042678614246263;412.88025849767365;-2.91016204690443e-7
5912.0;0.0;-0.0003652035124023467;0.0;1.7076802980071897;0.0;0.0;0.0;0.0;0.0;0.0;4.681622448469514;0.0;2.381286736488122;-7.06294320584016;0.0;0.0;0.0;0.0;0.0;103.67117144239478;423.74923023935804;2.5042678614246263;412.88025849767365;-2.91016204690443e-7
5913.0;0.0;-0.0003652035124023467;0.0;1.7076802980071897;0.0;0.0;0.0;0.0;0.0;0.0;4.681622448469514;0.0;2.381286736488122;-7.06294320584016;0.0;0.0;0.0;0.0;0.0;103.67117144239478;423.74923023935804;2.5042678614246263;412.88025849767365;-2.91016204690443e-7
5914.0;0.0;-0.0003652035124023467;0.0;1.7076802980071897;0.0;0.0;0.0;0.0;0.0;0.0;4.681622448469514;0.0;2.381286736488122;-7.06294320584016;0.0;0.0;0.0;0.0;0.0;103.67117144239478;423.74923023935804;2.5042678614246263;412.88025849767365;-2.91016204690443e-7
5915.0;0.0;-0.0003652035124023467;0.0;1.7076802980071897;0.0;0.0;0.0;0.0;0.0;0.0;4.681622448469514;0.0;2.381286736488122;-7.06294320584016;0.0;0.0;0.0;0.0;0.0;103.67117144239478;423.74923023935804;2.5042678614246263;412.88025849767365;-2.91016204690443e-7
5916.0;0.0;-0.0003652035124023467;0.0;1.7076802980071897;0.0;0.0;0.0;0.0;0.0;0.0;4.681622448469514;0.0;2.381286736488122;-7.06294320584016;0.0;0.0;0.0;0.0;0.0;103.67117144239478;423.74923023935804;2.5042678614246263;412.88025849767365;-2.91016204690443e-7
5917.0;0.0;-0.0003652035124023467;0.0;1.7076802980071897;0.0;0.0;0.0;0.0;0.0;0.0;4.681622448469514;0.0;2.381286736488122;-7.06294320584016;0.0;0.0;0.0;0.0;0.0;103.67117144239478;423.74923023935804;2.5042678614246263;412.88025849767365;-2.91016204690443e-7
5918.0;0.0;-0.0003652035124023467;0.0;1.7076802980071897;0.0;0.0;0.0;0.0;0.0;0.0;4.681622448469514;0.0;2.381286736488122;-7.06294320584016;0.0;0.0;0.0;0.0;0.0;103.67117144239478;423.74923023935804;2.5042678614246263;412.88025849767365;-2.91016204690443e-7
5919.0;0.0;-0.0003652035124023467;0.0;1.7076802980071897;0.0;0.0;0.0;0.0;0.0;0.0;4.681622448469514;0.0;2.381286736488122;-7.06294320584016;0.0;0.0;0.0;0.0;0.0;103.67117144239478;423.74923023935804;2.5042678614246263;412.88025849767365;-2.91016204690443e-7
5920.0;0.0;-0.0003652035124023467;0.0;1.7076802980071897;0.0;0.0;0.0;0.0;0.0;0.0;4.681622448469514;0.0;2.381286736488122;-7.06294320584016;0.0;0.0;0.0;0.0;0.0;103.67117144239478;423.74923023935804;2.5042678614246263;412.88025849767365;-2.91016204690443e-7
5921.0;0.0;-0.0003652035124023467;0.0;1.7076802980071897;0.0;0.0;0.0;0.0;0.0;0.0;4.681622448469514;0.0;2.381286736488122;-7.06294320584016;0.0;0.0;0.0;0.0;0.0;103.67117144239478;423.74923023935804;2.5042678614246263;412.88025849767365;-2.91016204690443e-7
5922.0;0.0;-0.0003652035124023467;0.0;1.7076802980071897;0.0;0.0;0.0;0.0;0.0;0.0;4.681622448469514;0.0;2.381286736488122;-7.06294320584016;0.0;0.0;0.0;0.0;0.0;103.67117144239478;423.74923023935804;2.5042678614246263;412.88025849767365;-2.91016204690443e-7
5923.0;0.0;-0.0003652035124023467;0.0;1.7076802980071897;0.0;0.0;0.0;0.0;0.0;0.0;4.681622448469514;0.0;2.381286736488122;-7.06294320584016;0.0;0.0;0.0;0.0;0.0;103.67117144239478;423.74923023935804;2.5042678614246263;412.88025849767365;-2.91016204690443e-7
5924.0;0.0;-0.0003652035124023467;0.0;1.7076802980071897;0.0;0.0;0.0;0.0;0.0;0.0;4.681622448469514;0.0;2.381286736488122;-7.06294320584016;0.0;0.0;0.0;0.0;0.0;103.67117144239478;423.74923023935804;2.5042678614246263;412.88025849767365;-2.91016204690443e-7
5925.0;0.0;-0.0003652035124023467;0.0;1.7076802980071897;0.0;0.0;0.0;0.0;0.0;0.0;4.681622448469514;0.0;2.381286736488122;-7.06294320584016;0.0;0.0;0.0;0.0;0.0;103.67117144239478;423.74923023935804;2.5042678614246263;412.88025849767365;-2.91016204690443e-7
5926.0;0.0;-0.0003652035124023467;0.0;1.7076802980071897;0.0;0.0;0.0;0.0;0.0;0.0;4.681622448469514;0.0;2.381286736488122;-7.06294320584016;0.0;0.0;0.0;0.0;0.0;103.67117144239478;423.74923023935804;2.5042678614246263;412.88025849767365;-2.91016204690443e-7
5927.0;0.0;-0.0003652035124023467;0.0;1.7076802980071897;0.0;0.0;0.0;0.0;0.0;0.0;4.681622448469514;0.0;2.381286736488122;-7.06294320584016;0.0;0.0;0.0;0.0;0.0;103.67117144239478;423.74923023935804;2.5042678614246263;412.88025849767365;-2.91016204690443e-7
5928.0;0.0;-0.0003652035124023467;0.0;1.7076802980071897;0.0;0.0;0.0;0.0;0.0;0.0;4.681622448469514;0.0;2.381286736488122;-7.06294320584016;0.0;0.0;0.0;0.0;0.0;103.67117144239478;423.74923023935804;2.5042678614246263;412.88025849767365;-2.91016204690443e-7
5929.0;0.0;-0.00028474010426448926;0.0;1.7076802980071897;0.0;0.0;0.0;0.0;0.0;0.0;3.39682235268308;0.0;3.785436950238322;-7.182284593151967;0.0;0.0;0.0;0.0;0.0;103.67117144239478;423.74923023935804;2.5042678614246263;412.88025849767365;-2.91016204690443e-7
5930.0;0.0;-0.00028474010426448926;0.0;1.7076802980071897;0.0;0.0;0.0;0.0;0.0;0.0;3.39682235268308;0.0;3.785436950238322;-7.182284593151967;0.0;0.0;0.0;0.0;0.0;103.67117144239478;423.74923023935804;2.5042678614246263;412.88025849767365;-2.91016204690443e-7
5931.0;0.0;-0.00028474010426448926;0.0;1.7076802980071897;0.0;0.0;0.0;0.0;0.0;0.0;3.39682235268308;0.0;3.785436950238322;-7.182284593151967;0.0;0.0;0.0;0.0;0.0;103.67117144239478;423.74923023935804;2.5042678614246263;412.88025849767365;-2.91016204690443e-7
5932.0;0.0;-0.00028474010426448926;0.0;1.7076802980071897;0.0;0.0;0.0;0.0;0.0;0.0;3.39682235268308;0.0;3.785436950238322;-7.182284593151967;0.0;0.0;0.0;0.0;0.0;103.67117144239478;423.74923023935804;2.5042678614246263;412.88025849767365;-2.91016204690443e-7
5933.0;0.0;-0.00028474010426448926;0.0;1.7076802980071897;0.0;0.0;0.0;0.0;0.0;0.0;3.39682235268308;0.0;3.785436950238322;-7.182284593151967;0.0;0.0;0.0;0.0;0.0;103.67117144239478;423.74923023935804;2.5042678614246263;412.88025849767365;-2.91016204690443e-7
5934.0;0.0;-0.00028474010426448926;0.0;1.7076802980071897;0.0;0.0;0.0;0.0;0.0;0.0;3.39682235268308;0.0;3.785436950238322;-7.182284593151967;0.0;0.0;0.0;0.0;0.0;103.67117144239478;423.74923023935804;2.5042678614246263;412.88025849767365;-2.91016204690443e-7
5935.0;0.0;-0.00028474010426448926;0.0;1.7076802980071897;0.0;0.0;0.0;0.0;0.0;0.0;3.39682235268308;0.0;3.785436950238322;-7.182284593151967;0.0;0.0;0.0;0.0;0.0;103.67117144239478;423.74923023935804;2.5042678614246263;412.88025849767365;-2.91016204690443e-7
5936.0;0.0;-0.00028474010426448926;0.0;1.7076802980071897;0.0;0.0;0.0;0.0;0.0;0.0;3.39682235268308;0.0;3.785436950238322;-7.182284593151967;0.0;0.0;0.0;0.0;0.0;103.67117144239478;423.74923023935804;2.5042678614246263;412.88025849767365;-2.91016204690443e-7
5937.0;0.0;-0.00028474010426448926;0.0;1.7076802980071897;0.0;0.0;0.0;0.0;0.0;0.0;3.39682235268308;0.0;3.785436950238322;-7.182284593151967;0.0;0.0;0.0;0.0;0.0;103.67117144239478;423.74923023935804;2.5042678614246263;412.88025849767365;-2.91016204690443e-7
5938.0;0.0;-0.00028474010426448926;0.0;1.7076802980071897;0.0;0.0;0.0;0.0;0.0;0.0;3.39682235268308;0.0;3.785436950238322;-7.182284593151967;0.0;0.0;0.0;0.0;0.0;103.67117144239478;423.74923023935804;2.5042678614246263;412.88025849767365;-2.91016204690443e-7
5939.0;0.0;-0.00028474010426448926;0.0;1.7076802980071897;0.0;0.0;0.0;0.0;0.0;0.0;3.39682235268308;0.0;3.785436950238322;-7.182284593151967;0.0;0.0;0.0;0.0;0.0;103.67117144239478;423.74923023935804;2.5042678614246263;412.88025849767365;-2.91016204690443e-7
5940.0;0.0;-0.00028474010426448926;0.0;1.7076802980071897;0.0;0.0;0.0;0.0;0.0;0.0;3.39682235268308;0.0;3.785436950238322;-7.182284593151967;0.0;0.0;0.0;0.0;0.0;103.67117144239478;423.74923023935804;2.5042678614246263;412.88025849767365;-2.91016204690443e-7
5941.0;0.0;-0.00028474010426448926;0.0;1.7076802980071897;0.0;0.0;0.0;0.0;0.0;0.0;3.39682235268308;0.0;3.785436950238322;-7.182284593151967;0.0;0.0;0.0;0.0;0.0;103.67117144239478;423.74923023935804;2.5042678614246263;412.88025849767365;-2.91016204690443e-7
5942.0;0.0;-0.00028474010426448926;0.0;1.7076802980071897;0.0;0.0;0.0;0.0;0.0;0.0;3.39682235268308;0.0;3.785436950238322;-7.182284593151967;0.0;0.0;0.0;0.0;0.0;103.67117144239478;423.74923023935804;2.5042678614246263;412.88025849767365;-2.91016204690443e-7
5943.0;0.0;-0.00028474010426448926;0.0;1.7076802980071897;0.0;0.0;0.0;0.0;0.0;0.0;3.39682235268308;0.0;3.785436950238322;-7.182284593151967;0.0;0.0;0.0;0.0;0.0;103.67117144239478;423.74923023935804;2.5042678614246263;412.88025849767365;-2.91016204690443e-7
5944.0;0.0;-0.00028474010426448926;0.0;1.7076802980071897;0.0;0.0;0.0;0.0;0.0;0.0;3.39682235268308;0.0;3.785436950238322;-7.182284593151967;0.0;0.0;0.0;0.0;0.0;103.67117144239478;423.74923023935804;2.5042678614246263;412.88025849767365;-2.91016204690443e-7
5945.0;0.0;-0.00028474010426448926;0.0;1.7076802980071897;0.0;0.0;0.0;0.0;0.0;0.0;3.39682235268308;0.0;3.785436950238322;-7.182284593151967;0.0;0.0;0.0;0.0;0.0;103.67117144239478;423.74923023935804;2.5042678614246263;412.88025849767365;-2.91016204690443e-7
5946.0;0.0;-0.00028474010426448926;0.0;1.7076802980071897;0.0;0.0;0.0;0.0;0.0;0.0;3.39682235268308;0.0;3.785436950238322;-7.182284593151967;0.0;0.0;0.0;0.0;0.0;103.67117144239478;423.74923023935804;2.5042678614246263;412.88025849767365;-2.91016204690443e-7
5947.0;0.0;-0.00028474010426448926;0.0;1.7076802980071897;0.0;0.0;0.0;0.0;0.0;0.0;3.39682235268308;0.0;3.785436950238322;-7.182284593151967;0.0;0.0;0.0;0.0;0.0;103.67117144239478;423.74923023935804;2.5042678614246263;412.88025849767365;-2.91016204690443e-7
5948.0;0.0;-0.00028474010426448926;0.0;1.7076802980071897;0.0;0.0;0.0;0.0;0.0;0.0;3.39682235268308;0.0;3.785436950238322;-7.182284593151967;0.0;0.0;0.0;0.0;0.0;103.67117144239478;423.74923023935804;2.5042678614246263;412.88025849767365;-2.91016204690443e-7
5949.0;0.0;-0.00028474010426448926;0.0;1.7076802980071897;0.0;0.0;0.0;0.0;0.0;0.0;3.39682235268308;0.0;3.785436950238322;-7.182284593151967;0.0;0.0;0.0;0.0;0.0;103.67117144239478;423.74923023935804;2.5042678614246263;412.88025849767365;-2.91016204690443e-7
5950.0;0.0;-0.00028474010426448926;0.0;1.7076802980071897;0.0;0.0;0.0;0.0;0.0;0.0;3.39682235268308;0.0;3.785436950238322;-7.182284593151967;0.0;0.0;0.0;0.0;0.0;103.67117144239478;423.74923023935804;2.5042678614246263;412.88025849767365;-2.91016204690443e-7
5951.0;0.0;-0.00028474010426448926;0.0;1.7076802980071897;0.0;0.0;0.0;0.0;0.0;0.0;3.39682235268308;0.0;3.785436950238322;-7.182284593151967;0.0;0.0;0.0;0.0;0.0;103.67117144239478;423.74923023935804;2.5042678614246263;412.88025849767365;-2.91016204690443e-7
5952.0;0.0;-0.00028474010426448926;0.0;1.7076802980071897;0.0;0.0;0.0;0.0;0.0;0.0;3.39682235268308;0.0;3.785436950238322;-7.182284593151967;0.0;0.0;0.0;0.0;0.0;103.67117144239478;423.74923023935804;2.5042678614246263;412.88025849767365;-2.91016204690443e-7
5953.0;0.0;-0.00018389447035544802;0.0;2.1666142080873514;0.0;0.0;0.0;0.0;0.0;0.0011559179619561638;1.8302066444121867;0.0;5.01833403374762;-6.8496347067201535;0.0;0.0;0.0;0.0;0.0;112.36442408162326;422.3790571573861;3.7564016880000306;413.0859355199479;-1.9317407652151278e-7
5954.0;0.0;-0.00018389447035544802;0.0;2.1666142080873514;0.0;0.0;0.0;0.0;0.0;0.0011559179619561638;1.8302066444121867;0.0;5.01833403374762;-6.8496347067201535;0.0;0.0;0.0;0.0;0.0;112.36442408162326;422.3790571573861;3.7564016880000306;413.0859355199479;-1.9317407652151278e-7
5955.0;0.0;-0.00018389447035544802;0.0;2.1666142080873514;0.0;0.0;0.0;0.0;0.0;0.0011559179619561638;1.8302066444121867;0.0;5.01833403374762;-6.8496347067201535;0.0;0.0;0.0;0.0;0.0;112.36442408162326;422.3790571573861;3.7564016880000306;413.0859355199479;-1.9317407652151278e-7
5956.0;0.0;-0.00018389447035544802;0.0;2.1666142080873514;0.0;0.0;0.0;0.0;0.0;0.0011559179619561638;1.8302066444121867;0.0;5.01833403374762;-6.8496347067201535;0.0;0.0;0.0;0.0;0.0;112.36442408162326;422.3790571573861;3.7564016880000306;413.0859355199479;-1.9317407652151278e-7
5957.0;0.0;-0.00018389447035544802;0.0;2.1666142080873514;0.0;0.0;0.0;0.0;0.0;0.0011559179619561638;1.8302066444121867;0.0;5.01833403374762;-6.8496347067201535;0.0;0.0;0.0;0.0;0.0;112.36442408162326;422.3790571573861;3.7564016880000306;413.0859355199479;-1.9317407652151278e-7
5958.0;0.0;-0.00018389447035544802;0.0;2.1666142080873514;0.0;0.0;0.0;0.0;0.0;0.0011559179619561638;1.8302066444121867;0.0;5.01833403374762;-6.8496347067201535;0.0;0.0;0.0;0.0;0.0;112.36442408162326;422.3790571573861;3.7564016880000306;413.0859355199479;-1.9317407652151278e-7
5959.0;0.0;-0.00018389447035544802;0.0;2.1666142080873514;0.0;0.0;0.0;0.0;0.0;0.0011559179619561638;1.8302066444121867;0.0;5.01833403374762;-6.8496347067201535;0.0;0.0;0.0;0.0;0.0;112.36442408162326;422.3790571573861;3.7564016880000306;413.0859355199479;-1.9317407652151278e-7
5960.0;0.0;-0.00018389447035544802;0.0;2.1666142080873514;0.0;0.0;0.0;0.0;0.0;0.0011559179619561638;1.8302066444121867;0.0;5.01833403374762;-6.8496347067201535;0.0;0.0;0.0;0.0;0.0;112.36442408162326;422.3790571573861;3.7564016880000306;413.0859355199479;-1.9317407652151278e-7
5961.0;0.0;-0.00018389447035544802;0.0;2.1666142080873514;0.0;0.0;0.0;0.0;0.0;0.0011559179619561638;1.8302066444121867;0.0;5.01833403374762;-6.8496347067201535;0.0;0.0;0.0;0.0;0.0;112.36442408162326;422.3790571573861;3.7564016880000306;413.0859355199479;-1.9317407652151278e-7
5962.0;0.0;-0.00018389447035544802;0.0;2.1666142080873514;0.0;0.0;0.0;0.0;0.0;0.0011559179619561638;1.8302066444121867;0.0;5.01833403374762;-6.8496347067201535;0.0;0.0;0.0;0.0;0.0;112.36442408162326;422.3790571573861;3.7564016880000306;413.0859355199479;-1.9317407652151278e-7
5963.0;0.0;-0.00018389447035544802;0.0;2.1666142080873514;0.0;0.0;0.0;0.0;0.0;0.0011559179619561638;1.8302066444121867;0.0;5.01833403374762;-6.8496347067201535;0.0;0.0;0.0;0.0;0.0;112.36442408162326;422.3790571573861;3.7564016880000306;413.0859355199479;-1.9317407652151278e-7
5964.0;0.0;-0.00018389447035544802;0.0;2.1666142080873514;0.0;0.0;0.0;0.0;0.0;0.0011559179619561638;1.8302066444121867;0.0;5.01833403374762;-6.8496347067201535;0.0;0.0;0.0;0.0;0.0;112.36442408162326;422.3790571573861;3.7564016880000306;413.0859355199479;-1.9317407652151278e-7
5965.0;0.0;-0.00018389447035544802;0.0;2.1666142080873514;0.0;0.0;0.0;0.0;0.0;0.0011559179619561638;1.8302066444121867;0.0;5.01833403374762;-6.8496347067201535;0.0;0.0;0.0;0.0;0.0;112.36442408162326;422.3790571573861;3.7564016880000306;413.0859355199479;-1.9317407652151278e-7
5966.0;0.0;-0.00018389447035544802;0.0;2.1666142080873514;0.0;0.0;0.0;0.0;0.0;0.0011559179619561638;1.8302066444121867;0.0;5.01833403374762;-6.8496347067201535;0.0;0.0;0.0;0.0;0.0;112.36442408162326;422.3790571573861;3.7564016880000306;413.0859355199479;-1.9317407652151278e-7
5967.0;0.0;-0.00018389447035544802;0.0;2.1666142080873514;0.0;0.0;0.0;0.0;0.0;0.0011559179619561638;1.8302066444121867;0.0;5.01833403374762;-6.8496347067201535;0.0;0.0;0.0;0.0;0.0;112.36442408162326;422.3790571573861;3.7564016880000306;413.0859355199479;-1.9317407652151278e-7
5968.0;0.0;-0.00018389447035544802;0.0;2.1666142080873514;0.0;0.0;0.0;0.0;0.0;0.0011559179619561638;1.8302066444121867;0.0;5.01833403374762;-6.8496347067201535;0.0;0.0;0.0;0.0;0.0;112.36442408162326;422.3790571573861;3.7564016880000306;413.0859355199479;-1.9317407652151278e-7
5969.0;0.0;-0.00018389447035544802;0.0;2.1666142080873514;0.0;0.0;0.0;0.0;0.0;0.0011559179619561638;1.8302066444121867;0.0;5.01833403374762;-6.8496347067201535;0.0;0.0;0.0;0.0;0.0;112.36442408162326;422.3790571573861;3.7564016880000306;413.0859355199479;-1.9317407652151278e-7
5970.0;0.0;-0.00018389447035544802;0.0;2.1666142080873514;0.0;0.0;0.0;0.0;0.0;0.0011559179619561638;1.8302066444121867;0.0;5.01833403374762;-6.8496347067201535;0.0;0.0;0.0;0.0;0.0;112.36442408162326;422.3790571573861;3.7564016880000306;413.0859355199479;-1.9317407652151278e-7
5971.0;0.0;-0.00018389447035544802;0.0;2.1666142080873514;0.0;0.0;0.0;0.0;0.0;0.0011559179619561638;1.8302066444121867;0.0;5.01833403374762;-6.8496347067201535;0.0;0.0;0.0;0.0;0.0;112.36442408162326;422.3790571573861;3.7564016880000306;413.0859355199479;-1.9317407652151278e-7
5972.0;0.0;-0.00018389447035544802;0.0;2.1666142080873514;0.0;0.0;0.0;0.0;0.0;0.0011559179619561638;1.8302066444121867;0.0;5.01833403374762;-6.8496347067201535;0.0;0.0;0.0;0.0;0.0;112.36442408162326;422.3790571573861;3.7564016880000306;413.0859355199479;-1.9317407652151278e-7
5973.0;0.0;-0.00018389447035544802;0.0;2.1666142080873514;0.0;0.0;0.0;0.0;0.0;0.0011559179619561638;1.8302066444121867;0.0;5.01833403374762;-6.8496347067201535;0.0;0.0;0.0;0.0;0.0;112.36442408162326;422.3790571573861;3.7564016880000306;413.0859355199479;-1.9317407652151278e-7
5974.0;0.0;-0.00018389447035544802;0.0;2.1666142080873514;0.0;0.0;0.0;0.0;0.0;0.0011559179619561638;1.8302066444121867;0.0;5.01833403374762;-6.8496347067201535;0.0;0.0;0.0;0.0;0.0;112.36442408162326;422.3790571573861;3.7564016880000306;413.0859355199479;-1.9317407652151278e-7
5975.0;0.0;-0.00018389447035544802;0.0;2.1666142080873514;0.0;0.0;0.0;0.0;0.0;0.0011559179619561638;1.8302066444121867;0.0;5.01833403374762;-6.8496347067201535;0.0;0.0;0.0;0.0;0.0;112.36442408162326;422.3790571573861;3.7564016880000306;413.0859355199479;-1.9317407652151278e-7
5976.0;0.0;-0.00018389447035544802;0.0;2.1666142080873514;0.0;0.0;0.0;0.0;0.0;0.0011559179619561638;1.8302066444121867;0.0;5.01833403374762;-6.8496347067201535;0.0;0.0;0.0;0.0;0.0;112.36442408162326;422.3790571573861;3.7564016880000306;413.0859355199479;-1.9317407652151278e-7
5977.0;0.0;0.0006486857640913468;0.0;2.1666142080873514;0.0;0.0;0.0;0.0;0.0;0.007247630961335728;2.011770221014401;3.9893250785232046e-10;4.82693448616438;-6.846026740872235;0.0;0.0;0.0;0.0;0.0;112.36442408162326;422.3790571573861;3.7564016880000306;413.0859355199479;-1.9317407652151278e-7
5978.0;0.0;0.0006486857640913468;0.0;2.1666142080873514;0.0;0.0;0.0;0.0;0.0;0.007247630961335728;2.011770221014401;3.9893250785232046e-10;4.82693448616438;-6.846026740872235;0.0;0.0;0.0;0.0;0.0;112.36442408162326;422.3790571573861;3.7564016880000306;413.0859355199479;-1.9317407652151278e-7
5979.0;0.0;0.0006486857640913468;0.0;2.1666142080873514;0.0;0.0;0.0;0.0;0.0;0.007247630961335728;2.011770221014401;3.9893250785232046e-10;4.82693448616438;-6.846026740872235;0.0;0.0;0.0;0.0;0.0;112.36442408162326;422.3790571573861;3.7564016880000306;413.0859355199479;-1.9317407652151278e-7
5980.0;0.0;0.0006486857640913468;0.0;2.1666142080873514;0.0;0.0;0.0;0.0;0.0;0.007247630961335728;2.011770221014401;3.9893250785232046e-10;4.82693448616438;-6.846026740872235;0.0;0.0;0.0;0.0;0.0;112.36442408162326;422.3790571573861;3.7564016880000306;413.0859355199479;-1.9317407652151278e-7
5981.0;0.0;0.0006486857640913468;0.0;2.1666142080873514;0.0;0.0;0.0;0.0;0.0;0.007247630961335728;2.011770221014401;3.9893250785232046e-10;4.82693448616438;-6.846026740872235;0.0;0.0;0.0;0.0;0.0;112.36442408162326;422.3790571573861;3.7564016880000306;413.0859355199479;-1.9317407652151278e-7
5982.0;0.0;0.0006486857640913468;0.0;2.1666142080873514;0.0;0.0;0.0;0.0;0.0;0.007247630961335728;2.011770221014401;3.9893250785232046e-10;4.82693448616438;-6.846026740872235;0.0;0.0;0.0;0.0;0.0;112.36442408162326;422.3790571573861;3.7564016880000306;413.0859355199479;-1.9317407652151278e-7
5983.0;0.0;0.0006486857640913468;0.0;2.1666142080873514;0.0;0.0;0.0;0.0;0.0;0.007247630961335728;2.011770221014401;3.9893250785232046e-10;4.82693448616438;-6.846026740872235;0.0;0.0;0.0;0.0;0.0;112.36442408162326;422.3790571573861;3.7564016880000306;413.0859355199479;-1.9317407652151278e-7
5984.0;0.0;0.0006486857640913468;0.0;2.1666142080873514;0.0;0.0;0.0;0.0;0.0;0.007247630961335728;2.011770221014401;3.9893250785232046e-10;4.82693448616438;-6.846026740872235;0.0;0.0;0.0;0.0;0.0;112.36442408162326;422.3790571573861;3.7564016880000306;413.0859355199479;-1.9317407652151278e-7
5985.0;0.0;0.0006486857640913468;0.0;2.1666142080873514;0.0;0.0;0.0;0.0;0.0;0.007247630961335728;2.011770221014401;3.9893250785232046e-10;4.82693448616438;-6.846026740872235;0.0;0.0;0.0;0.0;0.0;112.36442408162326;422.3790571573861;3.7564016880000306;413.0859355199479;-1.9317407652151278e-7
5986.0;0.0;0.0006486857640913468;0.0;2.1666142080873514;0.0;0.0;0.0;0.0;0.0;0.007247630961335728;2.011770221014401;3.9893250785232046e-10;4.82693448616438;-6.846026740872235;0.0;0.0;0.0;0.0;0.0;112.36442408162326;422.3790571573861;3.7564016880000306;413.0859355199479;-1.9317407652151278e-7
5987.0;0.0;0.0006486857640913468;0.0;2.1666142080873514;0.0;0.0;0.0;0.0;0.0;0.007247630961335728;2.011770221014401;3.9893250785232046e-10;4.82693448616438;-6.846026740872235;0.0;0.0;0.0;0.0;0.0;112.36442408162326;422.3790571573861;3.7564016880000306;413.0859355199479;-1.9317407652151278e-7
5988.0;0.0;0.0006486857640913468;0.0;2.1666142080873514;0.0;0.0;0.0;0.0;0.0;0.007247630961335728;2.011770221014401;3.9893250785232046e-10;4.82693448616438;-6.846026740872235;0.0;0.0;0.0;0.0;0.0;112.36442408162326;422.3790571573861;3.7564016880000306;413.0859355199479;-1.9317407652151278e-7
5989.0;0.0;0.0006486857640913468;0.0;2.1666142080873514;0.0;0.0;0.0;0.0;0.0;0.007247630961335728;2.011770221014401;3.9893250785232046e-10;4.82693448616438;-6.846026740872235;0.0;0.0;0.0;0.0;0.0;112.36442408162326;422.3790571573861;3.7564016880000306;413.0859355199479;-1.9317407652151278e-7
5990.0;0.0;0.0006486857640913468;0.0;2.1666142080873514;0.0;0.0;0.0;0.0;0.0;0.007247630961335728;2.011770221014401;3.9893250785232046e-10;4.82693448616438;-6.846026740872235;0.0;0.0;0.0;0.0;0.0;112.36442408162326;422.3790571573861;3.7564016880000306;413.0859355199479;-1.9317407652151278e-7
5991.0;0.0;0.0006486857640913468;0.0;2.1666142080873514;0.0;0.0;0.0;0.0;0.0;0.007247630961335728;2.011770221014401;3.9893250785232046e-10;4.82693448616438;-6.846026740872235;0.0;0.0;0.0;0.0;0.0;112.36442408162326;422.3790571573861;3.7564016880000306;413.0859355199479;-1.9317407652151278e-7
5992.0;0.0;0.0006486857640913468;0.0;2.1666142080873514;0.0;0.0;0.0;0.0;0.0;0.007247630961335728;2.011770221014401;3.9893250785232046e-10;4.82693448616438;-6.846026740872235;0.0;0.0;0.0;0.0;0.0;112.36442408162326;422.3790571573861;3.7564016880000306;413.0859355199479;-1.9317407652151278e-7
5993.0;0.0;0.0006486857640913468;0.0;2.1666142080873514;0.0;0.0;0.0;0.0;0.0;0.007247630961335728;2.011770221014401;3.9893250785232046e-10;4.82693448616438;-6.846026740872235;0.0;0.0;0.0;0.0;0.0;112.36442408162326;422.3790571573861;3.7564016880000306;413.0859355199479;-1.9317407652151278e-7
5994.0;0.0;0.0006486857640913468;0.0;2.1666142080873514;0.0;0.0;0.0;0.0;0.0;0.007247630961335728;2.011770221014401;3.9893250785232046e-10;4.82693448616438;-6.846026740872235;0.0;0.0;0.0;0.0;0.0;112.36442408162326;422.3790571573861;3.7564016880000306;413.0859355199479;-1.9317407652151278e-7
5995.0;0.0;0.0006486857640913468;0.0;2.1666142080873514;0.0;0.0;0.0;0.0;0.0;0.007247630961335728;2.011770221014401;3.9893250785232046e-10;4.82693448616438;-6.846026740872235;0.0;0.0;0.0;0.0;0.0;112.36442408162326;422.3790571573861;3.7564016880000306;413.0859355199479;-1.9317407652151278e-7
5996.0;0.0;0.0006486857640913468;0.0;2.1666142080873514;0.0;0.0;0.0;0.0;0.0;0.007247630961335728;2.011770221014401;3.9893250785232046e-10;4.82693448616438;-6.846026740872235;0.0;0.0;0.0;0.0;0.0;112.36442408162326;422.3790571573861;3.7564016880000306;413.0859355199479;-1.9317407652151278e-7
5997.0;0.0;0.0006486857640913468;0.0;2.1666142080873514;0.0;0.0;0.0;0.0;0.0;0.007247630961335728;2.011770221014401;3.9893250785232046e-10;4.82693448616438;-6.846026740872235;0.0;0.0;0.0;0.0;0.0;112.36442408162326;422.3790571573861;3.7564016880000306;413.0859355199479;-1.9317407652151278e-7
5998.0;0.0;0.0006486857640913468;0.0;2.1666142080873514;0.0;0.0;0.0;0.0;0.0;0.007247630961335728;2.011770221014401;3.9893250785232046e-10;4.82693448616438;-6.846026740872235;0.0;0.0;0.0;0.0;0.0;112.36442408162326;422.3790571573861;3.7564016880000306;413.0859355199479;-1.9317407652151278e-7
5999.0;0.0;0.0006486857640913468;0.0;2.1666142080873514;0.0;0.0;0.0;0.0;0.0;0.007247630961335728;2.011770221014401;3.9893250785232046e-10;4.82693448616438;-6.846026740872235;0.0;0.0;0.0;0.0;0.0;112.36442408162326;422.3790571573861;3.7564016880000306;413.0859355199479;-1.9317407652151278e-7
6000.0;0.0;0.0006486857640913468;0.0;2.1666142080873514;0.0;0.0;0.0;0.0;0.0;0.007247630961335728;2.011770221014401;3.9893250785232046e-10;4.82693448616438;-6.846026740872235;0.0;0.0;0.0;0.0;0.0;112.36442408162326;422.3790571573861;3.7564016880000306;413.0859355199479;-1.9317407652151278e-7
6001.0;0.0;0.005353509396927299;0.0;2.1666142080873514;0.0;0.0;0.0;0.0;0.0;0.046196726642800195;4.430556129531503;6.679718500356332e-10;2.272106281986794;-6.74800828109247;0.0;0.0;0.0;0.0;0.0;112.36442408162326;422.3790571573861;3.7564016880000306;413.0859355199479;-1.9317407652151278e-7
6002.0;0.0;0.005353509396927299;0.0;2.1666142080873514;0.0;0.0;0.0;0.0;0.0;0.046196726642800195;4.430556129531503;6.679718500356332e-10;2.272106281986794;-6.74800828109247;0.0;0.0;0.0;0.0;0.0;112.36442408162326;422.3790571573861;3.7564016880000306;413.0859355199479;-1.9317407652151278e-7
6003.0;0.0;0.005353509396927299;0.0;2.1666142080873514;0.0;0.0;0.0;0.0;0.0;0.046196726642800195;4.430556129531503;6.679718500356332e-10;2.272106281986794;-6.74800828109247;0.0;0.0;0.0;0.0;0.0;112.36442408162326;422.3790571573861;3.7564016880000306;413.0859355199479;-1.9317407652151278e-7
6004.0;0.0;0.005353509396927299;0.0;2.1666142080873514;0.0;0.0;0.0;0.0;0.0;0.046196726642800195;4.430556129531503;6.679718500356332e-10;2.272106281986794;-6.74800828109247;0.0;0.0;0.0;0.0;0.0;112.36442408162326;422.3790571573861;3.7564016880000306;413.0859355199479;-1.9317407652151278e-7
6005.0;0.0;0.005353509396927299;0.0;2.1666142080873514;0.0;0.0;0.0;0.0;0.0;0.046196726642800195;4.430556129531503;6.679718500356332e-10;2.272106281986794;-6.74800828109247;0.0;0.0;0.0;0.0;0.0;112.36442408162326;422.3790571573861;3.7564016880000306;413.0859355199479;-1.9317407652151278e-7
6006.0;0.0;0.005353509396927299;0.0;2.1666142080873514;0.0;0.0;0.0;0.0;0.0;0.046196726642800195;4.430556129531503;6.679718500356332e-10;2.272106281986794;-6.74800828109247;0.0;0.0;0.0;0.0;0.0;112.36442408162326;422.3790571573861;3.7564016880000306;413.0859355199479;-1.9317407652151278e-7
6007.0;0.0;0.005353509396927299;0.0;2.1666142080873514;0.0;0.0;0.0;0.0;0.0;0.046196726642800195;4.430556129531503;6.679718500356332e-10;2.272106281986794;-6.74800828109247;0.0;0.0;0.0;0.0;0.0;112.36442408162326;422.3790571573861;3.7564016880000306;413.0859355199479;-1.9317407652151278e-7
6008.0;0.0;0.005353509396927299;0.0;2.1666142080873514;0.0;0.0;0.0;0.0;0.0;0.046196726642800195;4.430556129531503;6.679718500356332e-10;2.272106281986794;-6.74800828109247;0.0;0.0;0.0;0.0;0.0;112.36442408162326;422.3790571573861;3.7564016880000306;413.0859355199479;-1.9317407652151278e-7
6009.0;0.0;0.005353509396927299;0.0;2.1666142080873514;0.0;0.0;0.0;0.0;0.0;0.046196726642800195;4.430556129531503;6.679718500356332e-10;2.272106281986794;-6.74800828109247;0.0;0.0;0.0;0.0;0.0;112.36442408162326;422.3790571573861;3.7564016880000306;413.0859355199479;-1.9317407652151278e-7
6010.0;0.0;0.005353509396927299;0.0;2.1666142080873514;0.0;0.0;0.0;0.0;0.0;0.046196726642800195;4.430556129531503;6.679718500356332e-10;2.272106281986794;-6.74800828109247;0.0;0.0;0.0;0.0;0.0;112.36442408162326;422.3790571573861;3.7564016880000306;413.0859355199479;-1.9317407652151278e-7
6011.0;0.0;0.005353509396927299;0.0;2.1666142080873514;0.0;0.0;0.0;0.0;0.0;0.046196726642800195;4.430556129531503;6.679718500356332e-10;2.272106281986794;-6.74800828109247;0.0;0.0;0.0;0.0;0.0;112.36442408162326;422.3790571573861;3.7564016880000306;413.0859355199479;-1.9317407652151278e-7
6012.0;0.0;0.005353509396927299;0.0;2.1666142080873514;0.0;0.0;0.0;0.0;0.0;0.046196726642800195;4.430556129531503;6.679718500356332e-10;2.272106281986794;-6.74800828109247;0.0;0.0;0.0;0.0;0.0;112.36442408162326;422.3790571573861;3.7564016880000306;413.0859355199479;-1.9317407652151278e-7
6013.0;0.0;0.005353509396927299;0.0;2.1666142080873514;0.0;0.0;0.0;0.0;0.0;0.046196726642800195;4.430556129531503;6.679718500356332e-10;2.272106281986794;-6.74800828109247;0.0;0.0;0.0;0.0;0.0;112.36442408162326;422.3790571573861;3.7564016880000306;413.0859355199479;-1.9317407652151278e-7
6014.0;0.0;0.005353509396927299;0.0;2.1666142080873514;0.0;0.0;0.0;0.0;0.0;0.046196726642800195;4.430556129531503;6.679718500356332e-10;2.272106281986794;-6.74800828109247;0.0;0.0;0.0;0.0;0.0;112.36442408162326;422.3790571573861;3.7564016880000306;413.0859355199479;-1.9317407652151278e-7
6015.0;0.0;0.005353509396927299;0.0;2.1666142080873514;0.0;0.0;0.0;0.0;0.0;0.046196726642800195;4.430556129531503;6.679718500356332e-10;2.272106281986794;-6.74800828109247;0.0;0.0;0.0;0.0;0.0;112.36442408162326;422.3790571573861;3.7564016880000306;413.0859355199479;-1.9317407652151278e-7
6016.0;0.0;0.005353509396927299;0.0;2.1666142080873514;0.0;0.0;0.0;0.0;0.0;0.046196726642800195;4.430556129531503;6.679718500356332e-10;2.272106281986794;-6.74800828109247;0.0;0.0;0.0;0.0;0.0;112.36442408162326;422.3790571573861;3.7564016880000306;413.0859355199479;-1.9317407652151278e-7
6017.0;0.0;0.005353509396927299;0.0;2.1666142080873514;0.0;0.0;0.0;0.0;0.0;0.046196726642800195;4.430556129531503;6.679718500356332e-10;2.272106281986794;-6.74800828109247;0.0;0.0;0.0;0.0;0.0;112.36442408162326;422.3790571573861;3.7564016880000306;413.0859355199479;-1.9317407652151278e-7
6018.0;0.0;0.005353509396927299;0.0;2.1666142080873514;0.0;0.0;0.0;0.0;0.0;0.046196726642800195;4.430556129531503;6.679718500356332e-10;2.272106281986794;-6.74800828109247;0.0;0.0;0.0;0.0;0.0;112.36442408162326;422.3790571573861;3.7564016880000306;413.0859355199479;-1.9317407652151278e-7
6019.0;0.0;0.005353509396927299;0.0;2.1666142080873514;0.0;0.0;0.0;0.0;0.0;0.046196726642800195;4.430556129531503;6.679718500356332e-10;2.272106281986794;-6.74800828109247;0.0;0.0;0.0;0.0;0.0;112.36442408162326;422.3790571573861;3.7564016880000306;413.0859355199479;-1.9317407652151278e-7
6020.0;0.0;0.005353509396927299;0.0;2.1666142080873514;0.0;0.0;0.0;0.0;0.0;0.046196726642800195;4.430556129531503;6.679718500356332e-10;2.272106281986794;-6.74800828109247;0.0;0.0;0.0;0.0;0.0;112.36442408162326;422.3790571573861;3.7564016880000306;413.0859355199479;-1.9317407652151278e-7
6021.0;0.0;0.005353509396927299;0.0;2.1666142080873514;0.0;0.0;0.0;0.0;0.0;0.046196726642800195;4.430556129531503;6.679718500356332e-10;2.272106281986794;-6.74800828109247;0.0;0.0;0.0;0.0;0.0;112.36442408162326;422.3790571573861;3.7564016880000306;413.0859355199479;-1.9317407652151278e-7
6022.0;0.0;0.005353509396927299;0.0;2.1666142080873514;0.0;0.0;0.0;0.0;0.0;0.046196726642800195;4.430556129531503;6.679718500356332e-10;2.272106281986794;-6.74800828109247;0.0;0.0;0.0;0.0;0.0;112.36442408162326;422.3790571573861;3.7564016880000306;413.0859355199479;-1.9317407652151278e-7
6023.0;0.0;0.005353509396927299;0.0;2.1666142080873514;0.0;0.0;0.0;0.0;0.0;0.046196726642800195;4.430556129531503;6.679718500356332e-10;2.272106281986794;-6.74800828109247;0.0;0.0;0.0;0.0;0.0;112.36442408162326;422.3790571573861;3.7564016880000306;413.0859355199479;-1.9317407652151278e-7
6024.0;0.0;0.005353509396927299;0.0;2.1666142080873514;0.0;0.0;0.0;0.0;0.0;0.046196726642800195;4.430556129531503;6.679718500356332e-10;2.272106281986794;-6.74800828109247;0.0;0.0;0.0;0.0;0.0;112.36442408162326;422.3790571573861;3.7564016880000306;413.0859355199479;-1.9317407652151278e-7
6025.0;0.0;-0.00011878023562005516;0.0;2.1666142080873514;0.0;0.0;0.0;0.0;0.0;0.0002871180725364829;4.671310042440195;0.0;2.428605013146605;-7.100209437012367;0.0;0.0;0.0;0.0;0.0;112.36442408162326;422.3790571573861;3.7564016880000306;413.0859355199479;-1.9317407652151278e-7
6026.0;0.0;-0.00011878023562005516;0.0;2.1666142080873514;0.0;0.0;0.0;0.0;0.0;0.0002871180725364829;4.671310042440195;0.0;2.428605013146605;-7.100209437012367;0.0;0.0;0.0;0.0;0.0;112.36442408162326;422.3790571573861;3.7564016880000306;413.0859355199479;-1.9317407652151278e-7
6027.0;0.0;-0.00011878023562005516;0.0;2.1666142080873514;0.0;0.0;0.0;0.0;0.0;0.0002871180725364829;4.671310042440195;0.0;2.428605013146605;-7.100209437012367;0.0;0.0;0.0;0.0;0.0;112.36442408162326;422.3790571573861;3.7564016880000306;413.0859355199479;-1.9317407652151278e-7
6028.0;0.0;-0.00011878023562005516;0.0;2.1666142080873514;0.0;0.0;0.0;0.0;0.0;0.0002871180725364829;4.671310042440195;0.0;2.428605013146605;-7.100209437012367;0.0;0.0;0.0;0.0;0.0;112.36442408162326;422.3790571573861;3.7564016880000306;413.0859355199479;-1.9317407652151278e-7
6029.0;0.0;-0.00011878023562005516;0.0;2.1666142080873514;0.0;0.0;0.0;0.0;0.0;0.0002871180725364829;4.671310042440195;0.0;2.428605013146605;-7.100209437012367;0.0;0.0;0.0;0.0;0.0;112.36442408162326;422.3790571573861;3.7564016880000306;413.0859355199479;-1.9317407652151278e-7
6030.0;0.0;-0.00011878023562005516;0.0;2.1666142080873514;0.0;0.0;0.0;0.0;0.0;0.0002871180725364829;4.671310042440195;0.0;2.428605013146605;-7.100209437012367;0.0;0.0;0.0;0.0;0.0;112.36442408162326;422.3790571573861;3.7564016880000306;413.0859355199479;-1.9317407652151278e-7
6031.0;0.0;-0.00011878023562005516;0.0;2.1666142080873514;0.0;0.0;0.0;0.0;0.0;0.0002871180725364829;4.671310042440195;0.0;2.428605013146605;-7.100209437012367;0.0;0.0;0.0;0.0;0.0;112.36442408162326;422.3790571573861;3.7564016880000306;413.0859355199479;-1.9317407652151278e-7
6032.0;0.0;-0.00011878023562005516;0.0;2.1666142080873514;0.0;0.0;0.0;0.0;0.0;0.0002871180725364829;4.671310042440195;0.0;2.428605013146605;-7.100209437012367;0.0;0.0;0.0;0.0;0.0;112.36442408162326;422.3790571573861;3.7564016880000306;413.0859355199479;-1.9317407652151278e-7
6033.0;0.0;-0.00011878023562005516;0.0;2.1666142080873514;0.0;0.0;0.0;0.0;0.0;0.0002871180725364829;4.671310042440195;0.0;2.428605013146605;-7.100209437012367;0.0;0.0;0.0;0.0;0.0;112.36442408162326;422.3790571573861;3.7564016880000306;413.0859355199479;-1.9317407652151278e-7
6034.0;0.0;-0.00011878023562005516;0.0;2.1666142080873514;0.0;0.0;0.0;0.0;0.0;0.0002871180725364829;4.671310042440195;0.0;2.428605013146605;-7.100209437012367;0.0;0.0;0.0;0.0;0.0;112.36442408162326;422.3790571573861;3.7564016880000306;413.0859355199479;-1.9317407652151278e-7
6035.0;0.0;-0.00011878023562005516;0.0;2.1666142080873514;0.0;0.0;0.0;0.0;0.0;0.0002871180725364829;4.671310042440195;0.0;2.428605013146605;-7.100209437012367;0.0;0.0;0.0;0.0;0.0;112.36442408162326;422.3790571573861;3.7564016880000306;413.0859355199479;-1.9317407652151278e-7
6036.0;0.0;-0.00011878023562005516;0.0;2.1666142080873514;0.0;0.0;0.0;0.0;0.0;0.0002871180725364829;4.671310042440195;0.0;2.428605013146605;-7.100209437012367;0.0;0.0;0.0;0.0;0.0;112.36442408162326;422.3790571573861;3.7564016880000306;413.0859355199479;-1.9317407652151278e-7
6037.0;0.0;-0.00011878023562005516;0.0;2.1666142080873514;0.0;0.0;0.0;0.0;0.0;0.0002871180725364829;4.671310042440195;0.0;2.428605013146605;-7.100209437012367;0.0;0.0;0.0;0.0;0.0;112.36442408162326;422.3790571573861;3.7564016880000306;413.0859355199479;-1.9317407652151278e-7
6038.0;0.0;-0.00011878023562005516;0.0;2.1666142080873514;0.0;0.0;0.0;0.0;0.0;0.0002871180725364829;4.671310042440195;0.0;2.428605013146605;-7.100209437012367;0.0;0.0;0.0;0.0;0.0;112.36442408162326;422.3790571573861;3.7564016880000306;413.0859355199479;-1.9317407652151278e-7
6039.0;0.0;-0.00011878023562005516;0.0;2.1666142080873514;0.0;0.0;0.0;0.0;0.0;0.0002871180725364829;4.671310042440195;0.0;2.428605013146605;-7.100209437012367;0.0;0.0;0.0;0.0;0.0;112.36442408162326;422.3790571573861;3.7564016880000306;413.0859355199479;-1.9317407652151278e-7
6040.0;0.0;-0.00011878023562005516;0.0;2.1666142080873514;0.0;0.0;0.0;0.0;0.0;0.0002871180725364829;4.671310042440195;0.0;2.428605013146605;-7.100209437012367;0.0;0.0;0.0;0.0;0.0;112.36442408162326;422.3790571573861;3.7564016880000306;413.0859355199479;-1.9317407652151278e-7
6041.0;0.0;-0.00011878023562005516;0.0;2.1666142080873514;0.0;0.0;0.0;0.0;0.0;0.0002871180725364829;4.671310042440195;0.0;2.428605013146605;-7.100209437012367;0.0;0.0;0.0;0.0;0.0;112.36442408162326;422.3790571573861;3.7564016880000306;413.0859355199479;-1.9317407652151278e-7
6042.0;0.0;-0.00011878023562005516;0.0;2.1666142080873514;0.0;0.0;0.0;0.0;0.0;0.0002871180725364829;4.671310042440195;0.0;2.428605013146605;-7.100209437012367;0.0;0.0;0.0;0.0;0.0;112.36442408162326;422.3790571573861;3.7564016880000306;413.0859355199479;-1.9317407652151278e-7
6043.0;0.0;-0.00011878023562005516;0.0;2.1666142080873514;0.0;0.0;0.0;0.0;0.0;0.0002871180725364829;4.671310042440195;0.0;2.428605013146605;-7.100209437012367;0.0;0.0;0.0;0.0;0.0;112.36442408162326;422.3790571573861;3.7564016880000306;413.0859355199479;-1.9317407652151278e-7
6044.0;0.0;-0.00011878023562005516;0.0;2.1666142080873514;0.0;0.0;0.0;0.0;0.0;0.0002871180725364829;4.671310042440195;0.0;2.428605013146605;-7.100209437012367;0.0;0.0;0.0;0.0;0.0;112.36442408162326;422.3790571573861;3.7564016880000306;413.0859355199479;-1.9317407652151278e-7
6045.0;0.0;-0.00011878023562005516;0.0;2.1666142080873514;0.0;0.0;0.0;0.0;0.0;0.0002871180725364829;4.671310042440195;0.0;2.428605013146605;-7.100209437012367;0.0;0.0;0.0;0.0;0.0;112.36442408162326;422.3790571573861;3.7564016880000306;413.0859355199479;-1.9317407652151278e-7
6046.0;0.0;-0.00011878023562005516;0.0;2.1666142080873514;0.0;0.0;0.0;0.0;0.0;0.0002871180725364829;4.671310042440195;0.0;2.428605013146605;-7.100209437012367;0.0;0.0;0.0;0.0;0.0;112.36442408162326;422.3790571573861;3.7564016880000306;413.0859355199479;-1.9317407652151278e-7
6047.0;0.0;-0.00011878023562005516;0.0;2.1666142080873514;0.0;0.0;0.0;0.0;0.0;0.0002871180725364829;4.671310042440195;0.0;2.428605013146605;-7.100209437012367;0.0;0.0;0.0;0.0;0.0;112.36442408162326;422.3790571573861;3.7564016880000306;413.0859355199479;-1.9317407652151278e-7
6048.0;0.0;-0.00011878023562005516;0.0;2.1666142080873514;0.0;0.0;0.0;0.0;0.0;0.0002871180725364829;4.671310042440195;0.0;2.428605013146605;-7.100209437012367;0.0;0.0;0.0;0.0;0.0;112.36442408162326;422.3790571573861;3.7564016880000306;413.0859355199479;-1.9317407652151278e-7
6049.0;0.0;4.812227254043508e-5;0.0;2.1666142080873514;0.0;0.0;0.0;0.0;0.0;0.0007588155204903066;4.6989148381357175;0.0;2.486404485555803;-7.1857945373776575;0.0;0.0;0.0;0.0;0.0;112.36442408162326;422.3790571573861;3.7564016880000306;413.0859355199479;-1.9317407652151278e-7
6050.0;0.0;4.812227254043508e-5;0.0;2.1666142080873514;0.0;0.0;0.0;0.0;0.0;0.0007588155204903066;4.6989148381357175;0.0;2.486404485555803;-7.1857945373776575;0.0;0.0;0.0;0.0;0.0;112.36442408162326;422.3790571573861;3.7564016880000306;413.0859355199479;-1.9317407652151278e-7
6051.0;0.0;4.812227254043508e-5;0.0;2.1666142080873514;0.0;0.0;0.0;0.0;0.0;0.0007588155204903066;4.6989148381357175;0.0;2.486404485555803;-7.1857945373776575;0.0;0.0;0.0;0.0;0.0;112.36442408162326;422.3790571573861;3.7564016880000306;413.0859355199479;-1.9317407652151278e-7
6052.0;0.0;4.812227254043508e-5;0.0;2.1666142080873514;0.0;0.0;0.0;0.0;0.0;0.0007588155204903066;4.6989148381357175;0.0;2.486404485555803;-7.1857945373776575;0.0;0.0;0.0;0.0;0.0;112.36442408162326;422.3790571573861;3.7564016880000306;413.0859355199479;-1.9317407652151278e-7
6053.0;0.0;4.812227254043508e-5;0.0;2.1666142080873514;0.0;0.0;0.0;0.0;0.0;0.0007588155204903066;4.6989148381357175;0.0;2.486404485555803;-7.1857945373776575;0.0;0.0;0.0;0.0;0.0;112.36442408162326;422.3790571573861;3.7564016880000306;413.0859355199479;-1.9317407652151278e-7
6054.0;0.0;4.812227254043508e-5;0.0;2.1666142080873514;0.0;0.0;0.0;0.0;0.0;0.0007588155204903066;4.6989148381357175;0.0;2.486404485555803;-7.1857945373776575;0.0;0.0;0.0;0.0;0.0;112.36442408162326;422.3790571573861;3.7564016880000306;413.0859355199479;-1.9317407652151278e-7
6055.0;0.0;4.812227254043508e-5;0.0;2.1666142080873514;0.0;0.0;0.0;0.0;0.0;0.0007588155204903066;4.6989148381357175;0.0;2.486404485555803;-7.1857945373776575;0.0;0.0;0.0;0.0;0.0;112.36442408162326;422.3790571573861;3.7564016880000306;413.0859355199479;-1.9317407652151278e-7
6056.0;0.0;4.812227254043508e-5;0.0;2.1666142080873514;0.0;0.0;0.0;0.0;0.0;0.0007588155204903066;4.6989148381357175;0.0;2.486404485555803;-7.1857945373776575;0.0;0.0;0.0;0.0;0.0;112.36442408162326;422.3790571573861;3.7564016880000306;413.0859355199479;-1.9317407652151278e-7
6057.0;0.0;4.812227254043508e-5;0.0;2.1666142080873514;0.0;0.0;0.0;0.0;0.0;0.0007588155204903066;4.6989148381357175;0.0;2.486404485555803;-7.1857945373776575;0.0;0.0;0.0;0.0;0.0;112.36442408162326;422.3790571573861;3.7564016880000306;413.0859355199479;-1.9317407652151278e-7
6058.0;0.0;4.812227254043508e-5;0.0;2.1666142080873514;0.0;0.0;0.0;0.0;0.0;0.0007588155204903066;4.6989148381357175;0.0;2.486404485555803;-7.1857945373776575;0.0;0.0;0.0;0.0;0.0;112.36442408162326;422.3790571573861;3.7564016880000306;413.0859355199479;-1.9317407652151278e-7
6059.0;0.0;4.812227254043508e-5;0.0;2.1666142080873514;0.0;0.0;0.0;0.0;0.0;0.0007588155204903066;4.6989148381357175;0.0;2.486404485555803;-7.1857945373776575;0.0;0.0;0.0;0.0;0.0;112.36442408162326;422.3790571573861;3.7564016880000306;413.0859355199479;-1.9317407652151278e-7
6060.0;0.0;4.812227254043508e-5;0.0;2.1666142080873514;0.0;0.0;0.0;0.0;0.0;0.0007588155204903066;4.6989148381357175;0.0;2.486404485555803;-7.1857945373776575;0.0;0.0;0.0;0.0;0.0;112.36442408162326;422.3790571573861;3.7564016880000306;413.0859355199479;-1.9317407652151278e-7
6061.0;0.0;4.812227254043508e-5;0.0;2.1666142080873514;0.0;0.0;0.0;0.0;0.0;0.0007588155204903066;4.6989148381357175;0.0;2.486404485555803;-7.1857945373776575;0.0;0.0;0.0;0.0;0.0;112.36442408162326;422.3790571573861;3.7564016880000306;413.0859355199479;-1.9317407652151278e-7
6062.0;0.0;4.812227254043508e-5;0.0;2.1666142080873514;0.0;0.0;0.0;0.0;0.0;0.0007588155204903066;4.6989148381357175;0.0;2.486404485555803;-7.1857945373776575;0.0;0.0;0.0;0.0;0.0;112.36442408162326;422.3790571573861;3.7564016880000306;413.0859355199479;-1.9317407652151278e-7
6063.0;0.0;4.812227254043508e-5;0.0;2.1666142080873514;0.0;0.0;0.0;0.0;0.0;0.0007588155204903066;4.6989148381357175;0.0;2.486404485555803;-7.1857945373776575;0.0;0.0;0.0;0.0;0.0;112.36442408162326;422.3790571573861;3.7564016880000306;413.0859355199479;-1.9317407652151278e-7
6064.0;0.0;4.812227254043508e-5;0.0;2.1666142080873514;0.0;0.0;0.0;0.0;0.0;0.0007588155204903066;4.6989148381357175;0.0;2.486404485555803;-7.1857945373776575;0.0;0.0;0.0;0.0;0.0;112.36442408162326;422.3790571573861;3.7564016880000306;413.0859355199479;-1.9317407652151278e-7
6065.0;0.0;4.812227254043508e-5;0.0;2.1666142080873514;0.0;0.0;0.0;0.0;0.0;0.0007588155204903066;4.6989148381357175;0.0;2.486404485555803;-7.1857945373776575;0.0;0.0;0.0;0.0;0.0;112.36442408162326;422.3790571573861;3.7564016880000306;413.0859355199479;-1.9317407652151278e-7
6066.0;0.0;4.812227254043508e-5;0.0;2.1666142080873514;0.0;0.0;0.0;0.0;0.0;0.0007588155204903066;4.6989148381357175;0.0;2.486404485555803;-7.1857945373776575;0.0;0.0;0.0;0.0;0.0;112.36442408162326;422.3790571573861;3.7564016880000306;413.0859355199479;-1.9317407652151278e-7
6067.0;0.0;4.812227254043508e-5;0.0;2.1666142080873514;0.0;0.0;0.0;0.0;0.0;0.0007588155204903066;4.6989148381357175;0.0;2.486404485555803;-7.1857945373776575;0.0;0.0;0.0;0.0;0.0;112.36442408162326;422.3790571573861;3.7564016880000306;413.0859355199479;-1.9317407652151278e-7
6068.0;0.0;4.812227254043508e-5;0.0;2.1666142080873514;0.0;0.0;0.0;0.0;0.0;0.0007588155204903066;4.6989148381357175;0.0;2.486404485555803;-7.1857945373776575;0.0;0.0;0.0;0.0;0.0;112.36442408162326;422.3790571573861;3.7564016880000306;413.0859355199479;-1.9317407652151278e-7
6069.0;0.0;4.812227254043508e-5;0.0;2.1666142080873514;0.0;0.0;0.0;0.0;0.0;0.0007588155204903066;4.6989148381357175;0.0;2.486404485555803;-7.1857945373776575;0.0;0.0;0.0;0.0;0.0;112.36442408162326;422.3790571573861;3.7564016880000306;413.0859355199479;-1.9317407652151278e-7
6070.0;0.0;4.812227254043508e-5;0.0;2.1666142080873514;0.0;0.0;0.0;0.0;0.0;0.0007588155204903066;4.6989148381357175;0.0;2.486404485555803;-7.1857945373776575;0.0;0.0;0.0;0.0;0.0;112.36442408162326;422.3790571573861;3.7564016880000306;413.0859355199479;-1.9317407652151278e-7
6071.0;0.0;4.812227254043508e-5;0.0;2.1666142080873514;0.0;0.0;0.0;0.0;0.0;0.0007588155204903066;4.6989148381357175;0.0;2.486404485555803;-7.1857945373776575;0.0;0.0;0.0;0.0;0.0;112.36442408162326;422.3790571573861;3.7564016880000306;413.0859355199479;-1.9317407652151278e-7
6072.0;0.0;4.812227254043508e-5;0.0;2.1666142080873514;0.0;0.0;0.0;0.0;0.0;0.0007588155204903066;4.6989148381357175;0.0;2.486404485555803;-7.1857945373776575;0.0;0.0;0.0;0.0;0.0;112.36442408162326;422.3790571573861;3.7564016880000306;413.0859355199479;-1.9317407652151278e-7
6073.0;0.0;-0.00020491170213491277;0.0;2.1666142080873514;0.0;0.0;0.0;0.0;0.0;0.04418980912638498;4.3705487702813945;4.739966388128268e-10;2.086775305192844;-6.501986737875198;0.0;0.0;0.0;0.0;0.0;112.36442408162326;422.3790571573861;3.7564016880000306;413.0859355199479;-1.9317407652151278e-7
6074.0;0.0;-0.00020491170213491277;0.0;2.1666142080873514;0.0;0.0;0.0;0.0;0.0;0.04418980912638498;4.3705487702813945;4.739966388128268e-10;2.086775305192844;-6.501986737875198;0.0;0.0;0.0;0.0;0.0;112.36442408162326;422.3790571573861;3.7564016880000306;413.0859355199479;-1.9317407652151278e-7
6075.0;0.0;-0.00020491170213491277;0.0;2.1666142080873514;0.0;0.0;0.0;0.0;0.0;0.04418980912638498;4.3705487702813945;4.739966388128268e-10;2.086775305192844;-6.501986737875198;0.0;0.0;0.0;0.0;0.0;112.36442408162326;422.3790571573861;3.7564016880000306;413.0859355199479;-1.9317407652151278e-7
6076.0;0.0;-0.00020491170213491277;0.0;2.1666142080873514;0.0;0.0;0.0;0.0;0.0;0.04418980912638498;4.3705487702813945;4.739966388128268e-10;2.086775305192844;-6.501986737875198;0.0;0.0;0.0;0.0;0.0;112.36442408162326;422.3790571573861;3.7564016880000306;413.0859355199479;-1.9317407652151278e-7
6077.0;0.0;-0.00020491170213491277;0.0;2.1666142080873514;0.0;0.0;0.0;0.0;0.0;0.04418980912638498;4.3705487702813945;4.739966388128268e-10;2.086775305192844;-6.501986737875198;0.0;0.0;0.0;0.0;0.0;112.36442408162326;422.3790571573861;3.7564016880000306;413.0859355199479;-1.9317407652151278e-7
6078.0;0.0;-0.00020491170213491277;0.0;2.1666142080873514;0.0;0.0;0.0;0.0;0.0;0.04418980912638498;4.3705487702813945;4.739966388128268e-10;2.086775305192844;-6.501986737875198;0.0;0.0;0.0;0.0;0.0;112.36442408162326;422.3790571573861;3.7564016880000306;413.0859355199479;-1.9317407652151278e-7
6079.0;0.0;-0.00020491170213491277;0.0;2.1666142080873514;0.0;0.0;0.0;0.0;0.0;0.04418980912638498;4.3705487702813945;4.739966388128268e-10;2.086775305192844;-6.501986737875198;0.0;0.0;0.0;0.0;0.0;112.36442408162326;422.3790571573861;3.7564016880000306;413.0859355199479;-1.9317407652151278e-7
6080.0;0.0;-0.00020491170213491277;0.0;2.1666142080873514;0.0;0.0;0.0;0.0;0.0;0.04418980912638498;4.3705487702813945;4.739966388128268e-10;2.086775305192844;-6.501986737875198;0.0;0.0;0.0;0.0;0.0;112.36442408162326;422.3790571573861;3.7564016880000306;413.0859355199479;-1.9317407652151278e-7
6081.0;0.0;-0.00020491170213491277;0.0;2.1666142080873514;0.0;0.0;0.0;0.0;0.0;0.04418980912638498;4.3705487702813945;4.739966388128268e-10;2.086775305192844;-6.501986737875198;0.0;0.0;0.0;0.0;0.0;112.36442408162326;422.3790571573861;3.7564016880000306;413.0859355199479;-1.9317407652151278e-7
6082.0;0.0;-0.00020491170213491277;0.0;2.1666142080873514;0.0;0.0;0.0;0.0;0.0;0.04418980912638498;4.3705487702813945;4.739966388128268e-10;2.086775305192844;-6.501986737875198;0.0;0.0;0.0;0.0;0.0;112.36442408162326;422.3790571573861;3.7564016880000306;413.0859355199479;-1.9317407652151278e-7
6083.0;0.0;-0.00020491170213491277;0.0;2.1666142080873514;0.0;0.0;0.0;0.0;0.0;0.04418980912638498;4.3705487702813945;4.739966388128268e-10;2.086775305192844;-6.501986737875198;0.0;0.0;0.0;0.0;0.0;112.36442408162326;422.3790571573861;3.7564016880000306;413.0859355199479;-1.9317407652151278e-7
6084.0;0.0;-0.00020491170213491277;0.0;2.1666142080873514;0.0;0.0;0.0;0.0;0.0;0.04418980912638498;4.3705487702813945;4.739966388128268e-10;2.086775305192844;-6.501986737875198;0.0;0.0;0.0;0.0;0.0;112.36442408162326;422.3790571573861;3.7564016880000306;413.0859355199479;-1.9317407652151278e-7
6085.0;0.0;-0.00020491170213491277;0.0;2.1666142080873514;0.0;0.0;0.0;0.0;0.0;0.04418980912638498;4.3705487702813945;4.739966388128268e-10;2.086775305192844;-6.501986737875198;0.0;0.0;0.0;0.0;0.0;112.36442408162326;422.3790571573861;3.7564016880000306;413.0859355199479;-1.9317407652151278e-7
6086.0;0.0;-0.00020491170213491277;0.0;2.1666142080873514;0.0;0.0;0.0;0.0;0.0;0.04418980912638498;4.3705487702813945;4.739966388128268e-10;2.086775305192844;-6.501986737875198;0.0;0.0;0.0;0.0;0.0;112.36442408162326;422.3790571573861;3.7564016880000306;413.0859355199479;-1.9317407652151278e-7
6087.0;0.0;-0.00020491170213491277;0.0;2.1666142080873514;0.0;0.0;0.0;0.0;0.0;0.04418980912638498;4.3705487702813945;4.739966388128268e-10;2.086775305192844;-6.501986737875198;0.0;0.0;0.0;0.0;0.0;112.36442408162326;422.3790571573861;3.7564016880000306;413.0859355199479;-1.9317407652151278e-7
6088.0;0.0;-0.00020491170213491277;0.0;2.1666142080873514;0.0;0.0;0.0;0.0;0.0;0.04418980912638498;4.3705487702813945;4.739966388128268e-10;2.086775305192844;-6.501986737875198;0.0;0.0;0.0;0.0;0.0;112.36442408162326;422.3790571573861;3.7564016880000306;413.0859355199479;-1.9317407652151278e-7
6089.0;0.0;-0.00020491170213491277;0.0;2.1666142080873514;0.0;0.0;0.0;0.0;0.0;0.04418980912638498;4.3705487702813945;4.739966388128268e-10;2.086775305192844;-6.501986737875198;0.0;0.0;0.0;0.0;0.0;112.36442408162326;422.3790571573861;3.7564016880000306;413.0859355199479;-1.9317407652151278e-7
6090.0;0.0;-0.00020491170213491277;0.0;2.1666142080873514;0.0;0.0;0.0;0.0;0.0;0.04418980912638498;4.3705487702813945;4.739966388128268e-10;2.086775305192844;-6.501986737875198;0.0;0.0;0.0;0.0;0.0;112.36442408162326;422.3790571573861;3.7564016880000306;413.0859355199479;-1.9317407652151278e-7
6091.0;0.0;-0.00020491170213491277;0.0;2.1666142080873514;0.0;0.0;0.0;0.0;0.0;0.04418980912638498;4.3705487702813945;4.739966388128268e-10;2.086775305192844;-6.501986737875198;0.0;0.0;0.0;0.0;0.0;112.36442408162326;422.3790571573861;3.7564016880000306;413.0859355199479;-1.9317407652151278e-7
6092.0;0.0;-0.00020491170213491277;0.0;2.1666142080873514;0.0;0.0;0.0;0.0;0.0;0.04418980912638498;4.3705487702813945;4.739966388128268e-10;2.086775305192844;-6.501986737875198;0.0;0.0;0.0;0.0;0.0;112.36442408162326;422.3790571573861;3.7564016880000306;413.0859355199479;-1.9317407652151278e-7
6093.0;0.0;-0.00020491170213491277;0.0;2.1666142080873514;0.0;0.0;0.0;0.0;0.0;0.04418980912638498;4.3705487702813945;4.739966388128268e-10;2.086775305192844;-6.501986737875198;0.0;0.0;0.0;0.0;0.0;112.36442408162326;422.3790571573861;3.7564016880000306;413.0859355199479;-1.9317407652151278e-7
6094.0;0.0;-0.00020491170213491277;0.0;2.1666142080873514;0.0;0.0;0.0;0.0;0.0;0.04418980912638498;4.3705487702813945;4.739966388128268e-10;2.086775305192844;-6.501986737875198;0.0;0.0;0.0;0.0;0.0;112.36442408162326;422.3790571573861;3.7564016880000306;413.0859355199479;-1.9317407652151278e-7
6095.0;0.0;-0.00020491170213491277;0.0;2.1666142080873514;0.0;0.0;0.0;0.0;0.0;0.04418980912638498;4.3705487702813945;4.739966388128268e-10;2.086775305192844;-6.501986737875198;0.0;0.0;0.0;0.0;0.0;112.36442408162326;422.3790571573861;3.7564016880000306;413.0859355199479;-1.9317407652151278e-7
6096.0;0.0;-0.00020491170213491277;0.0;2.1666142080873514;0.0;0.0;0.0;0.0;0.0;0.04418980912638498;4.3705487702813945;4.739966388128268e-10;2.086775305192844;-6.501986737875198;0.0;0.0;0.0;0.0;0.0;112.36442408162326;422.3790571573861;3.7564016880000306;413.0859355199479;-1.9317407652151278e-7
6097.0;0.0;-0.0005746082770837394;0.0;2.1666142080873514;0.0;0.0;0.0;0.0;0.0;0.0;4.636714803464387;0.0;2.440160010154528;-7.076930601118394;0.0;0.0;0.0;0.0;0.0;112.36442408162326;422.3790571573861;3.7564016880000306;413.0859355199479;-1.9317407652151278e-7
6098.0;0.0;-0.0005746082770837394;0.0;2.1666142080873514;0.0;0.0;0.0;0.0;0.0;0.0;4.636714803464387;0.0;2.440160010154528;-7.076930601118394;0.0;0.0;0.0;0.0;0.0;112.36442408162326;422.3790571573861;3.7564016880000306;413.0859355199479;-1.9317407652151278e-7
6099.0;0.0;-0.0005746082770837394;0.0;2.1666142080873514;0.0;0.0;0.0;0.0;0.0;0.0;4.636714803464387;0.0;2.440160010154528;-7.076930601118394;0.0;0.0;0.0;0.0;0.0;112.36442408162326;422.3790571573861;3.7564016880000306;413.0859355199479;-1.9317407652151278e-7
6100.0;0.0;-0.0005746082770837394;0.0;2.1666142080873514;0.0;0.0;0.0;0.0;0.0;0.0;4.636714803464387;0.0;2.440160010154528;-7.076930601118394;0.0;0.0;0.0;0.0;0.0;112.36442408162326;422.3790571573861;3.7564016880000306;413.0859355199479;-1.9317407652151278e-7
6101.0;0.0;-0.0005746082770837394;0.0;2.1666142080873514;0.0;0.0;0.0;0.0;0.0;0.0;4.636714803464387;0.0;2.440160010154528;-7.076930601118394;0.0;0.0;0.0;0.0;0.0;112.36442408162326;422.3790571573861;3.7564016880000306;413.0859355199479;-1.9317407652151278e-7
6102.0;0.0;-0.0005746082770837394;0.0;2.1666142080873514;0.0;0.0;0.0;0.0;0.0;0.0;4.636714803464387;0.0;2.440160010154528;-7.076930601118394;0.0;0.0;0.0;0.0;0.0;112.36442408162326;422.3790571573861;3.7564016880000306;413.0859355199479;-1.9317407652151278e-7
6103.0;0.0;-0.0005746082770837394;0.0;2.1666142080873514;0.0;0.0;0.0;0.0;0.0;0.0;4.636714803464387;0.0;2.440160010154528;-7.076930601118394;0.0;0.0;0.0;0.0;0.0;112.36442408162326;422.3790571573861;3.7564016880000306;413.0859355199479;-1.9317407652151278e-7
6104.0;0.0;-0.0005746082770837394;0.0;2.1666142080873514;0.0;0.0;0.0;0.0;0.0;0.0;4.636714803464387;0.0;2.440160010154528;-7.076930601118394;0.0;0.0;0.0;0.0;0.0;112.36442408162326;422.3790571573861;3.7564016880000306;413.0859355199479;-1.9317407652151278e-7
6105.0;0.0;-0.0005746082770837394;0.0;2.1666142080873514;0.0;0.0;0.0;0.0;0.0;0.0;4.636714803464387;0.0;2.440160010154528;-7.076930601118394;0.0;0.0;0.0;0.0;0.0;112.36442408162326;422.3790571573861;3.7564016880000306;413.0859355199479;-1.9317407652151278e-7
6106.0;0.0;-0.0005746082770837394;0.0;2.1666142080873514;0.0;0.0;0.0;0.0;0.0;0.0;4.636714803464387;0.0;2.440160010154528;-7.076930601118394;0.0;0.0;0.0;0.0;0.0;112.36442408162326;422.3790571573861;3.7564016880000306;413.0859355199479;-1.9317407652151278e-7
6107.0;0.0;-0.0005746082770837394;0.0;2.1666142080873514;0.0;0.0;0.0;0.0;0.0;0.0;4.636714803464387;0.0;2.440160010154528;-7.076930601118394;0.0;0.0;0.0;0.0;0.0;112.36442408162326;422.3790571573861;3.7564016880000306;413.0859355199479;-1.9317407652151278e-7
6108.0;0.0;-0.0005746082770837394;0.0;2.1666142080873514;0.0;0.0;0.0;0.0;0.0;0.0;4.636714803464387;0.0;2.440160010154528;-7.076930601118394;0.0;0.0;0.0;0.0;0.0;112.36442408162326;422.3790571573861;3.7564016880000306;413.0859355199479;-1.9317407652151278e-7
6109.0;0.0;-0.0005746082770837394;0.0;2.1666142080873514;0.0;0.0;0.0;0.0;0.0;0.0;4.636714803464387;0.0;2.440160010154528;-7.076930601118394;0.0;0.0;0.0;0.0;0.0;112.36442408162326;422.3790571573861;3.7564016880000306;413.0859355199479;-1.9317407652151278e-7
6110.0;0.0;-0.0005746082770837394;0.0;2.1666142080873514;0.0;0.0;0.0;0.0;0.0;0.0;4.636714803464387;0.0;2.440160010154528;-7.076930601118394;0.0;0.0;0.0;0.0;0.0;112.36442408162326;422.3790571573861;3.7564016880000306;413.0859355199479;-1.9317407652151278e-7
6111.0;0.0;-0.0005746082770837394;0.0;2.1666142080873514;0.0;0.0;0.0;0.0;0.0;0.0;4.636714803464387;0.0;2.440160010154528;-7.076930601118394;0.0;0.0;0.0;0.0;0.0;112.36442408162326;422.3790571573861;3.7564016880000306;413.0859355199479;-1.9317407652151278e-7
6112.0;0.0;-0.0005746082770837394;0.0;2.1666142080873514;0.0;0.0;0.0;0.0;0.0;0.0;4.636714803464387;0.0;2.440160010154528;-7.076930601118394;0.0;0.0;0.0;0.0;0.0;112.36442408162326;422.3790571573861;3.7564016880000306;413.0859355199479;-1.9317407652151278e-7
6113.0;0.0;-0.0005746082770837394;0.0;2.1666142080873514;0.0;0.0;0.0;0.0;0.0;0.0;4.636714803464387;0.0;2.440160010154528;-7.076930601118394;0.0;0.0;0.0;0.0;0.0;112.36442408162326;422.3790571573861;3.7564016880000306;413.0859355199479;-1.9317407652151278e-7
6114.0;0.0;-0.0005746082770837394;0.0;2.1666142080873514;0.0;0.0;0.0;0.0;0.0;0.0;4.636714803464387;0.0;2.440160010154528;-7.076930601118394;0.0;0.0;0.0;0.0;0.0;112.36442408162326;422.3790571573861;3.7564016880000306;413.0859355199479;-1.9317407652151278e-7
6115.0;0.0;-0.0005746082770837394;0.0;2.1666142080873514;0.0;0.0;0.0;0.0;0.0;0.0;4.636714803464387;0.0;2.440160010154528;-7.076930601118394;0.0;0.0;0.0;0.0;0.0;112.36442408162326;422.3790571573861;3.7564016880000306;413.0859355199479;-1.9317407652151278e-7
6116.0;0.0;-0.0005746082770837394;0.0;2.1666142080873514;0.0;0.0;0.0;0.0;0.0;0.0;4.636714803464387;0.0;2.440160010154528;-7.076930601118394;0.0;0.0;0.0;0.0;0.0;112.36442408162326;422.3790571573861;3.7564016880000306;413.0859355199479;-1.9317407652151278e-7
6117.0;0.0;-0.0005746082770837394;0.0;2.1666142080873514;0.0;0.0;0.0;0.0;0.0;0.0;4.636714803464387;0.0;2.440160010154528;-7.076930601118394;0.0;0.0;0.0;0.0;0.0;112.36442408162326;422.3790571573861;3.7564016880000306;413.0859355199479;-1.9317407652151278e-7
6118.0;0.0;-0.0005746082770837394;0.0;2.1666142080873514;0.0;0.0;0.0;0.0;0.0;0.0;4.636714803464387;0.0;2.440160010154528;-7.076930601118394;0.0;0.0;0.0;0.0;0.0;112.36442408162326;422.3790571573861;3.7564016880000306;413.0859355199479;-1.9317407652151278e-7
6119.0;0.0;-0.0005746082770837394;0.0;2.1666142080873514;0.0;0.0;0.0;0.0;0.0;0.0;4.636714803464387;0.0;2.440160010154528;-7.076930601118394;0.0;0.0;0.0;0.0;0.0;112.36442408162326;422.3790571573861;3.7564016880000306;413.0859355199479;-1.9317407652151278e-7
6120.0;0.0;-0.0005746082770837394;0.0;2.1666142080873514;0.0;0.0;0.0;0.0;0.0;0.0;4.636714803464387;0.0;2.440160010154528;-7.076930601118394;0.0;0.0;0.0;0.0;0.0;112.36442408162326;422.3790571573861;3.7564016880000306;413.0859355199479;-1.9317407652151278e-7
6121.0;0.0;-0.00046317291371250223;0.0;2.1666142080873514;0.0;0.0;0.0;0.0;0.0;0.0;3.595836885911405;0.0;3.5798208389633484;-7.175696270564006;0.0;0.0;0.0;0.0;0.0;112.36442408162326;422.3790571573861;3.7564016880000306;413.0859355199479;-1.9317407652151278e-7
6122.0;0.0;-0.00046317291371250223;0.0;2.1666142080873514;0.0;0.0;0.0;0.0;0.0;0.0;3.595836885911405;0.0;3.5798208389633484;-7.175696270564006;0.0;0.0;0.0;0.0;0.0;112.36442408162326;422.3790571573861;3.7564016880000306;413.0859355199479;-1.9317407652151278e-7
6123.0;0.0;-0.00046317291371250223;0.0;2.1666142080873514;0.0;0.0;0.0;0.0;0.0;0.0;3.595836885911405;0.0;3.5798208389633484;-7.175696270564006;0.0;0.0;0.0;0.0;0.0;112.36442408162326;422.3790571573861;3.7564016880000306;413.0859355199479;-1.9317407652151278e-7
6124.0;0.0;-0.00046317291371250223;0.0;2.1666142080873514;0.0;0.0;0.0;0.0;0.0;0.0;3.595836885911405;0.0;3.5798208389633484;-7.175696270564006;0.0;0.0;0.0;0.0;0.0;112.36442408162326;422.3790571573861;3.7564016880000306;413.0859355199479;-1.9317407652151278e-7
6125.0;0.0;-0.00046317291371250223;0.0;2.1666142080873514;0.0;0.0;0.0;0.0;0.0;0.0;3.595836885911405;0.0;3.5798208389633484;-7.175696270564006;0.0;0.0;0.0;0.0;0.0;112.36442408162326;422.3790571573861;3.7564016880000306;413.0859355199479;-1.9317407652151278e-7
6126.0;0.0;-0.00046317291371250223;0.0;2.1666142080873514;0.0;0.0;0.0;0.0;0.0;0.0;3.595836885911405;0.0;3.5798208389633484;-7.175696270564006;0.0;0.0;0.0;0.0;0.0;112.36442408162326;422.3790571573861;3.7564016880000306;413.0859355199479;-1.9317407652151278e-7
6127.0;0.0;-0.00046317291371250223;0.0;2.1666142080873514;0.0;0.0;0.0;0.0;0.0;0.0;3.595836885911405;0.0;3.5798208389633484;-7.175696270564006;0.0;0.0;0.0;0.0;0.0;112.36442408162326;422.3790571573861;3.7564016880000306;413.0859355199479;-1.9317407652151278e-7
6128.0;0.0;-0.00046317291371250223;0.0;2.1666142080873514;0.0;0.0;0.0;0.0;0.0;0.0;3.595836885911405;0.0;3.5798208389633484;-7.175696270564006;0.0;0.0;0.0;0.0;0.0;112.36442408162326;422.3790571573861;3.7564016880000306;413.0859355199479;-1.9317407652151278e-7
6129.0;0.0;-0.00046317291371250223;0.0;2.1666142080873514;0.0;0.0;0.0;0.0;0.0;0.0;3.595836885911405;0.0;3.5798208389633484;-7.175696270564006;0.0;0.0;0.0;0.0;0.0;112.36442408162326;422.3790571573861;3.7564016880000306;413.0859355199479;-1.9317407652151278e-7
6130.0;0.0;-0.00046317291371250223;0.0;2.1666142080873514;0.0;0.0;0.0;0.0;0.0;0.0;3.595836885911405;0.0;3.5798208389633484;-7.175696270564006;0.0;0.0;0.0;0.0;0.0;112.36442408162326;422.3790571573861;3.7564016880000306;413.0859355199479;-1.9317407652151278e-7
6131.0;0.0;-0.00046317291371250223;0.0;2.1666142080873514;0.0;0.0;0.0;0.0;0.0;0.0;3.595836885911405;0.0;3.5798208389633484;-7.175696270564006;0.0;0.0;0.0;0.0;0.0;112.36442408162326;422.3790571573861;3.7564016880000306;413.0859355199479;-1.9317407652151278e-7
6132.0;0.0;-0.00046317291371250223;0.0;2.1666142080873514;0.0;0.0;0.0;0.0;0.0;0.0;3.595836885911405;0.0;3.5798208389633484;-7.175696270564006;0.0;0.0;0.0;0.0;0.0;112.36442408162326;422.3790571573861;3.7564016880000306;413.0859355199479;-1.9317407652151278e-7
6133.0;0.0;-0.00046317291371250223;0.0;2.1666142080873514;0.0;0.0;0.0;0.0;0.0;0.0;3.595836885911405;0.0;3.5798208389633484;-7.175696270564006;0.0;0.0;0.0;0.0;0.0;112.36442408162326;422.3790571573861;3.7564016880000306;413.0859355199479;-1.9317407652151278e-7
6134.0;0.0;-0.00046317291371250223;0.0;2.1666142080873514;0.0;0.0;0.0;0.0;0.0;0.0;3.595836885911405;0.0;3.5798208389633484;-7.175696270564006;0.0;0.0;0.0;0.0;0.0;112.36442408162326;422.3790571573861;3.7564016880000306;413.0859355199479;-1.9317407652151278e-7
6135.0;0.0;-0.00046317291371250223;0.0;2.1666142080873514;0.0;0.0;0.0;0.0;0.0;0.0;3.595836885911405;0.0;3.5798208389633484;-7.175696270564006;0.0;0.0;0.0;0.0;0.0;112.36442408162326;422.3790571573861;3.7564016880000306;413.0859355199479;-1.9317407652151278e-7
6136.0;0.0;-0.00046317291371250223;0.0;2.1666142080873514;0.0;0.0;0.0;0.0;0.0;0.0;3.595836885911405;0.0;3.5798208389633484;-7.175696270564006;0.0;0.0;0.0;0.0;0.0;112.36442408162326;422.3790571573861;3.7564016880000306;413.0859355199479;-1.9317407652151278e-7
6137.0;0.0;-0.00046317291371250223;0.0;2.1666142080873514;0.0;0.0;0.0;0.0;0.0;0.0;3.595836885911405;0.0;3.5798208389633484;-7.175696270564006;0.0;0.0;0.0;0.0;0.0;112.36442408162326;422.3790571573861;3.7564016880000306;413.0859355199479;-1.9317407652151278e-7
6138.0;0.0;-0.00046317291371250223;0.0;2.1666142080873514;0.0;0.0;0.0;0.0;0.0;0.0;3.595836885911405;0.0;3.5798208389633484;-7.175696270564006;0.0;0.0;0.0;0.0;0.0;112.36442408162326;422.3790571573861;3.7564016880000306;413.0859355199479;-1.9317407652151278e-7
6139.0;0.0;-0.00046317291371250223;0.0;2.1666142080873514;0.0;0.0;0.0;0.0;0.0;0.0;3.595836885911405;0.0;3.5798208389633484;-7.175696270564006;0.0;0.0;0.0;0.0;0.0;112.36442408162326;422.3790571573861;3.7564016880000306;413.0859355199479;-1.9317407652151278e-7
6140.0;0.0;-0.00046317291371250223;0.0;2.1666142080873514;0.0;0.0;0.0;0.0;0.0;0.0;3.595836885911405;0.0;3.5798208389633484;-7.175696270564006;0.0;0.0;0.0;0.0;0.0;112.36442408162326;422.3790571573861;3.7564016880000306;413.0859355199479;-1.9317407652151278e-7
6141.0;0.0;-0.00046317291371250223;0.0;2.1666142080873514;0.0;0.0;0.0;0.0;0.0;0.0;3.595836885911405;0.0;3.5798208389633484;-7.175696270564006;0.0;0.0;0.0;0.0;0.0;112.36442408162326;422.3790571573861;3.7564016880000306;413.0859355199479;-1.9317407652151278e-7
6142.0;0.0;-0.00046317291371250223;0.0;2.1666142080873514;0.0;0.0;0.0;0.0;0.0;0.0;3.595836885911405;0.0;3.5798208389633484;-7.175696270564006;0.0;0.0;0.0;0.0;0.0;112.36442408162326;422.3790571573861;3.7564016880000306;413.0859355199479;-1.9317407652151278e-7
6143.0;0.0;-0.00046317291371250223;0.0;2.1666142080873514;0.0;0.0;0.0;0.0;0.0;0.0;3.595836885911405;0.0;3.5798208389633484;-7.175696270564006;0.0;0.0;0.0;0.0;0.0;112.36442408162326;422.3790571573861;3.7564016880000306;413.0859355199479;-1.9317407652151278e-7
6144.0;0.0;-0.00046317291371250223;0.0;2.1666142080873514;0.0;0.0;0.0;0.0;0.0;0.0;3.595836885911405;0.0;3.5798208389633484;-7.175696270564006;0.0;0.0;0.0;0.0;0.0;112.36442408162326;422.3790571573861;3.7564016880000306;413.0859355199479;-1.9317407652151278e-7
6145.0;0.0;-0.00016073863796956143;0.0;2.6727440588220612;0.0;0.0;0.0;0.0;0.0;0.0010420511227092223;1.8541182652436525;0.0;4.99424544039018;-6.849412922910986;0.0;0.0;0.0;0.0;0.0;120.13468245495278;421.56624512181537;5.008535701158015;413.64707090194275;-1.4122480738082634e-7
6146.0;0.0;-0.00016073863796956143;0.0;2.6727440588220612;0.0;0.0;0.0;0.0;0.0;0.0010420511227092223;1.8541182652436525;0.0;4.99424544039018;-6.849412922910986;0.0;0.0;0.0;0.0;0.0;120.13468245495278;421.56624512181537;5.008535701158015;413.64707090194275;-1.4122480738082634e-7
6147.0;0.0;-0.00016073863796956143;0.0;2.6727440588220612;0.0;0.0;0.0;0.0;0.0;0.0010420511227092223;1.8541182652436525;0.0;4.99424544039018;-6.849412922910986;0.0;0.0;0.0;0.0;0.0;120.13468245495278;421.56624512181537;5.008535701158015;413.64707090194275;-1.4122480738082634e-7
6148.0;0.0;-0.00016073863796956143;0.0;2.6727440588220612;0.0;0.0;0.0;0.0;0.0;0.0010420511227092223;1.8541182652436525;0.0;4.99424544039018;-6.849412922910986;0.0;0.0;0.0;0.0;0.0;120.13468245495278;421.56624512181537;5.008535701158015;413.64707090194275;-1.4122480738082634e-7
6149.0;0.0;-0.00016073863796956143;0.0;2.6727440588220612;0.0;0.0;0.0;0.0;0.0;0.0010420511227092223;1.8541182652436525;0.0;4.99424544039018;-6.849412922910986;0.0;0.0;0.0;0.0;0.0;120.13468245495278;421.56624512181537;5.008535701158015;413.64707090194275;-1.4122480738082634e-7
6150.0;0.0;-0.00016073863796956143;0.0;2.6727440588220612;0.0;0.0;0.0;0.0;0.0;0.0010420511227092223;1.8541182652436525;0.0;4.99424544039018;-6.849412922910986;0.0;0.0;0.0;0.0;0.0;120.13468245495278;421.56624512181537;5.008535701158015;413.64707090194275;-1.4122480738082634e-7
6151.0;0.0;-0.00016073863796956143;0.0;2.6727440588220612;0.0;0.0;0.0;0.0;0.0;0.0010420511227092223;1.8541182652436525;0.0;4.99424544039018;-6.849412922910986;0.0;0.0;0.0;0.0;0.0;120.13468245495278;421.56624512181537;5.008535701158015;413.64707090194275;-1.4122480738082634e-7
6152.0;0.0;-0.00016073863796956143;0.0;2.6727440588220612;0.0;0.0;0.0;0.0;0.0;0.0010420511227092223;1.8541182652436525;0.0;4.99424544039018;-6.849412922910986;0.0;0.0;0.0;0.0;0.0;120.13468245495278;421.56624512181537;5.008535701158015;413.64707090194275;-1.4122480738082634e-7
6153.0;0.0;-0.00016073863796956143;0.0;2.6727440588220612;0.0;0.0;0.0;0.0;0.0;0.0010420511227092223;1.8541182652436525;0.0;4.99424544039018;-6.849412922910986;0.0;0.0;0.0;0.0;0.0;120.13468245495278;421.56624512181537;5.008535701158015;413.64707090194275;-1.4122480738082634e-7
6154.0;0.0;-0.00016073863796956143;0.0;2.6727440588220612;0.0;0.0;0.0;0.0;0.0;0.0010420511227092223;1.8541182652436525;0.0;4.99424544039018;-6.849412922910986;0.0;0.0;0.0;0.0;0.0;120.13468245495278;421.56624512181537;5.008535701158015;413.64707090194275;-1.4122480738082634e-7
6155.0;0.0;-0.00016073863796956143;0.0;2.6727440588220612;0.0;0.0;0.0;0.0;0.0;0.0010420511227092223;1.8541182652436525;0.0;4.99424544039018;-6.849412922910986;0.0;0.0;0.0;0.0;0.0;120.13468245495278;421.56624512181537;5.008535701158015;413.64707090194275;-1.4122480738082634e-7
6156.0;0.0;-0.00016073863796956143;0.0;2.6727440588220612;0.0;0.0;0.0;0.0;0.0;0.0010420511227092223;1.8541182652436525;0.0;4.99424544039018;-6.849412922910986;0.0;0.0;0.0;0.0;0.0;120.13468245495278;421.56624512181537;5.008535701158015;413.64707090194275;-1.4122480738082634e-7
6157.0;0.0;-0.00016073863796956143;0.0;2.6727440588220612;0.0;0.0;0.0;0.0;0.0;0.0010420511227092223;1.8541182652436525;0.0;4.99424544039018;-6.849412922910986;0.0;0.0;0.0;0.0;0.0;120.13468245495278;421.56624512181537;5.008535701158015;413.64707090194275;-1.4122480738082634e-7
6158.0;0.0;-0.00016073863796956143;0.0;2.6727440588220612;0.0;0.0;0.0;0.0;0.0;0.0010420511227092223;1.8541182652436525;0.0;4.99424544039018;-6.849412922910986;0.0;0.0;0.0;0.0;0.0;120.13468245495278;421.56624512181537;5.008535701158015;413.64707090194275;-1.4122480738082634e-7
6159.0;0.0;-0.00016073863796956143;0.0;2.6727440588220612;0.0;0.0;0.0;0.0;0.0;0.0010420511227092223;1.8541182652436525;0.0;4.99424544039018;-6.849412922910986;0.0;0.0;0.0;0.0;0.0;120.13468245495278;421.56624512181537;5.008535701158015;413.64707090194275;-1.4122480738082634e-7
6160.0;0.0;-0.00016073863796956143;0.0;2.6727440588220612;0.0;0.0;0.0;0.0;0.0;0.0010420511227092223;1.8541182652436525;0.0;4.99424544039018;-6.849412922910986;0.0;0.0;0.0;0.0;0.0;120.13468245495278;421.56624512181537;5.008535701158015;413.64707090194275;-1.4122480738082634e-7
6161.0;0.0;-0.00016073863796956143;0.0;2.6727440588220612;0.0;0.0;0.0;0.0;0.0;0.0010420511227092223;1.8541182652436525;0.0;4.99424544039018;-6.849412922910986;0.0;0.0;0.0;0.0;0.0;120.13468245495278;421.56624512181537;5.008535701158015;413.64707090194275;-1.4122480738082634e-7
6162.0;0.0;-0.00016073863796956143;0.0;2.6727440588220612;0.0;0.0;0.0;0.0;0.0;0.0010420511227092223;1.8541182652436525;0.0;4.99424544039018;-6.849412922910986;0.0;0.0;0.0;0.0;0.0;120.13468245495278;421.56624512181537;5.008535701158015;413.64707090194275;-1.4122480738082634e-7
6163.0;0.0;-0.00016073863796956143;0.0;2.6727440588220612;0.0;0.0;0.0;0.0;0.0;0.0010420511227092223;1.8541182652436525;0.0;4.99424544039018;-6.849412922910986;0.0;0.0;0.0;0.0;0.0;120.13468245495278;421.56624512181537;5.008535701158015;413.64707090194275;-1.4122480738082634e-7
6164.0;0.0;-0.00016073863796956143;0.0;2.6727440588220612;0.0;0.0;0.0;0.0;0.0;0.0010420511227092223;1.8541182652436525;0.0;4.99424544039018;-6.849412922910986;0.0;0.0;0.0;0.0;0.0;120.13468245495278;421.56624512181537;5.008535701158015;413.64707090194275;-1.4122480738082634e-7
6165.0;0.0;-0.00016073863796956143;0.0;2.6727440588220612;0.0;0.0;0.0;0.0;0.0;0.0010420511227092223;1.8541182652436525;0.0;4.99424544039018;-6.849412922910986;0.0;0.0;0.0;0.0;0.0;120.13468245495278;421.56624512181537;5.008535701158015;413.64707090194275;-1.4122480738082634e-7
6166.0;0.0;-0.00016073863796956143;0.0;2.6727440588220612;0.0;0.0;0.0;0.0;0.0;0.0010420511227092223;1.8541182652436525;0.0;4.99424544039018;-6.849412922910986;0.0;0.0;0.0;0.0;0.0;120.13468245495278;421.56624512181537;5.008535701158015;413.64707090194275;-1.4122480738082634e-7
6167.0;0.0;-0.00016073863796956143;0.0;2.6727440588220612;0.0;0.0;0.0;0.0;0.0;0.0010420511227092223;1.8541182652436525;0.0;4.99424544039018;-6.849412922910986;0.0;0.0;0.0;0.0;0.0;120.13468245495278;421.56624512181537;5.008535701158015;413.64707090194275;-1.4122480738082634e-7
6168.0;0.0;-0.00016073863796956143;0.0;2.6727440588220612;0.0;0.0;0.0;0.0;0.0;0.0010420511227092223;1.8541182652436525;0.0;4.99424544039018;-6.849412922910986;0.0;0.0;0.0;0.0;0.0;120.13468245495278;421.56624512181537;5.008535701158015;413.64707090194275;-1.4122480738082634e-7
6169.0;0.0;0.00047438791550577866;0.0;2.6727440588220612;0.0;0.0;0.0;0.0;0.0;0.006855305860682511;2.0311087957006886;2.9825943373066884e-10;4.797048486903635;-6.834884564195149;0.0;0.0;0.0;0.0;0.0;120.13468245495278;421.56624512181537;5.008535701158015;413.64707090194275;-1.4122480738082634e-7
6170.0;0.0;0.00047438791550577866;0.0;2.6727440588220612;0.0;0.0;0.0;0.0;0.0;0.006855305860682511;2.0311087957006886;2.9825943373066884e-10;4.797048486903635;-6.834884564195149;0.0;0.0;0.0;0.0;0.0;120.13468245495278;421.56624512181537;5.008535701158015;413.64707090194275;-1.4122480738082634e-7
6171.0;0.0;0.00047438791550577866;0.0;2.6727440588220612;0.0;0.0;0.0;0.0;0.0;0.006855305860682511;2.0311087957006886;2.9825943373066884e-10;4.797048486903635;-6.834884564195149;0.0;0.0;0.0;0.0;0.0;120.13468245495278;421.56624512181537;5.008535701158015;413.64707090194275;-1.4122480738082634e-7
6172.0;0.0;0.00047438791550577866;0.0;2.6727440588220612;0.0;0.0;0.0;0.0;0.0;0.006855305860682511;2.0311087957006886;2.9825943373066884e-10;4.797048486903635;-6.834884564195149;0.0;0.0;0.0;0.0;0.0;120.13468245495278;421.56624512181537;5.008535701158015;413.64707090194275;-1.4122480738082634e-7
6173.0;0.0;0.00047438791550577866;0.0;2.6727440588220612;0.0;0.0;0.0;0.0;0.0;0.006855305860682511;2.0311087957006886;2.9825943373066884e-10;4.797048486903635;-6.834884564195149;0.0;0.0;0.0;0.0;0.0;120.13468245495278;421.56624512181537;5.008535701158015;413.64707090194275;-1.4122480738082634e-7
6174.0;0.0;0.00047438791550577866;0.0;2.6727440588220612;0.0;0.0;0.0;0.0;0.0;0.006855305860682511;2.0311087957006886;2.9825943373066884e-10;4.797048486903635;-6.834884564195149;0.0;0.0;0.0;0.0;0.0;120.13468245495278;421.56624512181537;5.008535701158015;413.64707090194275;-1.4122480738082634e-7
6175.0;0.0;0.00047438791550577866;0.0;2.6727440588220612;0.0;0.0;0.0;0.0;0.0;0.006855305860682511;2.0311087957006886;2.9825943373066884e-10;4.797048486903635;-6.834884564195149;0.0;0.0;0.0;0.0;0.0;120.13468245495278;421.56624512181537;5.008535701158015;413.64707090194275;-1.4122480738082634e-7
6176.0;0.0;0.00047438791550577866;0.0;2.6727440588220612;0.0;0.0;0.0;0.0;0.0;0.006855305860682511;2.0311087957006886;2.9825943373066884e-10;4.797048486903635;-6.834884564195149;0.0;0.0;0.0;0.0;0.0;120.13468245495278;421.56624512181537;5.008535701158015;413.64707090194275;-1.4122480738082634e-7
6177.0;0.0;0.00047438791550577866;0.0;2.6727440588220612;0.0;0.0;0.0;0.0;0.0;0.006855305860682511;2.0311087957006886;2.9825943373066884e-10;4.797048486903635;-6.834884564195149;0.0;0.0;0.0;0.0;0.0;120.13468245495278;421.56624512181537;5.008535701158015;413.64707090194275;-1.4122480738082634e-7
6178.0;0.0;0.00047438791550577866;0.0;2.6727440588220612;0.0;0.0;0.0;0.0;0.0;0.006855305860682511;2.0311087957006886;2.9825943373066884e-10;4.797048486903635;-6.834884564195149;0.0;0.0;0.0;0.0;0.0;120.13468245495278;421.56624512181537;5.008535701158015;413.64707090194275;-1.4122480738082634e-7
6179.0;0.0;0.00047438791550577866;0.0;2.6727440588220612;0.0;0.0;0.0;0.0;0.0;0.006855305860682511;2.0311087957006886;2.9825943373066884e-10;4.797048486903635;-6.834884564195149;0.0;0.0;0.0;0.0;0.0;120.13468245495278;421.56624512181537;5.008535701158015;413.64707090194275;-1.4122480738082634e-7
6180.0;0.0;0.00047438791550577866;0.0;2.6727440588220612;0.0;0.0;0.0;0.0;0.0;0.006855305860682511;2.0311087957006886;2.9825943373066884e-10;4.797048486903635;-6.834884564195149;0.0;0.0;0.0;0.0;0.0;120.13468245495278;421.56624512181537;5.008535701158015;413.64707090194275;-1.4122480738082634e-7
6181.0;0.0;0.00047438791550577866;0.0;2.6727440588220612;0.0;0.0;0.0;0.0;0.0;0.006855305860682511;2.0311087957006886;2.9825943373066884e-10;4.797048486903635;-6.834884564195149;0.0;0.0;0.0;0.0;0.0;120.13468245495278;421.56624512181537;5.008535701158015;413.64707090194275;-1.4122480738082634e-7
6182.0;0.0;0.00047438791550577866;0.0;2.6727440588220612;0.0;0.0;0.0;0.0;0.0;0.006855305860682511;2.0311087957006886;2.9825943373066884e-10;4.797048486903635;-6.834884564195149;0.0;0.0;0.0;0.0;0.0;120.13468245495278;421.56624512181537;5.008535701158015;413.64707090194275;-1.4122480738082634e-7
6183.0;0.0;0.00047438791550577866;0.0;2.6727440588220612;0.0;0.0;0.0;0.0;0.0;0.006855305860682511;2.0311087957006886;2.9825943373066884e-10;4.797048486903635;-6.834884564195149;0.0;0.0;0.0;0.0;0.0;120.13468245495278;421.56624512181537;5.008535701158015;413.64707090194275;-1.4122480738082634e-7
6184.0;0.0;0.00047438791550577866;0.0;2.6727440588220612;0.0;0.0;0.0;0.0;0.0;0.006855305860682511;2.0311087957006886;2.9825943373066884e-10;4.797048486903635;-6.834884564195149;0.0;0.0;0.0;0.0;0.0;120.13468245495278;421.56624512181537;5.008535701158015;413.64707090194275;-1.4122480738082634e-7
6185.0;0.0;0.00047438791550577866;0.0;2.6727440588220612;0.0;0.0;0.0;0.0;0.0;0.006855305860682511;2.0311087957006886;2.9825943373066884e-10;4.797048486903635;-6.834884564195149;0.0;0.0;0.0;0.0;0.0;120.13468245495278;421.56624512181537;5.008535701158015;413.64707090194275;-1.4122480738082634e-7
6186.0;0.0;0.00047438791550577866;0.0;2.6727440588220612;0.0;0.0;0.0;0.0;0.0;0.006855305860682511;2.0311087957006886;2.9825943373066884e-10;4.797048486903635;-6.834884564195149;0.0;0.0;0.0;0.0;0.0;120.13468245495278;421.56624512181537;5.008535701158015;413.64707090194275;-1.4122480738082634e-7
6187.0;0.0;0.00047438791550577866;0.0;2.6727440588220612;0.0;0.0;0.0;0.0;0.0;0.006855305860682511;2.0311087957006886;2.9825943373066884e-10;4.797048486903635;-6.834884564195149;0.0;0.0;0.0;0.0;0.0;120.13468245495278;421.56624512181537;5.008535701158015;413.64707090194275;-1.4122480738082634e-7
6188.0;0.0;0.00047438791550577866;0.0;2.6727440588220612;0.0;0.0;0.0;0.0;0.0;0.006855305860682511;2.0311087957006886;2.9825943373066884e-10;4.797048486903635;-6.834884564195149;0.0;0.0;0.0;0.0;0.0;120.13468245495278;421.56624512181537;5.008535701158015;413.64707090194275;-1.4122480738082634e-7
6189.0;0.0;0.00047438791550577866;0.0;2.6727440588220612;0.0;0.0;0.0;0.0;0.0;0.006855305860682511;2.0311087957006886;2.9825943373066884e-10;4.797048486903635;-6.834884564195149;0.0;0.0;0.0;0.0;0.0;120.13468245495278;421.56624512181537;5.008535701158015;413.64707090194275;-1.4122480738082634e-7
6190.0;0.0;0.00047438791550577866;0.0;2.6727440588220612;0.0;0.0;0.0;0.0;0.0;0.006855305860682511;2.0311087957006886;2.9825943373066884e-10;4.797048486903635;-6.834884564195149;0.0;0.0;0.0;0.0;0.0;120.13468245495278;421.56624512181537;5.008535701158015;413.64707090194275;-1.4122480738082634e-7
6191.0;0.0;0.00047438791550577866;0.0;2.6727440588220612;0.0;0.0;0.0;0.0;0.0;0.006855305860682511;2.0311087957006886;2.9825943373066884e-10;4.797048486903635;-6.834884564195149;0.0;0.0;0.0;0.0;0.0;120.13468245495278;421.56624512181537;5.008535701158015;413.64707090194275;-1.4122480738082634e-7
6192.0;0.0;0.00047438791550577866;0.0;2.6727440588220612;0.0;0.0;0.0;0.0;0.0;0.006855305860682511;2.0311087957006886;2.9825943373066884e-10;4.797048486903635;-6.834884564195149;0.0;0.0;0.0;0.0;0.0;120.13468245495278;421.56624512181537;5.008535701158015;413.64707090194275;-1.4122480738082634e-7
6193.0;0.0;-0.00019601925974338714;0.0;2.6727440588220612;0.0;0.0;0.0;0.0;0.0;0.0010850601995145595;4.458999497492703;0.0;2.388343105241601;-6.848337582688344;0.0;0.0;0.0;0.0;0.0;120.13468245495278;421.56624512181537;5.008535701158015;413.64707090194275;-1.4122480738082634e-7
6194.0;0.0;-0.00019601925974338714;0.0;2.6727440588220612;0.0;0.0;0.0;0.0;0.0;0.0010850601995145595;4.458999497492703;0.0;2.388343105241601;-6.848337582688344;0.0;0.0;0.0;0.0;0.0;120.13468245495278;421.56624512181537;5.008535701158015;413.64707090194275;-1.4122480738082634e-7
6195.0;0.0;-0.00019601925974338714;0.0;2.6727440588220612;0.0;0.0;0.0;0.0;0.0;0.0010850601995145595;4.458999497492703;0.0;2.388343105241601;-6.848337582688344;0.0;0.0;0.0;0.0;0.0;120.13468245495278;421.56624512181537;5.008535701158015;413.64707090194275;-1.4122480738082634e-7
6196.0;0.0;-0.00019601925974338714;0.0;2.6727440588220612;0.0;0.0;0.0;0.0;0.0;0.0010850601995145595;4.458999497492703;0.0;2.388343105241601;-6.848337582688344;0.0;0.0;0.0;0.0;0.0;120.13468245495278;421.56624512181537;5.008535701158015;413.64707090194275;-1.4122480738082634e-7
6197.0;0.0;-0.00019601925974338714;0.0;2.6727440588220612;0.0;0.0;0.0;0.0;0.0;0.0010850601995145595;4.458999497492703;0.0;2.388343105241601;-6.848337582688344;0.0;0.0;0.0;0.0;0.0;120.13468245495278;421.56624512181537;5.008535701158015;413.64707090194275;-1.4122480738082634e-7
6198.0;0.0;-0.00019601925974338714;0.0;2.6727440588220612;0.0;0.0;0.0;0.0;0.0;0.0010850601995145595;4.458999497492703;0.0;2.388343105241601;-6.848337582688344;0.0;0.0;0.0;0.0;0.0;120.13468245495278;421.56624512181537;5.008535701158015;413.64707090194275;-1.4122480738082634e-7
6199.0;0.0;-0.00019601925974338714;0.0;2.6727440588220612;0.0;0.0;0.0;0.0;0.0;0.0010850601995145595;4.458999497492703;0.0;2.388343105241601;-6.848337582688344;0.0;0.0;0.0;0.0;0.0;120.13468245495278;421.56624512181537;5.008535701158015;413.64707090194275;-1.4122480738082634e-7
6200.0;0.0;-0.00019601925974338714;0.0;2.6727440588220612;0.0;0.0;0.0;0.0;0.0;0.0010850601995145595;4.458999497492703;0.0;2.388343105241601;-6.848337582688344;0.0;0.0;0.0;0.0;0.0;120.13468245495278;421.56624512181537;5.008535701158015;413.64707090194275;-1.4122480738082634e-7
6201.0;0.0;-0.00019601925974338714;0.0;2.6727440588220612;0.0;0.0;0.0;0.0;0.0;0.0010850601995145595;4.458999497492703;0.0;2.388343105241601;-6.848337582688344;0.0;0.0;0.0;0.0;0.0;120.13468245495278;421.56624512181537;5.008535701158015;413.64707090194275;-1.4122480738082634e-7
6202.0;0.0;-0.00019601925974338714;0.0;2.6727440588220612;0.0;0.0;0.0;0.0;0.0;0.0010850601995145595;4.458999497492703;0.0;2.388343105241601;-6.848337582688344;0.0;0.0;0.0;0.0;0.0;120.13468245495278;421.56624512181537;5.008535701158015;413.64707090194275;-1.4122480738082634e-7
6203.0;0.0;-0.00019601925974338714;0.0;2.6727440588220612;0.0;0.0;0.0;0.0;0.0;0.0010850601995145595;4.458999497492703;0.0;2.388343105241601;-6.848337582688344;0.0;0.0;0.0;0.0;0.0;120.13468245495278;421.56624512181537;5.008535701158015;413.64707090194275;-1.4122480738082634e-7
6204.0;0.0;-0.00019601925974338714;0.0;2.6727440588220612;0.0;0.0;0.0;0.0;0.0;0.0010850601995145595;4.458999497492703;0.0;2.388343105241601;-6.848337582688344;0.0;0.0;0.0;0.0;0.0;120.13468245495278;421.56624512181537;5.008535701158015;413.64707090194275;-1.4122480738082634e-7
6205.0;0.0;-0.00019601925974338714;0.0;2.6727440588220612;0.0;0.0;0.0;0.0;0.0;0.0010850601995145595;4.458999497492703;0.0;2.388343105241601;-6.848337582688344;0.0;0.0;0.0;0.0;0.0;120.13468245495278;421.56624512181537;5.008535701158015;413.64707090194275;-1.4122480738082634e-7
6206.0;0.0;-0.00019601925974338714;0.0;2.6727440588220612;0.0;0.0;0.0;0.0;0.0;0.0010850601995145595;4.458999497492703;0.0;2.388343105241601;-6.848337582688344;0.0;0.0;0.0;0.0;0.0;120.13468245495278;421.56624512181537;5.008535701158015;413.64707090194275;-1.4122480738082634e-7
6207.0;0.0;-0.00019601925974338714;0.0;2.6727440588220612;0.0;0.0;0.0;0.0;0.0;0.0010850601995145595;4.458999497492703;0.0;2.388343105241601;-6.848337582688344;0.0;0.0;0.0;0.0;0.0;120.13468245495278;421.56624512181537;5.008535701158015;413.64707090194275;-1.4122480738082634e-7
6208.0;0.0;-0.00019601925974338714;0.0;2.6727440588220612;0.0;0.0;0.0;0.0;0.0;0.0010850601995145595;4.458999497492703;0.0;2.388343105241601;-6.848337582688344;0.0;0.0;0.0;0.0;0.0;120.13468245495278;421.56624512181537;5.008535701158015;413.64707090194275;-1.4122480738082634e-7
6209.0;0.0;-0.00019601925974338714;0.0;2.6727440588220612;0.0;0.0;0.0;0.0;0.0;0.0010850601995145595;4.458999497492703;0.0;2.388343105241601;-6.848337582688344;0.0;0.0;0.0;0.0;0.0;120.13468245495278;421.56624512181537;5.008535701158015;413.64707090194275;-1.4122480738082634e-7
6210.0;0.0;-0.00019601925974338714;0.0;2.6727440588220612;0.0;0.0;0.0;0.0;0.0;0.0010850601995145595;4.458999497492703;0.0;2.388343105241601;-6.848337582688344;0.0;0.0;0.0;0.0;0.0;120.13468245495278;421.56624512181537;5.008535701158015;413.64707090194275;-1.4122480738082634e-7
6211.0;0.0;-0.00019601925974338714;0.0;2.6727440588220612;0.0;0.0;0.0;0.0;0.0;0.0010850601995145595;4.458999497492703;0.0;2.388343105241601;-6.848337582688344;0.0;0.0;0.0;0.0;0.0;120.13468245495278;421.56624512181537;5.008535701158015;413.64707090194275;-1.4122480738082634e-7
6212.0;0.0;-0.00019601925974338714;0.0;2.6727440588220612;0.0;0.0;0.0;0.0;0.0;0.0010850601995145595;4.458999497492703;0.0;2.388343105241601;-6.848337582688344;0.0;0.0;0.0;0.0;0.0;120.13468245495278;421.56624512181537;5.008535701158015;413.64707090194275;-1.4122480738082634e-7
6213.0;0.0;-0.00019601925974338714;0.0;2.6727440588220612;0.0;0.0;0.0;0.0;0.0;0.0010850601995145595;4.458999497492703;0.0;2.388343105241601;-6.848337582688344;0.0;0.0;0.0;0.0;0.0;120.13468245495278;421.56624512181537;5.008535701158015;413.64707090194275;-1.4122480738082634e-7
6214.0;0.0;-0.00019601925974338714;0.0;2.6727440588220612;0.0;0.0;0.0;0.0;0.0;0.0010850601995145595;4.458999497492703;0.0;2.388343105241601;-6.848337582688344;0.0;0.0;0.0;0.0;0.0;120.13468245495278;421.56624512181537;5.008535701158015;413.64707090194275;-1.4122480738082634e-7
6215.0;0.0;-0.00019601925974338714;0.0;2.6727440588220612;0.0;0.0;0.0;0.0;0.0;0.0010850601995145595;4.458999497492703;0.0;2.388343105241601;-6.848337582688344;0.0;0.0;0.0;0.0;0.0;120.13468245495278;421.56624512181537;5.008535701158015;413.64707090194275;-1.4122480738082634e-7
6216.0;0.0;-0.00019601925974338714;0.0;2.6727440588220612;0.0;0.0;0.0;0.0;0.0;0.0010850601995145595;4.458999497492703;0.0;2.388343105241601;-6.848337582688344;0.0;0.0;0.0;0.0;0.0;120.13468245495278;421.56624512181537;5.008535701158015;413.64707090194275;-1.4122480738082634e-7
6217.0;0.0;-0.00018442854493253867;0.0;2.6727440588220612;0.0;0.0;0.0;0.0;0.0;0.00020819040837086232;4.621233225119383;0.0;2.481242705500608;-7.102689213276537;0.0;0.0;0.0;0.0;0.0;120.13468245495278;421.56624512181537;5.008535701158015;413.64707090194275;-1.4122480738082634e-7
6218.0;0.0;-0.00018442854493253867;0.0;2.6727440588220612;0.0;0.0;0.0;0.0;0.0;0.00020819040837086232;4.621233225119383;0.0;2.481242705500608;-7.102689213276537;0.0;0.0;0.0;0.0;0.0;120.13468245495278;421.56624512181537;5.008535701158015;413.64707090194275;-1.4122480738082634e-7
6219.0;0.0;-0.00018442854493253867;0.0;2.6727440588220612;0.0;0.0;0.0;0.0;0.0;0.00020819040837086232;4.621233225119383;0.0;2.481242705500608;-7.102689213276537;0.0;0.0;0.0;0.0;0.0;120.13468245495278;421.56624512181537;5.008535701158015;413.64707090194275;-1.4122480738082634e-7
6220.0;0.0;-0.00018442854493253867;0.0;2.6727440588220612;0.0;0.0;0.0;0.0;0.0;0.00020819040837086232;4.621233225119383;0.0;2.481242705500608;-7.102689213276537;0.0;0.0;0.0;0.0;0.0;120.13468245495278;421.56624512181537;5.008535701158015;413.64707090194275;-1.4122480738082634e-7
6221.0;0.0;-0.00018442854493253867;0.0;2.6727440588220612;0.0;0.0;0.0;0.0;0.0;0.00020819040837086232;4.621233225119383;0.0;2.481242705500608;-7.102689213276537;0.0;0.0;0.0;0.0;0.0;120.13468245495278;421.56624512181537;5.008535701158015;413.64707090194275;-1.4122480738082634e-7
6222.0;0.0;-0.00018442854493253867;0.0;2.6727440588220612;0.0;0.0;0.0;0.0;0.0;0.00020819040837086232;4.621233225119383;0.0;2.481242705500608;-7.102689213276537;0.0;0.0;0.0;0.0;0.0;120.13468245495278;421.56624512181537;5.008535701158015;413.64707090194275;-1.4122480738082634e-7
6223.0;0.0;-0.00018442854493253867;0.0;2.6727440588220612;0.0;0.0;0.0;0.0;0.0;0.00020819040837086232;4.621233225119383;0.0;2.481242705500608;-7.102689213276537;0.0;0.0;0.0;0.0;0.0;120.13468245495278;421.56624512181537;5.008535701158015;413.64707090194275;-1.4122480738082634e-7
6224.0;0.0;-0.00018442854493253867;0.0;2.6727440588220612;0.0;0.0;0.0;0.0;0.0;0.00020819040837086232;4.621233225119383;0.0;2.481242705500608;-7.102689213276537;0.0;0.0;0.0;0.0;0.0;120.13468245495278;421.56624512181537;5.008535701158015;413.64707090194275;-1.4122480738082634e-7
6225.0;0.0;-0.00018442854493253867;0.0;2.6727440588220612;0.0;0.0;0.0;0.0;0.0;0.00020819040837086232;4.621233225119383;0.0;2.481242705500608;-7.102689213276537;0.0;0.0;0.0;0.0;0.0;120.13468245495278;421.56624512181537;5.008535701158015;413.64707090194275;-1.4122480738082634e-7
6226.0;0.0;-0.00018442854493253867;0.0;2.6727440588220612;0.0;0.0;0.0;0.0;0.0;0.00020819040837086232;4.621233225119383;0.0;2.481242705500608;-7.102689213276537;0.0;0.0;0.0;0.0;0.0;120.13468245495278;421.56624512181537;5.008535701158015;413.64707090194275;-1.4122480738082634e-7
6227.0;0.0;-0.00018442854493253867;0.0;2.6727440588220612;0.0;0.0;0.0;0.0;0.0;0.00020819040837086232;4.621233225119383;0.0;2.481242705500608;-7.102689213276537;0.0;0.0;0.0;0.0;0.0;120.13468245495278;421.56624512181537;5.008535701158015;413.64707090194275;-1.4122480738082634e-7
6228.0;0.0;-0.00018442854493253867;0.0;2.6727440588220612;0.0;0.0;0.0;0.0;0.0;0.00020819040837086232;4.621233225119383;0.0;2.481242705500608;-7.102689213276537;0.0;0.0;0.0;0.0;0.0;120.13468245495278;421.56624512181537;5.008535701158015;413.64707090194275;-1.4122480738082634e-7
6229.0;0.0;-0.00018442854493253867;0.0;2.6727440588220612;0.0;0.0;0.0;0.0;0.0;0.00020819040837086232;4.621233225119383;0.0;2.481242705500608;-7.102689213276537;0.0;0.0;0.0;0.0;0.0;120.13468245495278;421.56624512181537;5.008535701158015;413.64707090194275;-1.4122480738082634e-7
6230.0;0.0;-0.00018442854493253867;0.0;2.6727440588220612;0.0;0.0;0.0;0.0;0.0;0.00020819040837086232;4.621233225119383;0.0;2.481242705500608;-7.102689213276537;0.0;0.0;0.0;0.0;0.0;120.13468245495278;421.56624512181537;5.008535701158015;413.64707090194275;-1.4122480738082634e-7
6231.0;0.0;-0.00018442854493253867;0.0;2.6727440588220612;0.0;0.0;0.0;0.0;0.0;0.00020819040837086232;4.621233225119383;0.0;2.481242705500608;-7.102689213276537;0.0;0.0;0.0;0.0;0.0;120.13468245495278;421.56624512181537;5.008535701158015;413.64707090194275;-1.4122480738082634e-7
6232.0;0.0;-0.00018442854493253867;0.0;2.6727440588220612;0.0;0.0;0.0;0.0;0.0;0.00020819040837086232;4.621233225119383;0.0;2.481242705500608;-7.102689213276537;0.0;0.0;0.0;0.0;0.0;120.13468245495278;421.56624512181537;5.008535701158015;413.64707090194275;-1.4122480738082634e-7
6233.0;0.0;-0.00018442854493253867;0.0;2.6727440588220612;0.0;0.0;0.0;0.0;0.0;0.00020819040837086232;4.621233225119383;0.0;2.481242705500608;-7.102689213276537;0.0;0.0;0.0;0.0;0.0;120.13468245495278;421.56624512181537;5.008535701158015;413.64707090194275;-1.4122480738082634e-7
6234.0;0.0;-0.00018442854493253867;0.0;2.6727440588220612;0.0;0.0;0.0;0.0;0.0;0.00020819040837086232;4.621233225119383;0.0;2.481242705500608;-7.102689213276537;0.0;0.0;0.0;0.0;0.0;120.13468245495278;421.56624512181537;5.008535701158015;413.64707090194275;-1.4122480738082634e-7
6235.0;0.0;-0.00018442854493253867;0.0;2.6727440588220612;0.0;0.0;0.0;0.0;0.0;0.00020819040837086232;4.621233225119383;0.0;2.481242705500608;-7.102689213276537;0.0;0.0;0.0;0.0;0.0;120.13468245495278;421.56624512181537;5.008535701158015;413.64707090194275;-1.4122480738082634e-7
6236.0;0.0;-0.00018442854493253867;0.0;2.6727440588220612;0.0;0.0;0.0;0.0;0.0;0.00020819040837086232;4.621233225119383;0.0;2.481242705500608;-7.102689213276537;0.0;0.0;0.0;0.0;0.0;120.13468245495278;421.56624512181537;5.008535701158015;413.64707090194275;-1.4122480738082634e-7
6237.0;0.0;-0.00018442854493253867;0.0;2.6727440588220612;0.0;0.0;0.0;0.0;0.0;0.00020819040837086232;4.621233225119383;0.0;2.481242705500608;-7.102689213276537;0.0;0.0;0.0;0.0;0.0;120.13468245495278;421.56624512181537;5.008535701158015;413.64707090194275;-1.4122480738082634e-7
6238.0;0.0;-0.00018442854493253867;0.0;2.6727440588220612;0.0;0.0;0.0;0.0;0.0;0.00020819040837086232;4.621233225119383;0.0;2.481242705500608;-7.102689213276537;0.0;0.0;0.0;0.0;0.0;120.13468245495278;421.56624512181537;5.008535701158015;413.64707090194275;-1.4122480738082634e-7
6239.0;0.0;-0.00018442854493253867;0.0;2.6727440588220612;0.0;0.0;0.0;0.0;0.0;0.00020819040837086232;4.621233225119383;0.0;2.481242705500608;-7.102689213276537;0.0;0.0;0.0;0.0;0.0;120.13468245495278;421.56624512181537;5.008535701158015;413.64707090194275;-1.4122480738082634e-7
6240.0;0.0;-0.00018442854493253867;0.0;2.6727440588220612;0.0;0.0;0.0;0.0;0.0;0.00020819040837086232;4.621233225119383;0.0;2.481242705500608;-7.102689213276537;0.0;0.0;0.0;0.0;0.0;120.13468245495278;421.56624512181537;5.008535701158015;413.64707090194275;-1.4122480738082634e-7
6241.0;0.0;-0.00013890543459452135;0.0;2.6727440588220612;0.0;0.0;0.0;0.0;0.0;0.0003066421114941807;4.622203210302688;0.0;2.5075856682964384;-7.130095582945404;0.0;0.0;0.0;0.0;0.0;120.13468245495278;421.56624512181537;5.008535701158015;413.64707090194275;-1.4122480738082634e-7
6242.0;0.0;-0.00013890543459452135;0.0;2.6727440588220612;0.0;0.0;0.0;0.0;0.0;0.0003066421114941807;4.622203210302688;0.0;2.5075856682964384;-7.130095582945404;0.0;0.0;0.0;0.0;0.0;120.13468245495278;421.56624512181537;5.008535701158015;413.64707090194275;-1.4122480738082634e-7
6243.0;0.0;-0.00013890543459452135;0.0;2.6727440588220612;0.0;0.0;0.0;0.0;0.0;0.0003066421114941807;4.622203210302688;0.0;2.5075856682964384;-7.130095582945404;0.0;0.0;0.0;0.0;0.0;120.13468245495278;421.56624512181537;5.008535701158015;413.64707090194275;-1.4122480738082634e-7
6244.0;0.0;-0.00013890543459452135;0.0;2.6727440588220612;0.0;0.0;0.0;0.0;0.0;0.0003066421114941807;4.622203210302688;0.0;2.5075856682964384;-7.130095582945404;0.0;0.0;0.0;0.0;0.0;120.13468245495278;421.56624512181537;5.008535701158015;413.64707090194275;-1.4122480738082634e-7
6245.0;0.0;-0.00013890543459452135;0.0;2.6727440588220612;0.0;0.0;0.0;0.0;0.0;0.0003066421114941807;4.622203210302688;0.0;2.5075856682964384;-7.130095582945404;0.0;0.0;0.0;0.0;0.0;120.13468245495278;421.56624512181537;5.008535701158015;413.64707090194275;-1.4122480738082634e-7
6246.0;0.0;-0.00013890543459452135;0.0;2.6727440588220612;0.0;0.0;0.0;0.0;0.0;0.0003066421114941807;4.622203210302688;0.0;2.5075856682964384;-7.130095582945404;0.0;0.0;0.0;0.0;0.0;120.13468245495278;421.56624512181537;5.008535701158015;413.64707090194275;-1.4122480738082634e-7
6247.0;0.0;-0.00013890543459452135;0.0;2.6727440588220612;0.0;0.0;0.0;0.0;0.0;0.0003066421114941807;4.622203210302688;0.0;2.5075856682964384;-7.130095582945404;0.0;0.0;0.0;0.0;0.0;120.13468245495278;421.56624512181537;5.008535701158015;413.64707090194275;-1.4122480738082634e-7
6248.0;0.0;-0.00013890543459452135;0.0;2.6727440588220612;0.0;0.0;0.0;0.0;0.0;0.0003066421114941807;4.622203210302688;0.0;2.5075856682964384;-7.130095582945404;0.0;0.0;0.0;0.0;0.0;120.13468245495278;421.56624512181537;5.008535701158015;413.64707090194275;-1.4122480738082634e-7
6249.0;0.0;-0.00013890543459452135;0.0;2.6727440588220612;0.0;0.0;0.0;0.0;0.0;0.0003066421114941807;4.622203210302688;0.0;2.5075856682964384;-7.130095582945404;0.0;0.0;0.0;0.0;0.0;120.13468245495278;421.56624512181537;5.008535701158015;413.64707090194275;-1.4122480738082634e-7
6250.0;0.0;-0.00013890543459452135;0.0;2.6727440588220612;0.0;0.0;0.0;0.0;0.0;0.0003066421114941807;4.622203210302688;0.0;2.5075856682964384;-7.130095582945404;0.0;0.0;0.0;0.0;0.0;120.13468245495278;421.56624512181537;5.008535701158015;413.64707090194275;-1.4122480738082634e-7
6251.0;0.0;-0.00013890543459452135;0.0;2.6727440588220612;0.0;0.0;0.0;0.0;0.0;0.0003066421114941807;4.622203210302688;0.0;2.5075856682964384;-7.130095582945404;0.0;0.0;0.0;0.0;0.0;120.13468245495278;421.56624512181537;5.008535701158015;413.64707090194275;-1.4122480738082634e-7
6252.0;0.0;-0.00013890543459452135;0.0;2.6727440588220612;0.0;0.0;0.0;0.0;0.0;0.0003066421114941807;4.622203210302688;0.0;2.5075856682964384;-7.130095582945404;0.0;0.0;0.0;0.0;0.0;120.13468245495278;421.56624512181537;5.008535701158015;413.64707090194275;-1.4122480738082634e-7
6253.0;0.0;-0.00013890543459452135;0.0;2.6727440588220612;0.0;0.0;0.0;0.0;0.0;0.0003066421114941807;4.622203210302688;0.0;2.5075856682964384;-7.130095582945404;0.0;0.0;0.0;0.0;0.0;120.13468245495278;421.56624512181537;5.008535701158015;413.64707090194275;-1.4122480738082634e-7
6254.0;0.0;-0.00013890543459452135;0.0;2.6727440588220612;0.0;0.0;0.0;0.0;0.0;0.0003066421114941807;4.622203210302688;0.0;2.5075856682964384;-7.130095582945404;0.0;0.0;0.0;0.0;0.0;120.13468245495278;421.56624512181537;5.008535701158015;413.64707090194275;-1.4122480738082634e-7
6255.0;0.0;-0.00013890543459452135;0.0;2.6727440588220612;0.0;0.0;0.0;0.0;0.0;0.0003066421114941807;4.622203210302688;0.0;2.5075856682964384;-7.130095582945404;0.0;0.0;0.0;0.0;0.0;120.13468245495278;421.56624512181537;5.008535701158015;413.64707090194275;-1.4122480738082634e-7
6256.0;0.0;-0.00013890543459452135;0.0;2.6727440588220612;0.0;0.0;0.0;0.0;0.0;0.0003066421114941807;4.622203210302688;0.0;2.5075856682964384;-7.130095582945404;0.0;0.0;0.0;0.0;0.0;120.13468245495278;421.56624512181537;5.008535701158015;413.64707090194275;-1.4122480738082634e-7
6257.0;0.0;-0.00013890543459452135;0.0;2.6727440588220612;0.0;0.0;0.0;0.0;0.0;0.0003066421114941807;4.622203210302688;0.0;2.5075856682964384;-7.130095582945404;0.0;0.0;0.0;0.0;0.0;120.13468245495278;421.56624512181537;5.008535701158015;413.64707090194275;-1.4122480738082634e-7
6258.0;0.0;-0.00013890543459452135;0.0;2.6727440588220612;0.0;0.0;0.0;0.0;0.0;0.0003066421114941807;4.622203210302688;0.0;2.5075856682964384;-7.130095582945404;0.0;0.0;0.0;0.0;0.0;120.13468245495278;421.56624512181537;5.008535701158015;413.64707090194275;-1.4122480738082634e-7
6259.0;0.0;-0.00013890543459452135;0.0;2.6727440588220612;0.0;0.0;0.0;0.0;0.0;0.0003066421114941807;4.622203210302688;0.0;2.5075856682964384;-7.130095582945404;0.0;0.0;0.0;0.0;0.0;120.13468245495278;421.56624512181537;5.008535701158015;413.64707090194275;-1.4122480738082634e-7
6260.0;0.0;-0.00013890543459452135;0.0;2.6727440588220612;0.0;0.0;0.0;0.0;0.0;0.0003066421114941807;4.622203210302688;0.0;2.5075856682964384;-7.130095582945404;0.0;0.0;0.0;0.0;0.0;120.13468245495278;421.56624512181537;5.008535701158015;413.64707090194275;-1.4122480738082634e-7
6261.0;0.0;-0.00013890543459452135;0.0;2.6727440588220612;0.0;0.0;0.0;0.0;0.0;0.0003066421114941807;4.622203210302688;0.0;2.5075856682964384;-7.130095582945404;0.0;0.0;0.0;0.0;0.0;120.13468245495278;421.56624512181537;5.008535701158015;413.64707090194275;-1.4122480738082634e-7
6262.0;0.0;-0.00013890543459452135;0.0;2.6727440588220612;0.0;0.0;0.0;0.0;0.0;0.0003066421114941807;4.622203210302688;0.0;2.5075856682964384;-7.130095582945404;0.0;0.0;0.0;0.0;0.0;120.13468245495278;421.56624512181537;5.008535701158015;413.64707090194275;-1.4122480738082634e-7
6263.0;0.0;-0.00013890543459452135;0.0;2.6727440588220612;0.0;0.0;0.0;0.0;0.0;0.0003066421114941807;4.622203210302688;0.0;2.5075856682964384;-7.130095582945404;0.0;0.0;0.0;0.0;0.0;120.13468245495278;421.56624512181537;5.008535701158015;413.64707090194275;-1.4122480738082634e-7
6264.0;0.0;-0.00013890543459452135;0.0;2.6727440588220612;0.0;0.0;0.0;0.0;0.0;0.0003066421114941807;4.622203210302688;0.0;2.5075856682964384;-7.130095582945404;0.0;0.0;0.0;0.0;0.0;120.13468245495278;421.56624512181537;5.008535701158015;413.64707090194275;-1.4122480738082634e-7
6265.0;0.0;-0.00023418776034196253;0.0;2.6727440588220612;0.0;0.0;0.0;0.0;0.0;0.0511713736071576;4.446733039837311;0.0;2.2428963034132243;-6.739715894731374;0.0;0.0;0.0;0.0;0.0;120.13468245495278;421.56624512181537;5.008535701158015;413.64707090194275;-1.4122480738082634e-7
6266.0;0.0;-0.00023418776034196253;0.0;2.6727440588220612;0.0;0.0;0.0;0.0;0.0;0.0511713736071576;4.446733039837311;0.0;2.2428963034132243;-6.739715894731374;0.0;0.0;0.0;0.0;0.0;120.13468245495278;421.56624512181537;5.008535701158015;413.64707090194275;-1.4122480738082634e-7
6267.0;0.0;-0.00023418776034196253;0.0;2.6727440588220612;0.0;0.0;0.0;0.0;0.0;0.0511713736071576;4.446733039837311;0.0;2.2428963034132243;-6.739715894731374;0.0;0.0;0.0;0.0;0.0;120.13468245495278;421.56624512181537;5.008535701158015;413.64707090194275;-1.4122480738082634e-7
6268.0;0.0;-0.00023418776034196253;0.0;2.6727440588220612;0.0;0.0;0.0;0.0;0.0;0.0511713736071576;4.446733039837311;0.0;2.2428963034132243;-6.739715894731374;0.0;0.0;0.0;0.0;0.0;120.13468245495278;421.56624512181537;5.008535701158015;413.64707090194275;-1.4122480738082634e-7
6269.0;0.0;-0.00023418776034196253;0.0;2.6727440588220612;0.0;0.0;0.0;0.0;0.0;0.0511713736071576;4.446733039837311;0.0;2.2428963034132243;-6.739715894731374;0.0;0.0;0.0;0.0;0.0;120.13468245495278;421.56624512181537;5.008535701158015;413.64707090194275;-1.4122480738082634e-7
6270.0;0.0;-0.00023418776034196253;0.0;2.6727440588220612;0.0;0.0;0.0;0.0;0.0;0.0511713736071576;4.446733039837311;0.0;2.2428963034132243;-6.739715894731374;0.0;0.0;0.0;0.0;0.0;120.13468245495278;421.56624512181537;5.008535701158015;413.64707090194275;-1.4122480738082634e-7
6271.0;0.0;-0.00023418776034196253;0.0;2.6727440588220612;0.0;0.0;0.0;0.0;0.0;0.0511713736071576;4.446733039837311;0.0;2.2428963034132243;-6.739715894731374;0.0;0.0;0.0;0.0;0.0;120.13468245495278;421.56624512181537;5.008535701158015;413.64707090194275;-1.4122480738082634e-7
6272.0;0.0;-0.00023418776034196253;0.0;2.6727440588220612;0.0;0.0;0.0;0.0;0.0;0.0511713736071576;4.446733039837311;0.0;2.2428963034132243;-6.739715894731374;0.0;0.0;0.0;0.0;0.0;120.13468245495278;421.56624512181537;5.008535701158015;413.64707090194275;-1.4122480738082634e-7
6273.0;0.0;-0.00023418776034196253;0.0;2.6727440588220612;0.0;0.0;0.0;0.0;0.0;0.0511713736071576;4.446733039837311;0.0;2.2428963034132243;-6.739715894731374;0.0;0.0;0.0;0.0;0.0;120.13468245495278;421.56624512181537;5.008535701158015;413.64707090194275;-1.4122480738082634e-7
6274.0;0.0;-0.00023418776034196253;0.0;2.6727440588220612;0.0;0.0;0.0;0.0;0.0;0.0511713736071576;4.446733039837311;0.0;2.2428963034132243;-6.739715894731374;0.0;0.0;0.0;0.0;0.0;120.13468245495278;421.56624512181537;5.008535701158015;413.64707090194275;-1.4122480738082634e-7
6275.0;0.0;-0.00023418776034196253;0.0;2.6727440588220612;0.0;0.0;0.0;0.0;0.0;0.0511713736071576;4.446733039837311;0.0;2.2428963034132243;-6.739715894731374;0.0;0.0;0.0;0.0;0.0;120.13468245495278;421.56624512181537;5.008535701158015;413.64707090194275;-1.4122480738082634e-7
6276.0;0.0;-0.00023418776034196253;0.0;2.6727440588220612;0.0;0.0;0.0;0.0;0.0;0.0511713736071576;4.446733039837311;0.0;2.2428963034132243;-6.739715894731374;0.0;0.0;0.0;0.0;0.0;120.13468245495278;421.56624512181537;5.008535701158015;413.64707090194275;-1.4122480738082634e-7
6277.0;0.0;-0.00023418776034196253;0.0;2.6727440588220612;0.0;0.0;0.0;0.0;0.0;0.0511713736071576;4.446733039837311;0.0;2.2428963034132243;-6.739715894731374;0.0;0.0;0.0;0.0;0.0;120.13468245495278;421.56624512181537;5.008535701158015;413.64707090194275;-1.4122480738082634e-7
6278.0;0.0;-0.00023418776034196253;0.0;2.6727440588220612;0.0;0.0;0.0;0.0;0.0;0.0511713736071576;4.446733039837311;0.0;2.2428963034132243;-6.739715894731374;0.0;0.0;0.0;0.0;0.0;120.13468245495278;421.56624512181537;5.008535701158015;413.64707090194275;-1.4122480738082634e-7
6279.0;0.0;-0.00023418776034196253;0.0;2.6727440588220612;0.0;0.0;0.0;0.0;0.0;0.0511713736071576;4.446733039837311;0.0;2.2428963034132243;-6.739715894731374;0.0;0.0;0.0;0.0;0.0;120.13468245495278;421.56624512181537;5.008535701158015;413.64707090194275;-1.4122480738082634e-7
6280.0;0.0;-0.00023418776034196253;0.0;2.6727440588220612;0.0;0.0;0.0;0.0;0.0;0.0511713736071576;4.446733039837311;0.0;2.2428963034132243;-6.739715894731374;0.0;0.0;0.0;0.0;0.0;120.13468245495278;421.56624512181537;5.008535701158015;413.64707090194275;-1.4122480738082634e-7
6281.0;0.0;-0.00023418776034196253;0.0;2.6727440588220612;0.0;0.0;0.0;0.0;0.0;0.0511713736071576;4.446733039837311;0.0;2.2428963034132243;-6.739715894731374;0.0;0.0;0.0;0.0;0.0;120.13468245495278;421.56624512181537;5.008535701158015;413.64707090194275;-1.4122480738082634e-7
6282.0;0.0;-0.00023418776034196253;0.0;2.6727440588220612;0.0;0.0;0.0;0.0;0.0;0.0511713736071576;4.446733039837311;0.0;2.2428963034132243;-6.739715894731374;0.0;0.0;0.0;0.0;0.0;120.13468245495278;421.56624512181537;5.008535701158015;413.64707090194275;-1.4122480738082634e-7
6283.0;0.0;-0.00023418776034196253;0.0;2.6727440588220612;0.0;0.0;0.0;0.0;0.0;0.0511713736071576;4.446733039837311;0.0;2.2428963034132243;-6.739715894731374;0.0;0.0;0.0;0.0;0.0;120.13468245495278;421.56624512181537;5.008535701158015;413.64707090194275;-1.4122480738082634e-7
6284.0;0.0;-0.00023418776034196253;0.0;2.6727440588220612;0.0;0.0;0.0;0.0;0.0;0.0511713736071576;4.446733039837311;0.0;2.2428963034132243;-6.739715894731374;0.0;0.0;0.0;0.0;0.0;120.13468245495278;421.56624512181537;5.008535701158015;413.64707090194275;-1.4122480738082634e-7
6285.0;0.0;-0.00023418776034196253;0.0;2.6727440588220612;0.0;0.0;0.0;0.0;0.0;0.0511713736071576;4.446733039837311;0.0;2.2428963034132243;-6.739715894731374;0.0;0.0;0.0;0.0;0.0;120.13468245495278;421.56624512181537;5.008535701158015;413.64707090194275;-1.4122480738082634e-7
6286.0;0.0;-0.00023418776034196253;0.0;2.6727440588220612;0.0;0.0;0.0;0.0;0.0;0.0511713736071576;4.446733039837311;0.0;2.2428963034132243;-6.739715894731374;0.0;0.0;0.0;0.0;0.0;120.13468245495278;421.56624512181537;5.008535701158015;413.64707090194275;-1.4122480738082634e-7
6287.0;0.0;-0.00023418776034196253;0.0;2.6727440588220612;0.0;0.0;0.0;0.0;0.0;0.0511713736071576;4.446733039837311;0.0;2.2428963034132243;-6.739715894731374;0.0;0.0;0.0;0.0;0.0;120.13468245495278;421.56624512181537;5.008535701158015;413.64707090194275;-1.4122480738082634e-7
6288.0;0.0;-0.00023418776034196253;0.0;2.6727440588220612;0.0;0.0;0.0;0.0;0.0;0.0511713736071576;4.446733039837311;0.0;2.2428963034132243;-6.739715894731374;0.0;0.0;0.0;0.0;0.0;120.13468245495278;421.56624512181537;5.008535701158015;413.64707090194275;-1.4122480738082634e-7
6289.0;0.0;-0.0008456329539458349;0.0;2.6727440588220612;0.0;0.0;0.0;0.0;0.0;0.0;4.57761742449979;0.0;2.4768516947723067;-7.054526871619637;0.0;0.0;0.0;0.0;0.0;120.13468245495278;421.56624512181537;5.008535701158015;413.64707090194275;-1.4122480738082634e-7
6290.0;0.0;-0.0008456329539458349;0.0;2.6727440588220612;0.0;0.0;0.0;0.0;0.0;0.0;4.57761742449979;0.0;2.4768516947723067;-7.054526871619637;0.0;0.0;0.0;0.0;0.0;120.13468245495278;421.56624512181537;5.008535701158015;413.64707090194275;-1.4122480738082634e-7
6291.0;0.0;-0.0008456329539458349;0.0;2.6727440588220612;0.0;0.0;0.0;0.0;0.0;0.0;4.57761742449979;0.0;2.4768516947723067;-7.054526871619637;0.0;0.0;0.0;0.0;0.0;120.13468245495278;421.56624512181537;5.008535701158015;413.64707090194275;-1.4122480738082634e-7
6292.0;0.0;-0.0008456329539458349;0.0;2.6727440588220612;0.0;0.0;0.0;0.0;0.0;0.0;4.57761742449979;0.0;2.4768516947723067;-7.054526871619637;0.0;0.0;0.0;0.0;0.0;120.13468245495278;421.56624512181537;5.008535701158015;413.64707090194275;-1.4122480738082634e-7
6293.0;0.0;-0.0008456329539458349;0.0;2.6727440588220612;0.0;0.0;0.0;0.0;0.0;0.0;4.57761742449979;0.0;2.4768516947723067;-7.054526871619637;0.0;0.0;0.0;0.0;0.0;120.13468245495278;421.56624512181537;5.008535701158015;413.64707090194275;-1.4122480738082634e-7
6294.0;0.0;-0.0008456329539458349;0.0;2.6727440588220612;0.0;0.0;0.0;0.0;0.0;0.0;4.57761742449979;0.0;2.4768516947723067;-7.054526871619637;0.0;0.0;0.0;0.0;0.0;120.13468245495278;421.56624512181537;5.008535701158015;413.64707090194275;-1.4122480738082634e-7
6295.0;0.0;-0.0008456329539458349;0.0;2.6727440588220612;0.0;0.0;0.0;0.0;0.0;0.0;4.57761742449979;0.0;2.4768516947723067;-7.054526871619637;0.0;0.0;0.0;0.0;0.0;120.13468245495278;421.56624512181537;5.008535701158015;413.64707090194275;-1.4122480738082634e-7
6296.0;0.0;-0.0008456329539458349;0.0;2.6727440588220612;0.0;0.0;0.0;0.0;0.0;0.0;4.57761742449979;0.0;2.4768516947723067;-7.054526871619637;0.0;0.0;0.0;0.0;0.0;120.13468245495278;421.56624512181537;5.008535701158015;413.64707090194275;-1.4122480738082634e-7
6297.0;0.0;-0.0008456329539458349;0.0;2.6727440588220612;0.0;0.0;0.0;0.0;0.0;0.0;4.57761742449979;0.0;2.4768516947723067;-7.054526871619637;0.0;0.0;0.0;0.0;0.0;120.13468245495278;421.56624512181537;5.008535701158015;413.64707090194275;-1.4122480738082634e-7
6298.0;0.0;-0.0008456329539458349;0.0;2.6727440588220612;0.0;0.0;0.0;0.0;0.0;0.0;4.57761742449979;0.0;2.4768516947723067;-7.054526871619637;0.0;0.0;0.0;0.0;0.0;120.13468245495278;421.56624512181537;5.008535701158015;413.64707090194275;-1.4122480738082634e-7
6299.0;0.0;-0.0008456329539458349;0.0;2.6727440588220612;0.0;0.0;0.0;0.0;0.0;0.0;4.57761742449979;0.0;2.4768516947723067;-7.054526871619637;0.0;0.0;0.0;0.0;0.0;120.13468245495278;421.56624512181537;5.008535701158015;413.64707090194275;-1.4122480738082634e-7
6300.0;0.0;-0.0008456329539458349;0.0;2.6727440588220612;0.0;0.0;0.0;0.0;0.0;0.0;4.57761742449979;0.0;2.4768516947723067;-7.054526871619637;0.0;0.0;0.0;0.0;0.0;120.13468245495278;421.56624512181537;5.008535701158015;413.64707090194275;-1.4122480738082634e-7
6301.0;0.0;-0.0008456329539458349;0.0;2.6727440588220612;0.0;0.0;0.0;0.0;0.0;0.0;4.57761742449979;0.0;2.4768516947723067;-7.054526871619637;0.0;0.0;0.0;0.0;0.0;120.13468245495278;421.56624512181537;5.008535701158015;413.64707090194275;-1.4122480738082634e-7
6302.0;0.0;-0.0008456329539458349;0.0;2.6727440588220612;0.0;0.0;0.0;0.0;0.0;0.0;4.57761742449979;0.0;2.4768516947723067;-7.054526871619637;0.0;0.0;0.0;0.0;0.0;120.13468245495278;421.56624512181537;5.008535701158015;413.64707090194275;-1.4122480738082634e-7
6303.0;0.0;-0.0008456329539458349;0.0;2.6727440588220612;0.0;0.0;0.0;0.0;0.0;0.0;4.57761742449979;0.0;2.4768516947723067;-7.054526871619637;0.0;0.0;0.0;0.0;0.0;120.13468245495278;421.56624512181537;5.008535701158015;413.64707090194275;-1.4122480738082634e-7
6304.0;0.0;-0.0008456329539458349;0.0;2.6727440588220612;0.0;0.0;0.0;0.0;0.0;0.0;4.57761742449979;0.0;2.4768516947723067;-7.054526871619637;0.0;0.0;0.0;0.0;0.0;120.13468245495278;421.56624512181537;5.008535701158015;413.64707090194275;-1.4122480738082634e-7
6305.0;0.0;-0.0008456329539458349;0.0;2.6727440588220612;0.0;0.0;0.0;0.0;0.0;0.0;4.57761742449979;0.0;2.4768516947723067;-7.054526871619637;0.0;0.0;0.0;0.0;0.0;120.13468245495278;421.56624512181537;5.008535701158015;413.64707090194275;-1.4122480738082634e-7
6306.0;0.0;-0.0008456329539458349;0.0;2.6727440588220612;0.0;0.0;0.0;0.0;0.0;0.0;4.57761742449979;0.0;2.4768516947723067;-7.054526871619637;0.0;0.0;0.0;0.0;0.0;120.13468245495278;421.56624512181537;5.008535701158015;413.64707090194275;-1.4122480738082634e-7
6307.0;0.0;-0.0008456329539458349;0.0;2.6727440588220612;0.0;0.0;0.0;0.0;0.0;0.0;4.57761742449979;0.0;2.4768516947723067;-7.054526871619637;0.0;0.0;0.0;0.0;0.0;120.13468245495278;421.56624512181537;5.008535701158015;413.64707090194275;-1.4122480738082634e-7
6308.0;0.0;-0.0008456329539458349;0.0;2.6727440588220612;0.0;0.0;0.0;0.0;0.0;0.0;4.57761742449979;0.0;2.4768516947723067;-7.054526871619637;0.0;0.0;0.0;0.0;0.0;120.13468245495278;421.56624512181537;5.008535701158015;413.64707090194275;-1.4122480738082634e-7
6309.0;0.0;-0.0008456329539458349;0.0;2.6727440588220612;0.0;0.0;0.0;0.0;0.0;0.0;4.57761742449979;0.0;2.4768516947723067;-7.054526871619637;0.0;0.0;0.0;0.0;0.0;120.13468245495278;421.56624512181537;5.008535701158015;413.64707090194275;-1.4122480738082634e-7
6310.0;0.0;-0.0008456329539458349;0.0;2.6727440588220612;0.0;0.0;0.0;0.0;0.0;0.0;4.57761742449979;0.0;2.4768516947723067;-7.054526871619637;0.0;0.0;0.0;0.0;0.0;120.13468245495278;421.56624512181537;5.008535701158015;413.64707090194275;-1.4122480738082634e-7
6311.0;0.0;-0.0008456329539458349;0.0;2.6727440588220612;0.0;0.0;0.0;0.0;0.0;0.0;4.57761742449979;0.0;2.4768516947723067;-7.054526871619637;0.0;0.0;0.0;0.0;0.0;120.13468245495278;421.56624512181537;5.008535701158015;413.64707090194275;-1.4122480738082634e-7
6312.0;0.0;-0.0008456329539458349;0.0;2.6727440588220612;0.0;0.0;0.0;0.0;0.0;0.0;4.57761742449979;0.0;2.4768516947723067;-7.054526871619637;0.0;0.0;0.0;0.0;0.0;120.13468245495278;421.56624512181537;5.008535701158015;413.64707090194275;-1.4122480738082634e-7
6313.0;0.0;-0.0006760000957020844;0.0;2.6727440588220612;0.0;0.0;0.0;0.0;0.0;0.0;3.6860271520611296;0.0;3.438968061149263;-7.125066948847388;0.0;0.0;0.0;0.0;0.0;120.13468245495278;421.56624512181537;5.008535701158015;413.64707090194275;-1.4122480738082634e-7
6314.0;0.0;-0.0006760000957020844;0.0;2.6727440588220612;0.0;0.0;0.0;0.0;0.0;0.0;3.6860271520611296;0.0;3.438968061149263;-7.125066948847388;0.0;0.0;0.0;0.0;0.0;120.13468245495278;421.56624512181537;5.008535701158015;413.64707090194275;-1.4122480738082634e-7
6315.0;0.0;-0.0006760000957020844;0.0;2.6727440588220612;0.0;0.0;0.0;0.0;0.0;0.0;3.6860271520611296;0.0;3.438968061149263;-7.125066948847388;0.0;0.0;0.0;0.0;0.0;120.13468245495278;421.56624512181537;5.008535701158015;413.64707090194275;-1.4122480738082634e-7
6316.0;0.0;-0.0006760000957020844;0.0;2.6727440588220612;0.0;0.0;0.0;0.0;0.0;0.0;3.6860271520611296;0.0;3.438968061149263;-7.125066948847388;0.0;0.0;0.0;0.0;0.0;120.13468245495278;421.56624512181537;5.008535701158015;413.64707090194275;-1.4122480738082634e-7
6317.0;0.0;-0.0006760000957020844;0.0;2.6727440588220612;0.0;0.0;0.0;0.0;0.0;0.0;3.6860271520611296;0.0;3.438968061149263;-7.125066948847388;0.0;0.0;0.0;0.0;0.0;120.13468245495278;421.56624512181537;5.008535701158015;413.64707090194275;-1.4122480738082634e-7
6318.0;0.0;-0.0006760000957020844;0.0;2.6727440588220612;0.0;0.0;0.0;0.0;0.0;0.0;3.6860271520611296;0.0;3.438968061149263;-7.125066948847388;0.0;0.0;0.0;0.0;0.0;120.13468245495278;421.56624512181537;5.008535701158015;413.64707090194275;-1.4122480738082634e-7
6319.0;0.0;-0.0006760000957020844;0.0;2.6727440588220612;0.0;0.0;0.0;0.0;0.0;0.0;3.6860271520611296;0.0;3.438968061149263;-7.125066948847388;0.0;0.0;0.0;0.0;0.0;120.13468245495278;421.56624512181537;5.008535701158015;413.64707090194275;-1.4122480738082634e-7
6320.0;0.0;-0.0006760000957020844;0.0;2.6727440588220612;0.0;0.0;0.0;0.0;0.0;0.0;3.6860271520611296;0.0;3.438968061149263;-7.125066948847388;0.0;0.0;0.0;0.0;0.0;120.13468245495278;421.56624512181537;5.008535701158015;413.64707090194275;-1.4122480738082634e-7
6321.0;0.0;-0.0006760000957020844;0.0;2.6727440588220612;0.0;0.0;0.0;0.0;0.0;0.0;3.6860271520611296;0.0;3.438968061149263;-7.125066948847388;0.0;0.0;0.0;0.0;0.0;120.13468245495278;421.56624512181537;5.008535701158015;413.64707090194275;-1.4122480738082634e-7
6322.0;0.0;-0.0006760000957020844;0.0;2.6727440588220612;0.0;0.0;0.0;0.0;0.0;0.0;3.6860271520611296;0.0;3.438968061149263;-7.125066948847388;0.0;0.0;0.0;0.0;0.0;120.13468245495278;421.56624512181537;5.008535701158015;413.64707090194275;-1.4122480738082634e-7
6323.0;0.0;-0.0006760000957020844;0.0;2.6727440588220612;0.0;0.0;0.0;0.0;0.0;0.0;3.6860271520611296;0.0;3.438968061149263;-7.125066948847388;0.0;0.0;0.0;0.0;0.0;120.13468245495278;421.56624512181537;5.008535701158015;413.64707090194275;-1.4122480738082634e-7
6324.0;0.0;-0.0006760000957020844;0.0;2.6727440588220612;0.0;0.0;0.0;0.0;0.0;0.0;3.6860271520611296;0.0;3.438968061149263;-7.125066948847388;0.0;0.0;0.0;0.0;0.0;120.13468245495278;421.56624512181537;5.008535701158015;413.64707090194275;-1.4122480738082634e-7
6325.0;0.0;-0.0006760000957020844;0.0;2.6727440588220612;0.0;0.0;0.0;0.0;0.0;0.0;3.6860271520611296;0.0;3.438968061149263;-7.125066948847388;0.0;0.0;0.0;0.0;0.0;120.13468245495278;421.56624512181537;5.008535701158015;413.64707090194275;-1.4122480738082634e-7
6326.0;0.0;-0.0006760000957020844;0.0;2.6727440588220612;0.0;0.0;0.0;0.0;0.0;0.0;3.6860271520611296;0.0;3.438968061149263;-7.125066948847388;0.0;0.0;0.0;0.0;0.0;120.13468245495278;421.56624512181537;5.008535701158015;413.64707090194275;-1.4122480738082634e-7
6327.0;0.0;-0.0006760000957020844;0.0;2.6727440588220612;0.0;0.0;0.0;0.0;0.0;0.0;3.6860271520611296;0.0;3.438968061149263;-7.125066948847388;0.0;0.0;0.0;0.0;0.0;120.13468245495278;421.56624512181537;5.008535701158015;413.64707090194275;-1.4122480738082634e-7
6328.0;0.0;-0.0006760000957020844;0.0;2.6727440588220612;0.0;0.0;0.0;0.0;0.0;0.0;3.6860271520611296;0.0;3.438968061149263;-7.125066948847388;0.0;0.0;0.0;0.0;0.0;120.13468245495278;421.56624512181537;5.008535701158015;413.64707090194275;-1.4122480738082634e-7
6329.0;0.0;-0.0006760000957020844;0.0;2.6727440588220612;0.0;0.0;0.0;0.0;0.0;0.0;3.6860271520611296;0.0;3.438968061149263;-7.125066948847388;0.0;0.0;0.0;0.0;0.0;120.13468245495278;421.56624512181537;5.008535701158015;413.64707090194275;-1.4122480738082634e-7
6330.0;0.0;-0.0006760000957020844;0.0;2.6727440588220612;0.0;0.0;0.0;0.0;0.0;0.0;3.6860271520611296;0.0;3.438968061149263;-7.125066948847388;0.0;0.0;0.0;0.0;0.0;120.13468245495278;421.56624512181537;5.008535701158015;413.64707090194275;-1.4122480738082634e-7
6331.0;0.0;-0.0006760000957020844;0.0;2.6727440588220612;0.0;0.0;0.0;0.0;0.0;0.0;3.6860271520611296;0.0;3.438968061149263;-7.125066948847388;0.0;0.0;0.0;0.0;0.0;120.13468245495278;421.56624512181537;5.008535701158015;413.64707090194275;-1.4122480738082634e-7
6332.0;0.0;-0.0006760000957020844;0.0;2.6727440588220612;0.0;0.0;0.0;0.0;0.0;0.0;3.6860271520611296;0.0;3.438968061149263;-7.125066948847388;0.0;0.0;0.0;0.0;0.0;120.13468245495278;421.56624512181537;5.008535701158015;413.64707090194275;-1.4122480738082634e-7
6333.0;0.0;-0.0006760000957020844;0.0;2.6727440588220612;0.0;0.0;0.0;0.0;0.0;0.0;3.6860271520611296;0.0;3.438968061149263;-7.125066948847388;0.0;0.0;0.0;0.0;0.0;120.13468245495278;421.56624512181537;5.008535701158015;413.64707090194275;-1.4122480738082634e-7
6334.0;0.0;-0.0006760000957020844;0.0;2.6727440588220612;0.0;0.0;0.0;0.0;0.0;0.0;3.6860271520611296;0.0;3.438968061149263;-7.125066948847388;0.0;0.0;0.0;0.0;0.0;120.13468245495278;421.56624512181537;5.008535701158015;413.64707090194275;-1.4122480738082634e-7
6335.0;0.0;-0.0006760000957020844;0.0;2.6727440588220612;0.0;0.0;0.0;0.0;0.0;0.0;3.6860271520611296;0.0;3.438968061149263;-7.125066948847388;0.0;0.0;0.0;0.0;0.0;120.13468245495278;421.56624512181537;5.008535701158015;413.64707090194275;-1.4122480738082634e-7
6336.0;0.0;-0.0006760000957020844;0.0;2.6727440588220612;0.0;0.0;0.0;0.0;0.0;0.0;3.6860271520611296;0.0;3.438968061149263;-7.125066948847388;0.0;0.0;0.0;0.0;0.0;120.13468245495278;421.56624512181537;5.008535701158015;413.64707090194275;-1.4122480738082634e-7
6337.0;0.0;-3.399364374485939e-5;0.0;3.249892360572107;0.0;0.0;0.0;0.0;0.0;0.0014263742278530808;1.9245996211838234;2.7305353220629605e-10;4.923504844444189;-6.849529301908291;0.0;0.0;0.0;0.0;0.0;126.72471371616011;421.10232866388225;6.886736570910022;414.38068585102917;-1.0270121296107878e-7
6338.0;0.0;-3.399364374485939e-5;0.0;3.249892360572107;0.0;0.0;0.0;0.0;0.0;0.0014263742278530808;1.9245996211838234;2.7305353220629605e-10;4.923504844444189;-6.849529301908291;0.0;0.0;0.0;0.0;0.0;126.72471371616011;421.10232866388225;6.886736570910022;414.38068585102917;-1.0270121296107878e-7
6339.0;0.0;-3.399364374485939e-5;0.0;3.249892360572107;0.0;0.0;0.0;0.0;0.0;0.0014263742278530808;1.9245996211838234;2.7305353220629605e-10;4.923504844444189;-6.849529301908291;0.0;0.0;0.0;0.0;0.0;126.72471371616011;421.10232866388225;6.886736570910022;414.38068585102917;-1.0270121296107878e-7
6340.0;0.0;-3.399364374485939e-5;0.0;3.249892360572107;0.0;0.0;0.0;0.0;0.0;0.0014263742278530808;1.9245996211838234;2.7305353220629605e-10;4.923504844444189;-6.849529301908291;0.0;0.0;0.0;0.0;0.0;126.72471371616011;421.10232866388225;6.886736570910022;414.38068585102917;-1.0270121296107878e-7
6341.0;0.0;-3.399364374485939e-5;0.0;3.249892360572107;0.0;0.0;0.0;0.0;0.0;0.0014263742278530808;1.9245996211838234;2.7305353220629605e-10;4.923504844444189;-6.849529301908291;0.0;0.0;0.0;0.0;0.0;126.72471371616011;421.10232866388225;6.886736570910022;414.38068585102917;-1.0270121296107878e-7
6342.0;0.0;-3.399364374485939e-5;0.0;3.249892360572107;0.0;0.0;0.0;0.0;0.0;0.0014263742278530808;1.9245996211838234;2.7305353220629605e-10;4.923504844444189;-6.849529301908291;0.0;0.0;0.0;0.0;0.0;126.72471371616011;421.10232866388225;6.886736570910022;414.38068585102917;-1.0270121296107878e-7
6343.0;0.0;-3.399364374485939e-5;0.0;3.249892360572107;0.0;0.0;0.0;0.0;0.0;0.0014263742278530808;1.9245996211838234;2.7305353220629605e-10;4.923504844444189;-6.849529301908291;0.0;0.0;0.0;0.0;0.0;126.72471371616011;421.10232866388225;6.886736570910022;414.38068585102917;-1.0270121296107878e-7
6344.0;0.0;-3.399364374485939e-5;0.0;3.249892360572107;0.0;0.0;0.0;0.0;0.0;0.0014263742278530808;1.9245996211838234;2.7305353220629605e-10;4.923504844444189;-6.849529301908291;0.0;0.0;0.0;0.0;0.0;126.72471371616011;421.10232866388225;6.886736570910022;414.38068585102917;-1.0270121296107878e-7
6345.0;0.0;-3.399364374485939e-5;0.0;3.249892360572107;0.0;0.0;0.0;0.0;0.0;0.0014263742278530808;1.9245996211838234;2.7305353220629605e-10;4.923504844444189;-6.849529301908291;0.0;0.0;0.0;0.0;0.0;126.72471371616011;421.10232866388225;6.886736570910022;414.38068585102917;-1.0270121296107878e-7
6346.0;0.0;-3.399364374485939e-5;0.0;3.249892360572107;0.0;0.0;0.0;0.0;0.0;0.0014263742278530808;1.9245996211838234;2.7305353220629605e-10;4.923504844444189;-6.849529301908291;0.0;0.0;0.0;0.0;0.0;126.72471371616011;421.10232866388225;6.886736570910022;414.38068585102917;-1.0270121296107878e-7
6347.0;0.0;-3.399364374485939e-5;0.0;3.249892360572107;0.0;0.0;0.0;0.0;0.0;0.0014263742278530808;1.9245996211838234;2.7305353220629605e-10;4.923504844444189;-6.849529301908291;0.0;0.0;0.0;0.0;0.0;126.72471371616011;421.10232866388225;6.886736570910022;414.38068585102917;-1.0270121296107878e-7
6348.0;0.0;-3.399364374485939e-5;0.0;3.249892360572107;0.0;0.0;0.0;0.0;0.0;0.0014263742278530808;1.9245996211838234;2.7305353220629605e-10;4.923504844444189;-6.849529301908291;0.0;0.0;0.0;0.0;0.0;126.72471371616011;421.10232866388225;6.886736570910022;414.38068585102917;-1.0270121296107878e-7
6349.0;0.0;-3.399364374485939e-5;0.0;3.249892360572107;0.0;0.0;0.0;0.0;0.0;0.0014263742278530808;1.9245996211838234;2.7305353220629605e-10;4.923504844444189;-6.849529301908291;0.0;0.0;0.0;0.0;0.0;126.72471371616011;421.10232866388225;6.886736570910022;414.38068585102917;-1.0270121296107878e-7
6350.0;0.0;-3.399364374485939e-5;0.0;3.249892360572107;0.0;0.0;0.0;0.0;0.0;0.0014263742278530808;1.9245996211838234;2.7305353220629605e-10;4.923504844444189;-6.849529301908291;0.0;0.0;0.0;0.0;0.0;126.72471371616011;421.10232866388225;6.886736570910022;414.38068585102917;-1.0270121296107878e-7
6351.0;0.0;-3.399364374485939e-5;0.0;3.249892360572107;0.0;0.0;0.0;0.0;0.0;0.0014263742278530808;1.9245996211838234;2.7305353220629605e-10;4.923504844444189;-6.849529301908291;0.0;0.0;0.0;0.0;0.0;126.72471371616011;421.10232866388225;6.886736570910022;414.38068585102917;-1.0270121296107878e-7
6352.0;0.0;-3.399364374485939e-5;0.0;3.249892360572107;0.0;0.0;0.0;0.0;0.0;0.0014263742278530808;1.9245996211838234;2.7305353220629605e-10;4.923504844444189;-6.849529301908291;0.0;0.0;0.0;0.0;0.0;126.72471371616011;421.10232866388225;6.886736570910022;414.38068585102917;-1.0270121296107878e-7
6353.0;0.0;-3.399364374485939e-5;0.0;3.249892360572107;0.0;0.0;0.0;0.0;0.0;0.0014263742278530808;1.9245996211838234;2.7305353220629605e-10;4.923504844444189;-6.849529301908291;0.0;0.0;0.0;0.0;0.0;126.72471371616011;421.10232866388225;6.886736570910022;414.38068585102917;-1.0270121296107878e-7
6354.0;0.0;-3.399364374485939e-5;0.0;3.249892360572107;0.0;0.0;0.0;0.0;0.0;0.0014263742278530808;1.9245996211838234;2.7305353220629605e-10;4.923504844444189;-6.849529301908291;0.0;0.0;0.0;0.0;0.0;126.72471371616011;421.10232866388225;6.886736570910022;414.38068585102917;-1.0270121296107878e-7
6355.0;0.0;-3.399364374485939e-5;0.0;3.249892360572107;0.0;0.0;0.0;0.0;0.0;0.0014263742278530808;1.9245996211838234;2.7305353220629605e-10;4.923504844444189;-6.849529301908291;0.0;0.0;0.0;0.0;0.0;126.72471371616011;421.10232866388225;6.886736570910022;414.38068585102917;-1.0270121296107878e-7
6356.0;0.0;-3.399364374485939e-5;0.0;3.249892360572107;0.0;0.0;0.0;0.0;0.0;0.0014263742278530808;1.9245996211838234;2.7305353220629605e-10;4.923504844444189;-6.849529301908291;0.0;0.0;0.0;0.0;0.0;126.72471371616011;421.10232866388225;6.886736570910022;414.38068585102917;-1.0270121296107878e-7
6357.0;0.0;-3.399364374485939e-5;0.0;3.249892360572107;0.0;0.0;0.0;0.0;0.0;0.0014263742278530808;1.9245996211838234;2.7305353220629605e-10;4.923504844444189;-6.849529301908291;0.0;0.0;0.0;0.0;0.0;126.72471371616011;421.10232866388225;6.886736570910022;414.38068585102917;-1.0270121296107878e-7
6358.0;0.0;-3.399364374485939e-5;0.0;3.249892360572107;0.0;0.0;0.0;0.0;0.0;0.0014263742278530808;1.9245996211838234;2.7305353220629605e-10;4.923504844444189;-6.849529301908291;0.0;0.0;0.0;0.0;0.0;126.72471371616011;421.10232866388225;6.886736570910022;414.38068585102917;-1.0270121296107878e-7
6359.0;0.0;-3.399364374485939e-5;0.0;3.249892360572107;0.0;0.0;0.0;0.0;0.0;0.0014263742278530808;1.9245996211838234;2.7305353220629605e-10;4.923504844444189;-6.849529301908291;0.0;0.0;0.0;0.0;0.0;126.72471371616011;421.10232866388225;6.886736570910022;414.38068585102917;-1.0270121296107878e-7
6360.0;0.0;-3.399364374485939e-5;0.0;3.249892360572107;0.0;0.0;0.0;0.0;0.0;0.0014263742278530808;1.9245996211838234;2.7305353220629605e-10;4.923504844444189;-6.849529301908291;0.0;0.0;0.0;0.0;0.0;126.72471371616011;421.10232866388225;6.886736570910022;414.38068585102917;-1.0270121296107878e-7
6361.0;0.0;0.000587316279601171;0.0;3.249892360572107;0.0;0.0;0.0;0.0;0.0;0.0075797564508500405;2.0404880082407826;2.163787594384526e-10;4.780414853417757;-6.828292984644148;0.0;0.0;0.0;0.0;0.0;126.72471371616011;421.10232866388225;6.886736570910022;414.38068585102917;-1.0270121296107878e-7
6362.0;0.0;0.000587316279601171;0.0;3.249892360572107;0.0;0.0;0.0;0.0;0.0;0.0075797564508500405;2.0404880082407826;2.163787594384526e-10;4.780414853417757;-6.828292984644148;0.0;0.0;0.0;0.0;0.0;126.72471371616011;421.10232866388225;6.886736570910022;414.38068585102917;-1.0270121296107878e-7
6363.0;0.0;0.000587316279601171;0.0;3.249892360572107;0.0;0.0;0.0;0.0;0.0;0.0075797564508500405;2.0404880082407826;2.163787594384526e-10;4.780414853417757;-6.828292984644148;0.0;0.0;0.0;0.0;0.0;126.72471371616011;421.10232866388225;6.886736570910022;414.38068585102917;-1.0270121296107878e-7
6364.0;0.0;0.000587316279601171;0.0;3.249892360572107;0.0;0.0;0.0;0.0;0.0;0.0075797564508500405;2.0404880082407826;2.163787594384526e-10;4.780414853417757;-6.828292984644148;0.0;0.0;0.0;0.0;0.0;126.72471371616011;421.10232866388225;6.886736570910022;414.38068585102917;-1.0270121296107878e-7
6365.0;0.0;0.000587316279601171;0.0;3.249892360572107;0.0;0.0;0.0;0.0;0.0;0.0075797564508500405;2.0404880082407826;2.163787594384526e-10;4.780414853417757;-6.828292984644148;0.0;0.0;0.0;0.0;0.0;126.72471371616011;421.10232866388225;6.886736570910022;414.38068585102917;-1.0270121296107878e-7
6366.0;0.0;0.000587316279601171;0.0;3.249892360572107;0.0;0.0;0.0;0.0;0.0;0.0075797564508500405;2.0404880082407826;2.163787594384526e-10;4.780414853417757;-6.828292984644148;0.0;0.0;0.0;0.0;0.0;126.72471371616011;421.10232866388225;6.886736570910022;414.38068585102917;-1.0270121296107878e-7
6367.0;0.0;0.000587316279601171;0.0;3.249892360572107;0.0;0.0;0.0;0.0;0.0;0.0075797564508500405;2.0404880082407826;2.163787594384526e-10;4.780414853417757;-6.828292984644148;0.0;0.0;0.0;0.0;0.0;126.72471371616011;421.10232866388225;6.886736570910022;414.38068585102917;-1.0270121296107878e-7
6368.0;0.0;0.000587316279601171;0.0;3.249892360572107;0.0;0.0;0.0;0.0;0.0;0.0075797564508500405;2.0404880082407826;2.163787594384526e-10;4.780414853417757;-6.828292984644148;0.0;0.0;0.0;0.0;0.0;126.72471371616011;421.10232866388225;6.886736570910022;414.38068585102917;-1.0270121296107878e-7
6369.0;0.0;0.000587316279601171;0.0;3.249892360572107;0.0;0.0;0.0;0.0;0.0;0.0075797564508500405;2.0404880082407826;2.163787594384526e-10;4.780414853417757;-6.828292984644148;0.0;0.0;0.0;0.0;0.0;126.72471371616011;421.10232866388225;6.886736570910022;414.38068585102917;-1.0270121296107878e-7
6370.0;0.0;0.000587316279601171;0.0;3.249892360572107;0.0;0.0;0.0;0.0;0.0;0.0075797564508500405;2.0404880082407826;2.163787594384526e-10;4.780414853417757;-6.828292984644148;0.0;0.0;0.0;0.0;0.0;126.72471371616011;421.10232866388225;6.886736570910022;414.38068585102917;-1.0270121296107878e-7
6371.0;0.0;0.000587316279601171;0.0;3.249892360572107;0.0;0.0;0.0;0.0;0.0;0.0075797564508500405;2.0404880082407826;2.163787594384526e-10;4.780414853417757;-6.828292984644148;0.0;0.0;0.0;0.0;0.0;126.72471371616011;421.10232866388225;6.886736570910022;414.38068585102917;-1.0270121296107878e-7
6372.0;0.0;0.000587316279601171;0.0;3.249892360572107;0.0;0.0;0.0;0.0;0.0;0.0075797564508500405;2.0404880082407826;2.163787594384526e-10;4.780414853417757;-6.828292984644148;0.0;0.0;0.0;0.0;0.0;126.72471371616011;421.10232866388225;6.886736570910022;414.38068585102917;-1.0270121296107878e-7
6373.0;0.0;0.000587316279601171;0.0;3.249892360572107;0.0;0.0;0.0;0.0;0.0;0.0075797564508500405;2.0404880082407826;2.163787594384526e-10;4.780414853417757;-6.828292984644148;0.0;0.0;0.0;0.0;0.0;126.72471371616011;421.10232866388225;6.886736570910022;414.38068585102917;-1.0270121296107878e-7
6374.0;0.0;0.000587316279601171;0.0;3.249892360572107;0.0;0.0;0.0;0.0;0.0;0.0075797564508500405;2.0404880082407826;2.163787594384526e-10;4.780414853417757;-6.828292984644148;0.0;0.0;0.0;0.0;0.0;126.72471371616011;421.10232866388225;6.886736570910022;414.38068585102917;-1.0270121296107878e-7
6375.0;0.0;0.000587316279601171;0.0;3.249892360572107;0.0;0.0;0.0;0.0;0.0;0.0075797564508500405;2.0404880082407826;2.163787594384526e-10;4.780414853417757;-6.828292984644148;0.0;0.0;0.0;0.0;0.0;126.72471371616011;421.10232866388225;6.886736570910022;414.38068585102917;-1.0270121296107878e-7
6376.0;0.0;0.000587316279601171;0.0;3.249892360572107;0.0;0.0;0.0;0.0;0.0;0.0075797564508500405;2.0404880082407826;2.163787594384526e-10;4.780414853417757;-6.828292984644148;0.0;0.0;0.0;0.0;0.0;126.72471371616011;421.10232866388225;6.886736570910022;414.38068585102917;-1.0270121296107878e-7
6377.0;0.0;0.000587316279601171;0.0;3.249892360572107;0.0;0.0;0.0;0.0;0.0;0.0075797564508500405;2.0404880082407826;2.163787594384526e-10;4.780414853417757;-6.828292984644148;0.0;0.0;0.0;0.0;0.0;126.72471371616011;421.10232866388225;6.886736570910022;414.38068585102917;-1.0270121296107878e-7
6378.0;0.0;0.000587316279601171;0.0;3.249892360572107;0.0;0.0;0.0;0.0;0.0;0.0075797564508500405;2.0404880082407826;2.163787594384526e-10;4.780414853417757;-6.828292984644148;0.0;0.0;0.0;0.0;0.0;126.72471371616011;421.10232866388225;6.886736570910022;414.38068585102917;-1.0270121296107878e-7
6379.0;0.0;0.000587316279601171;0.0;3.249892360572107;0.0;0.0;0.0;0.0;0.0;0.0075797564508500405;2.0404880082407826;2.163787594384526e-10;4.780414853417757;-6.828292984644148;0.0;0.0;0.0;0.0;0.0;126.72471371616011;421.10232866388225;6.886736570910022;414.38068585102917;-1.0270121296107878e-7
6380.0;0.0;0.000587316279601171;0.0;3.249892360572107;0.0;0.0;0.0;0.0;0.0;0.0075797564508500405;2.0404880082407826;2.163787594384526e-10;4.780414853417757;-6.828292984644148;0.0;0.0;0.0;0.0;0.0;126.72471371616011;421.10232866388225;6.886736570910022;414.38068585102917;-1.0270121296107878e-7
6381.0;0.0;0.000587316279601171;0.0;3.249892360572107;0.0;0.0;0.0;0.0;0.0;0.0075797564508500405;2.0404880082407826;2.163787594384526e-10;4.780414853417757;-6.828292984644148;0.0;0.0;0.0;0.0;0.0;126.72471371616011;421.10232866388225;6.886736570910022;414.38068585102917;-1.0270121296107878e-7
6382.0;0.0;0.000587316279601171;0.0;3.249892360572107;0.0;0.0;0.0;0.0;0.0;0.0075797564508500405;2.0404880082407826;2.163787594384526e-10;4.780414853417757;-6.828292984644148;0.0;0.0;0.0;0.0;0.0;126.72471371616011;421.10232866388225;6.886736570910022;414.38068585102917;-1.0270121296107878e-7
6383.0;0.0;0.000587316279601171;0.0;3.249892360572107;0.0;0.0;0.0;0.0;0.0;0.0075797564508500405;2.0404880082407826;2.163787594384526e-10;4.780414853417757;-6.828292984644148;0.0;0.0;0.0;0.0;0.0;126.72471371616011;421.10232866388225;6.886736570910022;414.38068585102917;-1.0270121296107878e-7
6384.0;0.0;0.000587316279601171;0.0;3.249892360572107;0.0;0.0;0.0;0.0;0.0;0.0075797564508500405;2.0404880082407826;2.163787594384526e-10;4.780414853417757;-6.828292984644148;0.0;0.0;0.0;0.0;0.0;126.72471371616011;421.10232866388225;6.886736570910022;414.38068585102917;-1.0270121296107878e-7
6385.0;0.0;9.457734150407601e-5;0.0;3.249892360572107;0.0;0.0;0.0;0.0;0.0;0.022794057730931686;4.40494591510112;3.6167719861094194e-10;2.4215622799257135;-6.849378387065378;0.0;0.0;0.0;0.0;0.0;126.72471371616011;421.10232866388225;6.886736570910022;414.38068585102917;-1.0270121296107878e-7
6386.0;0.0;9.457734150407601e-5;0.0;3.249892360572107;0.0;0.0;0.0;0.0;0.0;0.022794057730931686;4.40494591510112;3.6167719861094194e-10;2.4215622799257135;-6.849378387065378;0.0;0.0;0.0;0.0;0.0;126.72471371616011;421.10232866388225;6.886736570910022;414.38068585102917;-1.0270121296107878e-7
6387.0;0.0;9.457734150407601e-5;0.0;3.249892360572107;0.0;0.0;0.0;0.0;0.0;0.022794057730931686;4.40494591510112;3.6167719861094194e-10;2.4215622799257135;-6.849378387065378;0.0;0.0;0.0;0.0;0.0;126.72471371616011;421.10232866388225;6.886736570910022;414.38068585102917;-1.0270121296107878e-7
6388.0;0.0;9.457734150407601e-5;0.0;3.249892360572107;0.0;0.0;0.0;0.0;0.0;0.022794057730931686;4.40494591510112;3.6167719861094194e-10;2.4215622799257135;-6.849378387065378;0.0;0.0;0.0;0.0;0.0;126.72471371616011;421.10232866388225;6.886736570910022;414.38068585102917;-1.0270121296107878e-7
6389.0;0.0;9.457734150407601e-5;0.0;3.249892360572107;0.0;0.0;0.0;0.0;0.0;0.022794057730931686;4.40494591510112;3.6167719861094194e-10;2.4215622799257135;-6.849378387065378;0.0;0.0;0.0;0.0;0.0;126.72471371616011;421.10232866388225;6.886736570910022;414.38068585102917;-1.0270121296107878e-7
6390.0;0.0;9.457734150407601e-5;0.0;3.249892360572107;0.0;0.0;0.0;0.0;0.0;0.022794057730931686;4.40494591510112;3.6167719861094194e-10;2.4215622799257135;-6.849378387065378;0.0;0.0;0.0;0.0;0.0;126.72471371616011;421.10232866388225;6.886736570910022;414.38068585102917;-1.0270121296107878e-7
6391.0;0.0;9.457734150407601e-5;0.0;3.249892360572107;0.0;0.0;0.0;0.0;0.0;0.022794057730931686;4.40494591510112;3.6167719861094194e-10;2.4215622799257135;-6.849378387065378;0.0;0.0;0.0;0.0;0.0;126.72471371616011;421.10232866388225;6.886736570910022;414.38068585102917;-1.0270121296107878e-7
6392.0;0.0;9.457734150407601e-5;0.0;3.249892360572107;0.0;0.0;0.0;0.0;0.0;0.022794057730931686;4.40494591510112;3.6167719861094194e-10;2.4215622799257135;-6.849378387065378;0.0;0.0;0.0;0.0;0.0;126.72471371616011;421.10232866388225;6.886736570910022;414.38068585102917;-1.0270121296107878e-7
6393.0;0.0;9.457734150407601e-5;0.0;3.249892360572107;0.0;0.0;0.0;0.0;0.0;0.022794057730931686;4.40494591510112;3.6167719861094194e-10;2.4215622799257135;-6.849378387065378;0.0;0.0;0.0;0.0;0.0;126.72471371616011;421.10232866388225;6.886736570910022;414.38068585102917;-1.0270121296107878e-7
6394.0;0.0;9.457734150407601e-5;0.0;3.249892360572107;0.0;0.0;0.0;0.0;0.0;0.022794057730931686;4.40494591510112;3.6167719861094194e-10;2.4215622799257135;-6.849378387065378;0.0;0.0;0.0;0.0;0.0;126.72471371616011;421.10232866388225;6.886736570910022;414.38068585102917;-1.0270121296107878e-7
6395.0;0.0;9.457734150407601e-5;0.0;3.249892360572107;0.0;0.0;0.0;0.0;0.0;0.022794057730931686;4.40494591510112;3.6167719861094194e-10;2.4215622799257135;-6.849378387065378;0.0;0.0;0.0;0.0;0.0;126.72471371616011;421.10232866388225;6.886736570910022;414.38068585102917;-1.0270121296107878e-7
6396.0;0.0;9.457734150407601e-5;0.0;3.249892360572107;0.0;0.0;0.0;0.0;0.0;0.022794057730931686;4.40494591510112;3.6167719861094194e-10;2.4215622799257135;-6.849378387065378;0.0;0.0;0.0;0.0;0.0;126.72471371616011;421.10232866388225;6.886736570910022;414.38068585102917;-1.0270121296107878e-7
6397.0;0.0;9.457734150407601e-5;0.0;3.249892360572107;0.0;0.0;0.0;0.0;0.0;0.022794057730931686;4.40494591510112;3.6167719861094194e-10;2.4215622799257135;-6.849378387065378;0.0;0.0;0.0;0.0;0.0;126.72471371616011;421.10232866388225;6.886736570910022;414.38068585102917;-1.0270121296107878e-7
6398.0;0.0;9.457734150407601e-5;0.0;3.249892360572107;0.0;0.0;0.0;0.0;0.0;0.022794057730931686;4.40494591510112;3.6167719861094194e-10;2.4215622799257135;-6.849378387065378;0.0;0.0;0.0;0.0;0.0;126.72471371616011;421.10232866388225;6.886736570910022;414.38068585102917;-1.0270121296107878e-7
6399.0;0.0;9.457734150407601e-5;0.0;3.249892360572107;0.0;0.0;0.0;0.0;0.0;0.022794057730931686;4.40494591510112;3.6167719861094194e-10;2.4215622799257135;-6.849378387065378;0.0;0.0;0.0;0.0;0.0;126.72471371616011;421.10232866388225;6.886736570910022;414.38068585102917;-1.0270121296107878e-7
6400.0;0.0;9.457734150407601e-5;0.0;3.249892360572107;0.0;0.0;0.0;0.0;0.0;0.022794057730931686;4.40494591510112;3.6167719861094194e-10;2.4215622799257135;-6.849378387065378;0.0;0.0;0.0;0.0;0.0;126.72471371616011;421.10232866388225;6.886736570910022;414.38068585102917;-1.0270121296107878e-7
6401.0;0.0;9.457734150407601e-5;0.0;3.249892360572107;0.0;0.0;0.0;0.0;0.0;0.022794057730931686;4.40494591510112;3.6167719861094194e-10;2.4215622799257135;-6.849378387065378;0.0;0.0;0.0;0.0;0.0;126.72471371616011;421.10232866388225;6.886736570910022;414.38068585102917;-1.0270121296107878e-7
6402.0;0.0;9.457734150407601e-5;0.0;3.249892360572107;0.0;0.0;0.0;0.0;0.0;0.022794057730931686;4.40494591510112;3.6167719861094194e-10;2.4215622799257135;-6.849378387065378;0.0;0.0;0.0;0.0;0.0;126.72471371616011;421.10232866388225;6.886736570910022;414.38068585102917;-1.0270121296107878e-7
6403.0;0.0;9.457734150407601e-5;0.0;3.249892360572107;0.0;0.0;0.0;0.0;0.0;0.022794057730931686;4.40494591510112;3.6167719861094194e-10;2.4215622799257135;-6.849378387065378;0.0;0.0;0.0;0.0;0.0;126.72471371616011;421.10232866388225;6.886736570910022;414.38068585102917;-1.0270121296107878e-7
6404.0;0.0;9.457734150407601e-5;0.0;3.249892360572107;0.0;0.0;0.0;0.0;0.0;0.022794057730931686;4.40494591510112;3.6167719861094194e-10;2.4215622799257135;-6.849378387065378;0.0;0.0;0.0;0.0;0.0;126.72471371616011;421.10232866388225;6.886736570910022;414.38068585102917;-1.0270121296107878e-7
6405.0;0.0;9.457734150407601e-5;0.0;3.249892360572107;0.0;0.0;0.0;0.0;0.0;0.022794057730931686;4.40494591510112;3.6167719861094194e-10;2.4215622799257135;-6.849378387065378;0.0;0.0;0.0;0.0;0.0;126.72471371616011;421.10232866388225;6.886736570910022;414.38068585102917;-1.0270121296107878e-7
6406.0;0.0;9.457734150407601e-5;0.0;3.249892360572107;0.0;0.0;0.0;0.0;0.0;0.022794057730931686;4.40494591510112;3.6167719861094194e-10;2.4215622799257135;-6.849378387065378;0.0;0.0;0.0;0.0;0.0;126.72471371616011;421.10232866388225;6.886736570910022;414.38068585102917;-1.0270121296107878e-7
6407.0;0.0;9.457734150407601e-5;0.0;3.249892360572107;0.0;0.0;0.0;0.0;0.0;0.022794057730931686;4.40494591510112;3.6167719861094194e-10;2.4215622799257135;-6.849378387065378;0.0;0.0;0.0;0.0;0.0;126.72471371616011;421.10232866388225;6.886736570910022;414.38068585102917;-1.0270121296107878e-7
6408.0;0.0;9.457734150407601e-5;0.0;3.249892360572107;0.0;0.0;0.0;0.0;0.0;0.022794057730931686;4.40494591510112;3.6167719861094194e-10;2.4215622799257135;-6.849378387065378;0.0;0.0;0.0;0.0;0.0;126.72471371616011;421.10232866388225;6.886736570910022;414.38068585102917;-1.0270121296107878e-7
6409.0;0.0;-0.0002988220203967035;0.0;3.249892360572107;0.0;0.0;0.0;0.0;0.0;0.00015133176188638874;4.617802912062173;0.0;2.5756907724051152;-7.193669301363928;0.0;0.0;0.0;0.0;0.0;126.72471371616011;421.10232866388225;6.886736570910022;414.38068585102917;-1.0270121296107878e-7
6410.0;0.0;-0.0002988220203967035;0.0;3.249892360572107;0.0;0.0;0.0;0.0;0.0;0.00015133176188638874;4.617802912062173;0.0;2.5756907724051152;-7.193669301363928;0.0;0.0;0.0;0.0;0.0;126.72471371616011;421.10232866388225;6.886736570910022;414.38068585102917;-1.0270121296107878e-7
6411.0;0.0;-0.0002988220203967035;0.0;3.249892360572107;0.0;0.0;0.0;0.0;0.0;0.00015133176188638874;4.617802912062173;0.0;2.5756907724051152;-7.193669301363928;0.0;0.0;0.0;0.0;0.0;126.72471371616011;421.10232866388225;6.886736570910022;414.38068585102917;-1.0270121296107878e-7
6412.0;0.0;-0.0002988220203967035;0.0;3.249892360572107;0.0;0.0;0.0;0.0;0.0;0.00015133176188638874;4.617802912062173;0.0;2.5756907724051152;-7.193669301363928;0.0;0.0;0.0;0.0;0.0;126.72471371616011;421.10232866388225;6.886736570910022;414.38068585102917;-1.0270121296107878e-7
6413.0;0.0;-0.0002988220203967035;0.0;3.249892360572107;0.0;0.0;0.0;0.0;0.0;0.00015133176188638874;4.617802912062173;0.0;2.5756907724051152;-7.193669301363928;0.0;0.0;0.0;0.0;0.0;126.72471371616011;421.10232866388225;6.886736570910022;414.38068585102917;-1.0270121296107878e-7
6414.0;0.0;-0.0002988220203967035;0.0;3.249892360572107;0.0;0.0;0.0;0.0;0.0;0.00015133176188638874;4.617802912062173;0.0;2.5756907724051152;-7.193669301363928;0.0;0.0;0.0;0.0;0.0;126.72471371616011;421.10232866388225;6.886736570910022;414.38068585102917;-1.0270121296107878e-7
6415.0;0.0;-0.0002988220203967035;0.0;3.249892360572107;0.0;0.0;0.0;0.0;0.0;0.00015133176188638874;4.617802912062173;0.0;2.5756907724051152;-7.193669301363928;0.0;0.0;0.0;0.0;0.0;126.72471371616011;421.10232866388225;6.886736570910022;414.38068585102917;-1.0270121296107878e-7
6416.0;0.0;-0.0002988220203967035;0.0;3.249892360572107;0.0;0.0;0.0;0.0;0.0;0.00015133176188638874;4.617802912062173;0.0;2.5756907724051152;-7.193669301363928;0.0;0.0;0.0;0.0;0.0;126.72471371616011;421.10232866388225;6.886736570910022;414.38068585102917;-1.0270121296107878e-7
6417.0;0.0;-0.0002988220203967035;0.0;3.249892360572107;0.0;0.0;0.0;0.0;0.0;0.00015133176188638874;4.617802912062173;0.0;2.5756907724051152;-7.193669301363928;0.0;0.0;0.0;0.0;0.0;126.72471371616011;421.10232866388225;6.886736570910022;414.38068585102917;-1.0270121296107878e-7
6418.0;0.0;-0.0002988220203967035;0.0;3.249892360572107;0.0;0.0;0.0;0.0;0.0;0.00015133176188638874;4.617802912062173;0.0;2.5756907724051152;-7.193669301363928;0.0;0.0;0.0;0.0;0.0;126.72471371616011;421.10232866388225;6.886736570910022;414.38068585102917;-1.0270121296107878e-7
6419.0;0.0;-0.0002988220203967035;0.0;3.249892360572107;0.0;0.0;0.0;0.0;0.0;0.00015133176188638874;4.617802912062173;0.0;2.5756907724051152;-7.193669301363928;0.0;0.0;0.0;0.0;0.0;126.72471371616011;421.10232866388225;6.886736570910022;414.38068585102917;-1.0270121296107878e-7
6420.0;0.0;-0.0002988220203967035;0.0;3.249892360572107;0.0;0.0;0.0;0.0;0.0;0.00015133176188638874;4.617802912062173;0.0;2.5756907724051152;-7.193669301363928;0.0;0.0;0.0;0.0;0.0;126.72471371616011;421.10232866388225;6.886736570910022;414.38068585102917;-1.0270121296107878e-7
6421.0;0.0;-0.0002988220203967035;0.0;3.249892360572107;0.0;0.0;0.0;0.0;0.0;0.00015133176188638874;4.617802912062173;0.0;2.5756907724051152;-7.193669301363928;0.0;0.0;0.0;0.0;0.0;126.72471371616011;421.10232866388225;6.886736570910022;414.38068585102917;-1.0270121296107878e-7
6422.0;0.0;-0.0002988220203967035;0.0;3.249892360572107;0.0;0.0;0.0;0.0;0.0;0.00015133176188638874;4.617802912062173;0.0;2.5756907724051152;-7.193669301363928;0.0;0.0;0.0;0.0;0.0;126.72471371616011;421.10232866388225;6.886736570910022;414.38068585102917;-1.0270121296107878e-7
6423.0;0.0;-0.0002988220203967035;0.0;3.249892360572107;0.0;0.0;0.0;0.0;0.0;0.00015133176188638874;4.617802912062173;0.0;2.5756907724051152;-7.193669301363928;0.0;0.0;0.0;0.0;0.0;126.72471371616011;421.10232866388225;6.886736570910022;414.38068585102917;-1.0270121296107878e-7
6424.0;0.0;-0.0002988220203967035;0.0;3.249892360572107;0.0;0.0;0.0;0.0;0.0;0.00015133176188638874;4.617802912062173;0.0;2.5756907724051152;-7.193669301363928;0.0;0.0;0.0;0.0;0.0;126.72471371616011;421.10232866388225;6.886736570910022;414.38068585102917;-1.0270121296107878e-7
6425.0;0.0;-0.0002988220203967035;0.0;3.249892360572107;0.0;0.0;0.0;0.0;0.0;0.00015133176188638874;4.617802912062173;0.0;2.5756907724051152;-7.193669301363928;0.0;0.0;0.0;0.0;0.0;126.72471371616011;421.10232866388225;6.886736570910022;414.38068585102917;-1.0270121296107878e-7
6426.0;0.0;-0.0002988220203967035;0.0;3.249892360572107;0.0;0.0;0.0;0.0;0.0;0.00015133176188638874;4.617802912062173;0.0;2.5756907724051152;-7.193669301363928;0.0;0.0;0.0;0.0;0.0;126.72471371616011;421.10232866388225;6.886736570910022;414.38068585102917;-1.0270121296107878e-7
6427.0;0.0;-0.0002988220203967035;0.0;3.249892360572107;0.0;0.0;0.0;0.0;0.0;0.00015133176188638874;4.617802912062173;0.0;2.5756907724051152;-7.193669301363928;0.0;0.0;0.0;0.0;0.0;126.72471371616011;421.10232866388225;6.886736570910022;414.38068585102917;-1.0270121296107878e-7
6428.0;0.0;-0.0002988220203967035;0.0;3.249892360572107;0.0;0.0;0.0;0.0;0.0;0.00015133176188638874;4.617802912062173;0.0;2.5756907724051152;-7.193669301363928;0.0;0.0;0.0;0.0;0.0;126.72471371616011;421.10232866388225;6.886736570910022;414.38068585102917;-1.0270121296107878e-7
6429.0;0.0;-0.0002988220203967035;0.0;3.249892360572107;0.0;0.0;0.0;0.0;0.0;0.00015133176188638874;4.617802912062173;0.0;2.5756907724051152;-7.193669301363928;0.0;0.0;0.0;0.0;0.0;126.72471371616011;421.10232866388225;6.886736570910022;414.38068585102917;-1.0270121296107878e-7
6430.0;0.0;-0.0002988220203967035;0.0;3.249892360572107;0.0;0.0;0.0;0.0;0.0;0.00015133176188638874;4.617802912062173;0.0;2.5756907724051152;-7.193669301363928;0.0;0.0;0.0;0.0;0.0;126.72471371616011;421.10232866388225;6.886736570910022;414.38068585102917;-1.0270121296107878e-7
6431.0;0.0;-0.0002988220203967035;0.0;3.249892360572107;0.0;0.0;0.0;0.0;0.0;0.00015133176188638874;4.617802912062173;0.0;2.5756907724051152;-7.193669301363928;0.0;0.0;0.0;0.0;0.0;126.72471371616011;421.10232866388225;6.886736570910022;414.38068585102917;-1.0270121296107878e-7
6432.0;0.0;-0.0002988220203967035;0.0;3.249892360572107;0.0;0.0;0.0;0.0;0.0;0.00015133176188638874;4.617802912062173;0.0;2.5756907724051152;-7.193669301363928;0.0;0.0;0.0;0.0;0.0;126.72471371616011;421.10232866388225;6.886736570910022;414.38068585102917;-1.0270121296107878e-7
6433.0;0.0;-0.0002582967279534489;0.0;3.249892360572107;0.0;0.0;0.0;0.0;0.0;0.00014999544602570136;4.588726720097742;0.0;2.568057034745741;-7.156946805491108;0.0;0.0;0.0;0.0;0.0;126.72471371616011;421.10232866388225;6.886736570910022;414.38068585102917;-1.0270121296107878e-7
6434.0;0.0;-0.0002582967279534489;0.0;3.249892360572107;0.0;0.0;0.0;0.0;0.0;0.00014999544602570136;4.588726720097742;0.0;2.568057034745741;-7.156946805491108;0.0;0.0;0.0;0.0;0.0;126.72471371616011;421.10232866388225;6.886736570910022;414.38068585102917;-1.0270121296107878e-7
6435.0;0.0;-0.0002582967279534489;0.0;3.249892360572107;0.0;0.0;0.0;0.0;0.0;0.00014999544602570136;4.588726720097742;0.0;2.568057034745741;-7.156946805491108;0.0;0.0;0.0;0.0;0.0;126.72471371616011;421.10232866388225;6.886736570910022;414.38068585102917;-1.0270121296107878e-7
6436.0;0.0;-0.0002582967279534489;0.0;3.249892360572107;0.0;0.0;0.0;0.0;0.0;0.00014999544602570136;4.588726720097742;0.0;2.568057034745741;-7.156946805491108;0.0;0.0;0.0;0.0;0.0;126.72471371616011;421.10232866388225;6.886736570910022;414.38068585102917;-1.0270121296107878e-7
6437.0;0.0;-0.0002582967279534489;0.0;3.249892360572107;0.0;0.0;0.0;0.0;0.0;0.00014999544602570136;4.588726720097742;0.0;2.568057034745741;-7.156946805491108;0.0;0.0;0.0;0.0;0.0;126.72471371616011;421.10232866388225;6.886736570910022;414.38068585102917;-1.0270121296107878e-7
6438.0;0.0;-0.0002582967279534489;0.0;3.249892360572107;0.0;0.0;0.0;0.0;0.0;0.00014999544602570136;4.588726720097742;0.0;2.568057034745741;-7.156946805491108;0.0;0.0;0.0;0.0;0.0;126.72471371616011;421.10232866388225;6.886736570910022;414.38068585102917;-1.0270121296107878e-7
6439.0;0.0;-0.0002582967279534489;0.0;3.249892360572107;0.0;0.0;0.0;0.0;0.0;0.00014999544602570136;4.588726720097742;0.0;2.568057034745741;-7.156946805491108;0.0;0.0;0.0;0.0;0.0;126.72471371616011;421.10232866388225;6.886736570910022;414.38068585102917;-1.0270121296107878e-7
6440.0;0.0;-0.0002582967279534489;0.0;3.249892360572107;0.0;0.0;0.0;0.0;0.0;0.00014999544602570136;4.588726720097742;0.0;2.568057034745741;-7.156946805491108;0.0;0.0;0.0;0.0;0.0;126.72471371616011;421.10232866388225;6.886736570910022;414.38068585102917;-1.0270121296107878e-7
6441.0;0.0;-0.0002582967279534489;0.0;3.249892360572107;0.0;0.0;0.0;0.0;0.0;0.00014999544602570136;4.588726720097742;0.0;2.568057034745741;-7.156946805491108;0.0;0.0;0.0;0.0;0.0;126.72471371616011;421.10232866388225;6.886736570910022;414.38068585102917;-1.0270121296107878e-7
6442.0;0.0;-0.0002582967279534489;0.0;3.249892360572107;0.0;0.0;0.0;0.0;0.0;0.00014999544602570136;4.588726720097742;0.0;2.568057034745741;-7.156946805491108;0.0;0.0;0.0;0.0;0.0;126.72471371616011;421.10232866388225;6.886736570910022;414.38068585102917;-1.0270121296107878e-7
6443.0;0.0;-0.0002582967279534489;0.0;3.249892360572107;0.0;0.0;0.0;0.0;0.0;0.00014999544602570136;4.588726720097742;0.0;2.568057034745741;-7.156946805491108;0.0;0.0;0.0;0.0;0.0;126.72471371616011;421.10232866388225;6.886736570910022;414.38068585102917;-1.0270121296107878e-7
6444.0;0.0;-0.0002582967279534489;0.0;3.249892360572107;0.0;0.0;0.0;0.0;0.0;0.00014999544602570136;4.588726720097742;0.0;2.568057034745741;-7.156946805491108;0.0;0.0;0.0;0.0;0.0;126.72471371616011;421.10232866388225;6.886736570910022;414.38068585102917;-1.0270121296107878e-7
6445.0;0.0;-0.0002582967279534489;0.0;3.249892360572107;0.0;0.0;0.0;0.0;0.0;0.00014999544602570136;4.588726720097742;0.0;2.568057034745741;-7.156946805491108;0.0;0.0;0.0;0.0;0.0;126.72471371616011;421.10232866388225;6.886736570910022;414.38068585102917;-1.0270121296107878e-7
6446.0;0.0;-0.0002582967279534489;0.0;3.249892360572107;0.0;0.0;0.0;0.0;0.0;0.00014999544602570136;4.588726720097742;0.0;2.568057034745741;-7.156946805491108;0.0;0.0;0.0;0.0;0.0;126.72471371616011;421.10232866388225;6.886736570910022;414.38068585102917;-1.0270121296107878e-7
6447.0;0.0;-0.0002582967279534489;0.0;3.249892360572107;0.0;0.0;0.0;0.0;0.0;0.00014999544602570136;4.588726720097742;0.0;2.568057034745741;-7.156946805491108;0.0;0.0;0.0;0.0;0.0;126.72471371616011;421.10232866388225;6.886736570910022;414.38068585102917;-1.0270121296107878e-7
6448.0;0.0;-0.0002582967279534489;0.0;3.249892360572107;0.0;0.0;0.0;0.0;0.0;0.00014999544602570136;4.588726720097742;0.0;2.568057034745741;-7.156946805491108;0.0;0.0;0.0;0.0;0.0;126.72471371616011;421.10232866388225;6.886736570910022;414.38068585102917;-1.0270121296107878e-7
6449.0;0.0;-0.0002582967279534489;0.0;3.249892360572107;0.0;0.0;0.0;0.0;0.0;0.00014999544602570136;4.588726720097742;0.0;2.568057034745741;-7.156946805491108;0.0;0.0;0.0;0.0;0.0;126.72471371616011;421.10232866388225;6.886736570910022;414.38068585102917;-1.0270121296107878e-7
6450.0;0.0;-0.0002582967279534489;0.0;3.249892360572107;0.0;0.0;0.0;0.0;0.0;0.00014999544602570136;4.588726720097742;0.0;2.568057034745741;-7.156946805491108;0.0;0.0;0.0;0.0;0.0;126.72471371616011;421.10232866388225;6.886736570910022;414.38068585102917;-1.0270121296107878e-7
6451.0;0.0;-0.0002582967279534489;0.0;3.249892360572107;0.0;0.0;0.0;0.0;0.0;0.00014999544602570136;4.588726720097742;0.0;2.568057034745741;-7.156946805491108;0.0;0.0;0.0;0.0;0.0;126.72471371616011;421.10232866388225;6.886736570910022;414.38068585102917;-1.0270121296107878e-7
6452.0;0.0;-0.0002582967279534489;0.0;3.249892360572107;0.0;0.0;0.0;0.0;0.0;0.00014999544602570136;4.588726720097742;0.0;2.568057034745741;-7.156946805491108;0.0;0.0;0.0;0.0;0.0;126.72471371616011;421.10232866388225;6.886736570910022;414.38068585102917;-1.0270121296107878e-7
6453.0;0.0;-0.0002582967279534489;0.0;3.249892360572107;0.0;0.0;0.0;0.0;0.0;0.00014999544602570136;4.588726720097742;0.0;2.568057034745741;-7.156946805491108;0.0;0.0;0.0;0.0;0.0;126.72471371616011;421.10232866388225;6.886736570910022;414.38068585102917;-1.0270121296107878e-7
6454.0;0.0;-0.0002582967279534489;0.0;3.249892360572107;0.0;0.0;0.0;0.0;0.0;0.00014999544602570136;4.588726720097742;0.0;2.568057034745741;-7.156946805491108;0.0;0.0;0.0;0.0;0.0;126.72471371616011;421.10232866388225;6.886736570910022;414.38068585102917;-1.0270121296107878e-7
6455.0;0.0;-0.0002582967279534489;0.0;3.249892360572107;0.0;0.0;0.0;0.0;0.0;0.00014999544602570136;4.588726720097742;0.0;2.568057034745741;-7.156946805491108;0.0;0.0;0.0;0.0;0.0;126.72471371616011;421.10232866388225;6.886736570910022;414.38068585102917;-1.0270121296107878e-7
6456.0;0.0;-0.0002582967279534489;0.0;3.249892360572107;0.0;0.0;0.0;0.0;0.0;0.00014999544602570136;4.588726720097742;0.0;2.568057034745741;-7.156946805491108;0.0;0.0;0.0;0.0;0.0;126.72471371616011;421.10232866388225;6.886736570910022;414.38068585102917;-1.0270121296107878e-7
6457.0;0.0;-0.002252408876061616;0.0;3.249892360572107;0.0;0.0;0.0;0.0;0.0;0.03022377755767887;4.436378105699;0.0;2.303362385537266;-6.77086256908928;0.0;0.0;0.0;0.0;0.0;126.72471371616011;421.10232866388225;6.886736570910022;414.38068585102917;-1.0270121296107878e-7
6458.0;0.0;-0.002252408876061616;0.0;3.249892360572107;0.0;0.0;0.0;0.0;0.0;0.03022377755767887;4.436378105699;0.0;2.303362385537266;-6.77086256908928;0.0;0.0;0.0;0.0;0.0;126.72471371616011;421.10232866388225;6.886736570910022;414.38068585102917;-1.0270121296107878e-7
6459.0;0.0;-0.002252408876061616;0.0;3.249892360572107;0.0;0.0;0.0;0.0;0.0;0.03022377755767887;4.436378105699;0.0;2.303362385537266;-6.77086256908928;0.0;0.0;0.0;0.0;0.0;126.72471371616011;421.10232866388225;6.886736570910022;414.38068585102917;-1.0270121296107878e-7
6460.0;0.0;-0.002252408876061616;0.0;3.249892360572107;0.0;0.0;0.0;0.0;0.0;0.03022377755767887;4.436378105699;0.0;2.303362385537266;-6.77086256908928;0.0;0.0;0.0;0.0;0.0;126.72471371616011;421.10232866388225;6.886736570910022;414.38068585102917;-1.0270121296107878e-7
6461.0;0.0;-0.002252408876061616;0.0;3.249892360572107;0.0;0.0;0.0;0.0;0.0;0.03022377755767887;4.436378105699;0.0;2.303362385537266;-6.77086256908928;0.0;0.0;0.0;0.0;0.0;126.72471371616011;421.10232866388225;6.886736570910022;414.38068585102917;-1.0270121296107878e-7
6462.0;0.0;-0.002252408876061616;0.0;3.249892360572107;0.0;0.0;0.0;0.0;0.0;0.03022377755767887;4.436378105699;0.0;2.303362385537266;-6.77086256908928;0.0;0.0;0.0;0.0;0.0;126.72471371616011;421.10232866388225;6.886736570910022;414.38068585102917;-1.0270121296107878e-7
6463.0;0.0;-0.002252408876061616;0.0;3.249892360572107;0.0;0.0;0.0;0.0;0.0;0.03022377755767887;4.436378105699;0.0;2.303362385537266;-6.77086256908928;0.0;0.0;0.0;0.0;0.0;126.72471371616011;421.10232866388225;6.886736570910022;414.38068585102917;-1.0270121296107878e-7
6464.0;0.0;-0.002252408876061616;0.0;3.249892360572107;0.0;0.0;0.0;0.0;0.0;0.03022377755767887;4.436378105699;0.0;2.303362385537266;-6.77086256908928;0.0;0.0;0.0;0.0;0.0;126.72471371616011;421.10232866388225;6.886736570910022;414.38068585102917;-1.0270121296107878e-7
6465.0;0.0;-0.002252408876061616;0.0;3.249892360572107;0.0;0.0;0.0;0.0;0.0;0.03022377755767887;4.436378105699;0.0;2.303362385537266;-6.77086256908928;0.0;0.0;0.0;0.0;0.0;126.72471371616011;421.10232866388225;6.886736570910022;414.38068585102917;-1.0270121296107878e-7
6466.0;0.0;-0.002252408876061616;0.0;3.249892360572107;0.0;0.0;0.0;0.0;0.0;0.03022377755767887;4.436378105699;0.0;2.303362385537266;-6.77086256908928;0.0;0.0;0.0;0.0;0.0;126.72471371616011;421.10232866388225;6.886736570910022;414.38068585102917;-1.0270121296107878e-7
6467.0;0.0;-0.002252408876061616;0.0;3.249892360572107;0.0;0.0;0.0;0.0;0.0;0.03022377755767887;4.436378105699;0.0;2.303362385537266;-6.77086256908928;0.0;0.0;0.0;0.0;0.0;126.72471371616011;421.10232866388225;6.886736570910022;414.38068585102917;-1.0270121296107878e-7
6468.0;0.0;-0.002252408876061616;0.0;3.249892360572107;0.0;0.0;0.0;0.0;0.0;0.03022377755767887;4.436378105699;0.0;2.303362385537266;-6.77086256908928;0.0;0.0;0.0;0.0;0.0;126.72471371616011;421.10232866388225;6.886736570910022;414.38068585102917;-1.0270121296107878e-7
6469.0;0.0;-0.002252408876061616;0.0;3.249892360572107;0.0;0.0;0.0;0.0;0.0;0.03022377755767887;4.436378105699;0.0;2.303362385537266;-6.77086256908928;0.0;0.0;0.0;0.0;0.0;126.72471371616011;421.10232866388225;6.886736570910022;414.38068585102917;-1.0270121296107878e-7
6470.0;0.0;-0.002252408876061616;0.0;3.249892360572107;0.0;0.0;0.0;0.0;0.0;0.03022377755767887;4.436378105699;0.0;2.303362385537266;-6.77086256908928;0.0;0.0;0.0;0.0;0.0;126.72471371616011;421.10232866388225;6.886736570910022;414.38068585102917;-1.0270121296107878e-7
6471.0;0.0;-0.002252408876061616;0.0;3.249892360572107;0.0;0.0;0.0;0.0;0.0;0.03022377755767887;4.436378105699;0.0;2.303362385537266;-6.77086256908928;0.0;0.0;0.0;0.0;0.0;126.72471371616011;421.10232866388225;6.886736570910022;414.38068585102917;-1.0270121296107878e-7
6472.0;0.0;-0.002252408876061616;0.0;3.249892360572107;0.0;0.0;0.0;0.0;0.0;0.03022377755767887;4.436378105699;0.0;2.303362385537266;-6.77086256908928;0.0;0.0;0.0;0.0;0.0;126.72471371616011;421.10232866388225;6.886736570910022;414.38068585102917;-1.0270121296107878e-7
6473.0;0.0;-0.002252408876061616;0.0;3.249892360572107;0.0;0.0;0.0;0.0;0.0;0.03022377755767887;4.436378105699;0.0;2.303362385537266;-6.77086256908928;0.0;0.0;0.0;0.0;0.0;126.72471371616011;421.10232866388225;6.886736570910022;414.38068585102917;-1.0270121296107878e-7
6474.0;0.0;-0.002252408876061616;0.0;3.249892360572107;0.0;0.0;0.0;0.0;0.0;0.03022377755767887;4.436378105699;0.0;2.303362385537266;-6.77086256908928;0.0;0.0;0.0;0.0;0.0;126.72471371616011;421.10232866388225;6.886736570910022;414.38068585102917;-1.0270121296107878e-7
6475.0;0.0;-0.002252408876061616;0.0;3.249892360572107;0.0;0.0;0.0;0.0;0.0;0.03022377755767887;4.436378105699;0.0;2.303362385537266;-6.77086256908928;0.0;0.0;0.0;0.0;0.0;126.72471371616011;421.10232866388225;6.886736570910022;414.38068585102917;-1.0270121296107878e-7
6476.0;0.0;-0.002252408876061616;0.0;3.249892360572107;0.0;0.0;0.0;0.0;0.0;0.03022377755767887;4.436378105699;0.0;2.303362385537266;-6.77086256908928;0.0;0.0;0.0;0.0;0.0;126.72471371616011;421.10232866388225;6.886736570910022;414.38068585102917;-1.0270121296107878e-7
6477.0;0.0;-0.002252408876061616;0.0;3.249892360572107;0.0;0.0;0.0;0.0;0.0;0.03022377755767887;4.436378105699;0.0;2.303362385537266;-6.77086256908928;0.0;0.0;0.0;0.0;0.0;126.72471371616011;421.10232866388225;6.886736570910022;414.38068585102917;-1.0270121296107878e-7
6478.0;0.0;-0.002252408876061616;0.0;3.249892360572107;0.0;0.0;0.0;0.0;0.0;0.03022377755767887;4.436378105699;0.0;2.303362385537266;-6.77086256908928;0.0;0.0;0.0;0.0;0.0;126.72471371616011;421.10232866388225;6.886736570910022;414.38068585102917;-1.0270121296107878e-7
6479.0;0.0;-0.002252408876061616;0.0;3.249892360572107;0.0;0.0;0.0;0.0;0.0;0.03022377755767887;4.436378105699;0.0;2.303362385537266;-6.77086256908928;0.0;0.0;0.0;0.0;0.0;126.72471371616011;421.10232866388225;6.886736570910022;414.38068585102917;-1.0270121296107878e-7
6480.0;0.0;-0.002252408876061616;0.0;3.249892360572107;0.0;0.0;0.0;0.0;0.0;0.03022377755767887;4.436378105699;0.0;2.303362385537266;-6.77086256908928;0.0;0.0;0.0;0.0;0.0;126.72471371616011;421.10232866388225;6.886736570910022;414.38068585102917;-1.0270121296107878e-7
6481.0;0.0;-0.001756541700064725;0.0;3.249892360572107;0.0;0.0;0.0;0.0;0.0;0.0;4.482614713277247;0.0;2.47391942545698;-6.956791918128275;0.0;0.0;0.0;0.0;0.0;126.72471371616011;421.10232866388225;6.886736570910022;414.38068585102917;-1.0270121296107878e-7
6482.0;0.0;-0.001756541700064725;0.0;3.249892360572107;0.0;0.0;0.0;0.0;0.0;0.0;4.482614713277247;0.0;2.47391942545698;-6.956791918128275;0.0;0.0;0.0;0.0;0.0;126.72471371616011;421.10232866388225;6.886736570910022;414.38068585102917;-1.0270121296107878e-7
6483.0;0.0;-0.001756541700064725;0.0;3.249892360572107;0.0;0.0;0.0;0.0;0.0;0.0;4.482614713277247;0.0;2.47391942545698;-6.956791918128275;0.0;0.0;0.0;0.0;0.0;126.72471371616011;421.10232866388225;6.886736570910022;414.38068585102917;-1.0270121296107878e-7
6484.0;0.0;-0.001756541700064725;0.0;3.249892360572107;0.0;0.0;0.0;0.0;0.0;0.0;4.482614713277247;0.0;2.47391942545698;-6.956791918128275;0.0;0.0;0.0;0.0;0.0;126.72471371616011;421.10232866388225;6.886736570910022;414.38068585102917;-1.0270121296107878e-7
6485.0;0.0;-0.001756541700064725;0.0;3.249892360572107;0.0;0.0;0.0;0.0;0.0;0.0;4.482614713277247;0.0;2.47391942545698;-6.956791918128275;0.0;0.0;0.0;0.0;0.0;126.72471371616011;421.10232866388225;6.886736570910022;414.38068585102917;-1.0270121296107878e-7
6486.0;0.0;-0.001756541700064725;0.0;3.249892360572107;0.0;0.0;0.0;0.0;0.0;0.0;4.482614713277247;0.0;2.47391942545698;-6.956791918128275;0.0;0.0;0.0;0.0;0.0;126.72471371616011;421.10232866388225;6.886736570910022;414.38068585102917;-1.0270121296107878e-7
6487.0;0.0;-0.001756541700064725;0.0;3.249892360572107;0.0;0.0;0.0;0.0;0.0;0.0;4.482614713277247;0.0;2.47391942545698;-6.956791918128275;0.0;0.0;0.0;0.0;0.0;126.72471371616011;421.10232866388225;6.886736570910022;414.38068585102917;-1.0270121296107878e-7
6488.0;0.0;-0.001756541700064725;0.0;3.249892360572107;0.0;0.0;0.0;0.0;0.0;0.0;4.482614713277247;0.0;2.47391942545698;-6.956791918128275;0.0;0.0;0.0;0.0;0.0;126.72471371616011;421.10232866388225;6.886736570910022;414.38068585102917;-1.0270121296107878e-7
6489.0;0.0;-0.001756541700064725;0.0;3.249892360572107;0.0;0.0;0.0;0.0;0.0;0.0;4.482614713277247;0.0;2.47391942545698;-6.956791918128275;0.0;0.0;0.0;0.0;0.0;126.72471371616011;421.10232866388225;6.886736570910022;414.38068585102917;-1.0270121296107878e-7
6490.0;0.0;-0.001756541700064725;0.0;3.249892360572107;0.0;0.0;0.0;0.0;0.0;0.0;4.482614713277247;0.0;2.47391942545698;-6.956791918128275;0.0;0.0;0.0;0.0;0.0;126.72471371616011;421.10232866388225;6.886736570910022;414.38068585102917;-1.0270121296107878e-7
6491.0;0.0;-0.001756541700064725;0.0;3.249892360572107;0.0;0.0;0.0;0.0;0.0;0.0;4.482614713277247;0.0;2.47391942545698;-6.956791918128275;0.0;0.0;0.0;0.0;0.0;126.72471371616011;421.10232866388225;6.886736570910022;414.38068585102917;-1.0270121296107878e-7
6492.0;0.0;-0.001756541700064725;0.0;3.249892360572107;0.0;0.0;0.0;0.0;0.0;0.0;4.482614713277247;0.0;2.47391942545698;-6.956791918128275;0.0;0.0;0.0;0.0;0.0;126.72471371616011;421.10232866388225;6.886736570910022;414.38068585102917;-1.0270121296107878e-7
6493.0;0.0;-0.001756541700064725;0.0;3.249892360572107;0.0;0.0;0.0;0.0;0.0;0.0;4.482614713277247;0.0;2.47391942545698;-6.956791918128275;0.0;0.0;0.0;0.0;0.0;126.72471371616011;421.10232866388225;6.886736570910022;414.38068585102917;-1.0270121296107878e-7
6494.0;0.0;-0.001756541700064725;0.0;3.249892360572107;0.0;0.0;0.0;0.0;0.0;0.0;4.482614713277247;0.0;2.47391942545698;-6.956791918128275;0.0;0.0;0.0;0.0;0.0;126.72471371616011;421.10232866388225;6.886736570910022;414.38068585102917;-1.0270121296107878e-7
6495.0;0.0;-0.001756541700064725;0.0;3.249892360572107;0.0;0.0;0.0;0.0;0.0;0.0;4.482614713277247;0.0;2.47391942545698;-6.956791918128275;0.0;0.0;0.0;0.0;0.0;126.72471371616011;421.10232866388225;6.886736570910022;414.38068585102917;-1.0270121296107878e-7
6496.0;0.0;-0.001756541700064725;0.0;3.249892360572107;0.0;0.0;0.0;0.0;0.0;0.0;4.482614713277247;0.0;2.47391942545698;-6.956791918128275;0.0;0.0;0.0;0.0;0.0;126.72471371616011;421.10232866388225;6.886736570910022;414.38068585102917;-1.0270121296107878e-7
6497.0;0.0;-0.001756541700064725;0.0;3.249892360572107;0.0;0.0;0.0;0.0;0.0;0.0;4.482614713277247;0.0;2.47391942545698;-6.956791918128275;0.0;0.0;0.0;0.0;0.0;126.72471371616011;421.10232866388225;6.886736570910022;414.38068585102917;-1.0270121296107878e-7
6498.0;0.0;-0.001756541700064725;0.0;3.249892360572107;0.0;0.0;0.0;0.0;0.0;0.0;4.482614713277247;0.0;2.47391942545698;-6.956791918128275;0.0;0.0;0.0;0.0;0.0;126.72471371616011;421.10232866388225;6.886736570910022;414.38068585102917;-1.0270121296107878e-7
6499.0;0.0;-0.001756541700064725;0.0;3.249892360572107;0.0;0.0;0.0;0.0;0.0;0.0;4.482614713277247;0.0;2.47391942545698;-6.956791918128275;0.0;0.0;0.0;0.0;0.0;126.72471371616011;421.10232866388225;6.886736570910022;414.38068585102917;-1.0270121296107878e-7
6500.0;0.0;-0.001756541700064725;0.0;3.249892360572107;0.0;0.0;0.0;0.0;0.0;0.0;4.482614713277247;0.0;2.47391942545698;-6.956791918128275;0.0;0.0;0.0;0.0;0.0;126.72471371616011;421.10232866388225;6.886736570910022;414.38068585102917;-1.0270121296107878e-7
6501.0;0.0;-0.001756541700064725;0.0;3.249892360572107;0.0;0.0;0.0;0.0;0.0;0.0;4.482614713277247;0.0;2.47391942545698;-6.956791918128275;0.0;0.0;0.0;0.0;0.0;126.72471371616011;421.10232866388225;6.886736570910022;414.38068585102917;-1.0270121296107878e-7
6502.0;0.0;-0.001756541700064725;0.0;3.249892360572107;0.0;0.0;0.0;0.0;0.0;0.0;4.482614713277247;0.0;2.47391942545698;-6.956791918128275;0.0;0.0;0.0;0.0;0.0;126.72471371616011;421.10232866388225;6.886736570910022;414.38068585102917;-1.0270121296107878e-7
6503.0;0.0;-0.001756541700064725;0.0;3.249892360572107;0.0;0.0;0.0;0.0;0.0;0.0;4.482614713277247;0.0;2.47391942545698;-6.956791918128275;0.0;0.0;0.0;0.0;0.0;126.72471371616011;421.10232866388225;6.886736570910022;414.38068585102917;-1.0270121296107878e-7
6504.0;0.0;-0.001756541700064725;0.0;3.249892360572107;0.0;0.0;0.0;0.0;0.0;0.0;4.482614713277247;0.0;2.47391942545698;-6.956791918128275;0.0;0.0;0.0;0.0;0.0;126.72471371616011;421.10232866388225;6.886736570910022;414.38068585102917;-1.0270121296107878e-7
6505.0;0.0;-0.001047609618352079;0.0;3.249892360572107;0.0;0.0;0.0;0.0;0.0;0.0;3.8338632902714593;0.0;3.2661484405760626;-7.100132362606304;0.0;0.0;0.0;0.0;0.0;126.72471371616011;421.10232866388225;6.886736570910022;414.38068585102917;-1.0270121296107878e-7
6506.0;0.0;-0.001047609618352079;0.0;3.249892360572107;0.0;0.0;0.0;0.0;0.0;0.0;3.8338632902714593;0.0;3.2661484405760626;-7.100132362606304;0.0;0.0;0.0;0.0;0.0;126.72471371616011;421.10232866388225;6.886736570910022;414.38068585102917;-1.0270121296107878e-7
6507.0;0.0;-0.001047609618352079;0.0;3.249892360572107;0.0;0.0;0.0;0.0;0.0;0.0;3.8338632902714593;0.0;3.2661484405760626;-7.100132362606304;0.0;0.0;0.0;0.0;0.0;126.72471371616011;421.10232866388225;6.886736570910022;414.38068585102917;-1.0270121296107878e-7
6508.0;0.0;-0.001047609618352079;0.0;3.249892360572107;0.0;0.0;0.0;0.0;0.0;0.0;3.8338632902714593;0.0;3.2661484405760626;-7.100132362606304;0.0;0.0;0.0;0.0;0.0;126.72471371616011;421.10232866388225;6.886736570910022;414.38068585102917;-1.0270121296107878e-7
6509.0;0.0;-0.001047609618352079;0.0;3.249892360572107;0.0;0.0;0.0;0.0;0.0;0.0;3.8338632902714593;0.0;3.2661484405760626;-7.100132362606304;0.0;0.0;0.0;0.0;0.0;126.72471371616011;421.10232866388225;6.886736570910022;414.38068585102917;-1.0270121296107878e-7
6510.0;0.0;-0.001047609618352079;0.0;3.249892360572107;0.0;0.0;0.0;0.0;0.0;0.0;3.8338632902714593;0.0;3.2661484405760626;-7.100132362606304;0.0;0.0;0.0;0.0;0.0;126.72471371616011;421.10232866388225;6.886736570910022;414.38068585102917;-1.0270121296107878e-7
6511.0;0.0;-0.001047609618352079;0.0;3.249892360572107;0.0;0.0;0.0;0.0;0.0;0.0;3.8338632902714593;0.0;3.2661484405760626;-7.100132362606304;0.0;0.0;0.0;0.0;0.0;126.72471371616011;421.10232866388225;6.886736570910022;414.38068585102917;-1.0270121296107878e-7
6512.0;0.0;-0.001047609618352079;0.0;3.249892360572107;0.0;0.0;0.0;0.0;0.0;0.0;3.8338632902714593;0.0;3.2661484405760626;-7.100132362606304;0.0;0.0;0.0;0.0;0.0;126.72471371616011;421.10232866388225;6.886736570910022;414.38068585102917;-1.0270121296107878e-7
6513.0;0.0;-0.001047609618352079;0.0;3.249892360572107;0.0;0.0;0.0;0.0;0.0;0.0;3.8338632902714593;0.0;3.2661484405760626;-7.100132362606304;0.0;0.0;0.0;0.0;0.0;126.72471371616011;421.10232866388225;6.886736570910022;414.38068585102917;-1.0270121296107878e-7
6514.0;0.0;-0.001047609618352079;0.0;3.249892360572107;0.0;0.0;0.0;0.0;0.0;0.0;3.8338632902714593;0.0;3.2661484405760626;-7.100132362606304;0.0;0.0;0.0;0.0;0.0;126.72471371616011;421.10232866388225;6.886736570910022;414.38068585102917;-1.0270121296107878e-7
6515.0;0.0;-0.001047609618352079;0.0;3.249892360572107;0.0;0.0;0.0;0.0;0.0;0.0;3.8338632902714593;0.0;3.2661484405760626;-7.100132362606304;0.0;0.0;0.0;0.0;0.0;126.72471371616011;421.10232866388225;6.886736570910022;414.38068585102917;-1.0270121296107878e-7
6516.0;0.0;-0.001047609618352079;0.0;3.249892360572107;0.0;0.0;0.0;0.0;0.0;0.0;3.8338632902714593;0.0;3.2661484405760626;-7.100132362606304;0.0;0.0;0.0;0.0;0.0;126.72471371616011;421.10232866388225;6.886736570910022;414.38068585102917;-1.0270121296107878e-7
6517.0;0.0;-0.001047609618352079;0.0;3.249892360572107;0.0;0.0;0.0;0.0;0.0;0.0;3.8338632902714593;0.0;3.2661484405760626;-7.100132362606304;0.0;0.0;0.0;0.0;0.0;126.72471371616011;421.10232866388225;6.886736570910022;414.38068585102917;-1.0270121296107878e-7
6518.0;0.0;-0.001047609618352079;0.0;3.249892360572107;0.0;0.0;0.0;0.0;0.0;0.0;3.8338632902714593;0.0;3.2661484405760626;-7.100132362606304;0.0;0.0;0.0;0.0;0.0;126.72471371616011;421.10232866388225;6.886736570910022;414.38068585102917;-1.0270121296107878e-7
6519.0;0.0;-0.001047609618352079;0.0;3.249892360572107;0.0;0.0;0.0;0.0;0.0;0.0;3.8338632902714593;0.0;3.2661484405760626;-7.100132362606304;0.0;0.0;0.0;0.0;0.0;126.72471371616011;421.10232866388225;6.886736570910022;414.38068585102917;-1.0270121296107878e-7
6520.0;0.0;-0.001047609618352079;0.0;3.249892360572107;0.0;0.0;0.0;0.0;0.0;0.0;3.8338632902714593;0.0;3.2661484405760626;-7.100132362606304;0.0;0.0;0.0;0.0;0.0;126.72471371616011;421.10232866388225;6.886736570910022;414.38068585102917;-1.0270121296107878e-7
6521.0;0.0;-0.001047609618352079;0.0;3.249892360572107;0.0;0.0;0.0;0.0;0.0;0.0;3.8338632902714593;0.0;3.2661484405760626;-7.100132362606304;0.0;0.0;0.0;0.0;0.0;126.72471371616011;421.10232866388225;6.886736570910022;414.38068585102917;-1.0270121296107878e-7
6522.0;0.0;-0.001047609618352079;0.0;3.249892360572107;0.0;0.0;0.0;0.0;0.0;0.0;3.8338632902714593;0.0;3.2661484405760626;-7.100132362606304;0.0;0.0;0.0;0.0;0.0;126.72471371616011;421.10232866388225;6.886736570910022;414.38068585102917;-1.0270121296107878e-7
6523.0;0.0;-0.001047609618352079;0.0;3.249892360572107;0.0;0.0;0.0;0.0;0.0;0.0;3.8338632902714593;0.0;3.2661484405760626;-7.100132362606304;0.0;0.0;0.0;0.0;0.0;126.72471371616011;421.10232866388225;6.886736570910022;414.38068585102917;-1.0270121296107878e-7
6524.0;0.0;-0.001047609618352079;0.0;3.249892360572107;0.0;0.0;0.0;0.0;0.0;0.0;3.8338632902714593;0.0;3.2661484405760626;-7.100132362606304;0.0;0.0;0.0;0.0;0.0;126.72471371616011;421.10232866388225;6.886736570910022;414.38068585102917;-1.0270121296107878e-7
6525.0;0.0;-0.001047609618352079;0.0;3.249892360572107;0.0;0.0;0.0;0.0;0.0;0.0;3.8338632902714593;0.0;3.2661484405760626;-7.100132362606304;0.0;0.0;0.0;0.0;0.0;126.72471371616011;421.10232866388225;6.886736570910022;414.38068585102917;-1.0270121296107878e-7
6526.0;0.0;-0.001047609618352079;0.0;3.249892360572107;0.0;0.0;0.0;0.0;0.0;0.0;3.8338632902714593;0.0;3.2661484405760626;-7.100132362606304;0.0;0.0;0.0;0.0;0.0;126.72471371616011;421.10232866388225;6.886736570910022;414.38068585102917;-1.0270121296107878e-7
6527.0;0.0;-0.001047609618352079;0.0;3.249892360572107;0.0;0.0;0.0;0.0;0.0;0.0;3.8338632902714593;0.0;3.2661484405760626;-7.100132362606304;0.0;0.0;0.0;0.0;0.0;126.72471371616011;421.10232866388225;6.886736570910022;414.38068585102917;-1.0270121296107878e-7
6528.0;0.0;-0.001047609618352079;0.0;3.249892360572107;0.0;0.0;0.0;0.0;0.0;0.0;3.8338632902714593;0.0;3.2661484405760626;-7.100132362606304;0.0;0.0;0.0;0.0;0.0;126.72471371616011;421.10232866388225;6.886736570910022;414.38068585102917;-1.0270121296107878e-7
6529.0;0.0;-2.9355628619413186e-5;0.0;3.9027560797263154;0.0;0.0;0.0;0.0;0.0;0.0013760532693982194;1.9946117655939377;1.9989439170782577e-10;4.8535930431722765;-6.8496268917093515;0.0;0.0;0.0;0.0;0.0;134.74736321807777;419.668820606353;9.391004455735155;413.99141377351214;-7.467181956784904e-8
6530.0;0.0;-2.9355628619413186e-5;0.0;3.9027560797263154;0.0;0.0;0.0;0.0;0.0;0.0013760532693982194;1.9946117655939377;1.9989439170782577e-10;4.8535930431722765;-6.8496268917093515;0.0;0.0;0.0;0.0;0.0;134.74736321807777;419.668820606353;9.391004455735155;413.99141377351214;-7.467181956784904e-8
6531.0;0.0;-2.9355628619413186e-5;0.0;3.9027560797263154;0.0;0.0;0.0;0.0;0.0;0.0013760532693982194;1.9946117655939377;1.9989439170782577e-10;4.8535930431722765;-6.8496268917093515;0.0;0.0;0.0;0.0;0.0;134.74736321807777;419.668820606353;9.391004455735155;413.99141377351214;-7.467181956784904e-8
6532.0;0.0;-2.9355628619413186e-5;0.0;3.9027560797263154;0.0;0.0;0.0;0.0;0.0;0.0013760532693982194;1.9946117655939377;1.9989439170782577e-10;4.8535930431722765;-6.8496268917093515;0.0;0.0;0.0;0.0;0.0;134.74736321807777;419.668820606353;9.391004455735155;413.99141377351214;-7.467181956784904e-8
6533.0;0.0;-2.9355628619413186e-5;0.0;3.9027560797263154;0.0;0.0;0.0;0.0;0.0;0.0013760532693982194;1.9946117655939377;1.9989439170782577e-10;4.8535930431722765;-6.8496268917093515;0.0;0.0;0.0;0.0;0.0;134.74736321807777;419.668820606353;9.391004455735155;413.99141377351214;-7.467181956784904e-8
6534.0;0.0;-2.9355628619413186e-5;0.0;3.9027560797263154;0.0;0.0;0.0;0.0;0.0;0.0013760532693982194;1.9946117655939377;1.9989439170782577e-10;4.8535930431722765;-6.8496268917093515;0.0;0.0;0.0;0.0;0.0;134.74736321807777;419.668820606353;9.391004455735155;413.99141377351214;-7.467181956784904e-8
6535.0;0.0;-2.9355628619413186e-5;0.0;3.9027560797263154;0.0;0.0;0.0;0.0;0.0;0.0013760532693982194;1.9946117655939377;1.9989439170782577e-10;4.8535930431722765;-6.8496268917093515;0.0;0.0;0.0;0.0;0.0;134.74736321807777;419.668820606353;9.391004455735155;413.99141377351214;-7.467181956784904e-8
6536.0;0.0;-2.9355628619413186e-5;0.0;3.9027560797263154;0.0;0.0;0.0;0.0;0.0;0.0013760532693982194;1.9946117655939377;1.9989439170782577e-10;4.8535930431722765;-6.8496268917093515;0.0;0.0;0.0;0.0;0.0;134.74736321807777;419.668820606353;9.391004455735155;413.99141377351214;-7.467181956784904e-8
6537.0;0.0;-2.9355628619413186e-5;0.0;3.9027560797263154;0.0;0.0;0.0;0.0;0.0;0.0013760532693982194;1.9946117655939377;1.9989439170782577e-10;4.8535930431722765;-6.8496268917093515;0.0;0.0;0.0;0.0;0.0;134.74736321807777;419.668820606353;9.391004455735155;413.99141377351214;-7.467181956784904e-8
6538.0;0.0;-2.9355628619413186e-5;0.0;3.9027560797263154;0.0;0.0;0.0;0.0;0.0;0.0013760532693982194;1.9946117655939377;1.9989439170782577e-10;4.8535930431722765;-6.8496268917093515;0.0;0.0;0.0;0.0;0.0;134.74736321807777;419.668820606353;9.391004455735155;413.99141377351214;-7.467181956784904e-8
6539.0;0.0;-2.9355628619413186e-5;0.0;3.9027560797263154;0.0;0.0;0.0;0.0;0.0;0.0013760532693982194;1.9946117655939377;1.9989439170782577e-10;4.8535930431722765;-6.8496268917093515;0.0;0.0;0.0;0.0;0.0;134.74736321807777;419.668820606353;9.391004455735155;413.99141377351214;-7.467181956784904e-8
6540.0;0.0;-2.9355628619413186e-5;0.0;3.9027560797263154;0.0;0.0;0.0;0.0;0.0;0.0013760532693982194;1.9946117655939377;1.9989439170782577e-10;4.8535930431722765;-6.8496268917093515;0.0;0.0;0.0;0.0;0.0;134.74736321807777;419.668820606353;9.391004455735155;413.99141377351214;-7.467181956784904e-8
6541.0;0.0;-2.9355628619413186e-5;0.0;3.9027560797263154;0.0;0.0;0.0;0.0;0.0;0.0013760532693982194;1.9946117655939377;1.9989439170782577e-10;4.8535930431722765;-6.8496268917093515;0.0;0.0;0.0;0.0;0.0;134.74736321807777;419.668820606353;9.391004455735155;413.99141377351214;-7.467181956784904e-8
6542.0;0.0;-2.9355628619413186e-5;0.0;3.9027560797263154;0.0;0.0;0.0;0.0;0.0;0.0013760532693982194;1.9946117655939377;1.9989439170782577e-10;4.8535930431722765;-6.8496268917093515;0.0;0.0;0.0;0.0;0.0;134.74736321807777;419.668820606353;9.391004455735155;413.99141377351214;-7.467181956784904e-8
6543.0;0.0;-2.9355628619413186e-5;0.0;3.9027560797263154;0.0;0.0;0.0;0.0;0.0;0.0013760532693982194;1.9946117655939377;1.9989439170782577e-10;4.8535930431722765;-6.8496268917093515;0.0;0.0;0.0;0.0;0.0;134.74736321807777;419.668820606353;9.391004455735155;413.99141377351214;-7.467181956784904e-8
6544.0;0.0;-2.9355628619413186e-5;0.0;3.9027560797263154;0.0;0.0;0.0;0.0;0.0;0.0013760532693982194;1.9946117655939377;1.9989439170782577e-10;4.8535930431722765;-6.8496268917093515;0.0;0.0;0.0;0.0;0.0;134.74736321807777;419.668820606353;9.391004455735155;413.99141377351214;-7.467181956784904e-8
6545.0;0.0;-2.9355628619413186e-5;0.0;3.9027560797263154;0.0;0.0;0.0;0.0;0.0;0.0013760532693982194;1.9946117655939377;1.9989439170782577e-10;4.8535930431722765;-6.8496268917093515;0.0;0.0;0.0;0.0;0.0;134.74736321807777;419.668820606353;9.391004455735155;413.99141377351214;-7.467181956784904e-8
6546.0;0.0;-2.9355628619413186e-5;0.0;3.9027560797263154;0.0;0.0;0.0;0.0;0.0;0.0013760532693982194;1.9946117655939377;1.9989439170782577e-10;4.8535930431722765;-6.8496268917093515;0.0;0.0;0.0;0.0;0.0;134.74736321807777;419.668820606353;9.391004455735155;413.99141377351214;-7.467181956784904e-8
6547.0;0.0;-2.9355628619413186e-5;0.0;3.9027560797263154;0.0;0.0;0.0;0.0;0.0;0.0013760532693982194;1.9946117655939377;1.9989439170782577e-10;4.8535930431722765;-6.8496268917093515;0.0;0.0;0.0;0.0;0.0;134.74736321807777;419.668820606353;9.391004455735155;413.99141377351214;-7.467181956784904e-8
6548.0;0.0;-2.9355628619413186e-5;0.0;3.9027560797263154;0.0;0.0;0.0;0.0;0.0;0.0013760532693982194;1.9946117655939377;1.9989439170782577e-10;4.8535930431722765;-6.8496268917093515;0.0;0.0;0.0;0.0;0.0;134.74736321807777;419.668820606353;9.391004455735155;413.99141377351214;-7.467181956784904e-8
6549.0;0.0;-2.9355628619413186e-5;0.0;3.9027560797263154;0.0;0.0;0.0;0.0;0.0;0.0013760532693982194;1.9946117655939377;1.9989439170782577e-10;4.8535930431722765;-6.8496268917093515;0.0;0.0;0.0;0.0;0.0;134.74736321807777;419.668820606353;9.391004455735155;413.99141377351214;-7.467181956784904e-8
6550.0;0.0;-2.9355628619413186e-5;0.0;3.9027560797263154;0.0;0.0;0.0;0.0;0.0;0.0013760532693982194;1.9946117655939377;1.9989439170782577e-10;4.8535930431722765;-6.8496268917093515;0.0;0.0;0.0;0.0;0.0;134.74736321807777;419.668820606353;9.391004455735155;413.99141377351214;-7.467181956784904e-8
6551.0;0.0;-2.9355628619413186e-5;0.0;3.9027560797263154;0.0;0.0;0.0;0.0;0.0;0.0013760532693982194;1.9946117655939377;1.9989439170782577e-10;4.8535930431722765;-6.8496268917093515;0.0;0.0;0.0;0.0;0.0;134.74736321807777;419.668820606353;9.391004455735155;413.99141377351214;-7.467181956784904e-8
6552.0;0.0;-2.9355628619413186e-5;0.0;3.9027560797263154;0.0;0.0;0.0;0.0;0.0;0.0013760532693982194;1.9946117655939377;1.9989439170782577e-10;4.8535930431722765;-6.8496268917093515;0.0;0.0;0.0;0.0;0.0;134.74736321807777;419.668820606353;9.391004455735155;413.99141377351214;-7.467181956784904e-8
6553.0;0.0;0.001156332185886131;0.0;3.9027560797263154;0.0;0.0;0.0;0.0;0.0;0.005435575279939705;2.025849477907295;1.5840258446190498e-10;4.793989597934151;-6.824817376817429;0.0;0.0;0.0;0.0;0.0;134.74736321807777;419.668820606353;9.391004455735155;413.99141377351214;-7.467181956784904e-8
6554.0;0.0;0.001156332185886131;0.0;3.9027560797263154;0.0;0.0;0.0;0.0;0.0;0.005435575279939705;2.025849477907295;1.5840258446190498e-10;4.793989597934151;-6.824817376817429;0.0;0.0;0.0;0.0;0.0;134.74736321807777;419.668820606353;9.391004455735155;413.99141377351214;-7.467181956784904e-8
6555.0;0.0;0.001156332185886131;0.0;3.9027560797263154;0.0;0.0;0.0;0.0;0.0;0.005435575279939705;2.025849477907295;1.5840258446190498e-10;4.793989597934151;-6.824817376817429;0.0;0.0;0.0;0.0;0.0;134.74736321807777;419.668820606353;9.391004455735155;413.99141377351214;-7.467181956784904e-8
6556.0;0.0;0.001156332185886131;0.0;3.9027560797263154;0.0;0.0;0.0;0.0;0.0;0.005435575279939705;2.025849477907295;1.5840258446190498e-10;4.793989597934151;-6.824817376817429;0.0;0.0;0.0;0.0;0.0;134.74736321807777;419.668820606353;9.391004455735155;413.99141377351214;-7.467181956784904e-8
6557.0;0.0;0.001156332185886131;0.0;3.9027560797263154;0.0;0.0;0.0;0.0;0.0;0.005435575279939705;2.025849477907295;1.5840258446190498e-10;4.793989597934151;-6.824817376817429;0.0;0.0;0.0;0.0;0.0;134.74736321807777;419.668820606353;9.391004455735155;413.99141377351214;-7.467181956784904e-8
6558.0;0.0;0.001156332185886131;0.0;3.9027560797263154;0.0;0.0;0.0;0.0;0.0;0.005435575279939705;2.025849477907295;1.5840258446190498e-10;4.793989597934151;-6.824817376817429;0.0;0.0;0.0;0.0;0.0;134.74736321807777;419.668820606353;9.391004455735155;413.99141377351214;-7.467181956784904e-8
6559.0;0.0;0.001156332185886131;0.0;3.9027560797263154;0.0;0.0;0.0;0.0;0.0;0.005435575279939705;2.025849477907295;1.5840258446190498e-10;4.793989597934151;-6.824817376817429;0.0;0.0;0.0;0.0;0.0;134.74736321807777;419.668820606353;9.391004455735155;413.99141377351214;-7.467181956784904e-8
6560.0;0.0;0.001156332185886131;0.0;3.9027560797263154;0.0;0.0;0.0;0.0;0.0;0.005435575279939705;2.025849477907295;1.5840258446190498e-10;4.793989597934151;-6.824817376817429;0.0;0.0;0.0;0.0;0.0;134.74736321807777;419.668820606353;9.391004455735155;413.99141377351214;-7.467181956784904e-8
6561.0;0.0;0.001156332185886131;0.0;3.9027560797263154;0.0;0.0;0.0;0.0;0.0;0.005435575279939705;2.025849477907295;1.5840258446190498e-10;4.793989597934151;-6.824817376817429;0.0;0.0;0.0;0.0;0.0;134.74736321807777;419.668820606353;9.391004455735155;413.99141377351214;-7.467181956784904e-8
6562.0;0.0;0.001156332185886131;0.0;3.9027560797263154;0.0;0.0;0.0;0.0;0.0;0.005435575279939705;2.025849477907295;1.5840258446190498e-10;4.793989597934151;-6.824817376817429;0.0;0.0;0.0;0.0;0.0;134.74736321807777;419.668820606353;9.391004455735155;413.99141377351214;-7.467181956784904e-8
6563.0;0.0;0.001156332185886131;0.0;3.9027560797263154;0.0;0.0;0.0;0.0;0.0;0.005435575279939705;2.025849477907295;1.5840258446190498e-10;4.793989597934151;-6.824817376817429;0.0;0.0;0.0;0.0;0.0;134.74736321807777;419.668820606353;9.391004455735155;413.99141377351214;-7.467181956784904e-8
6564.0;0.0;0.001156332185886131;0.0;3.9027560797263154;0.0;0.0;0.0;0.0;0.0;0.005435575279939705;2.025849477907295;1.5840258446190498e-10;4.793989597934151;-6.824817376817429;0.0;0.0;0.0;0.0;0.0;134.74736321807777;419.668820606353;9.391004455735155;413.99141377351214;-7.467181956784904e-8
6565.0;0.0;0.001156332185886131;0.0;3.9027560797263154;0.0;0.0;0.0;0.0;0.0;0.005435575279939705;2.025849477907295;1.5840258446190498e-10;4.793989597934151;-6.824817376817429;0.0;0.0;0.0;0.0;0.0;134.74736321807777;419.668820606353;9.391004455735155;413.99141377351214;-7.467181956784904e-8
6566.0;0.0;0.001156332185886131;0.0;3.9027560797263154;0.0;0.0;0.0;0.0;0.0;0.005435575279939705;2.025849477907295;1.5840258446190498e-10;4.793989597934151;-6.824817376817429;0.0;0.0;0.0;0.0;0.0;134.74736321807777;419.668820606353;9.391004455735155;413.99141377351214;-7.467181956784904e-8
6567.0;0.0;0.001156332185886131;0.0;3.9027560797263154;0.0;0.0;0.0;0.0;0.0;0.005435575279939705;2.025849477907295;1.5840258446190498e-10;4.793989597934151;-6.824817376817429;0.0;0.0;0.0;0.0;0.0;134.74736321807777;419.668820606353;9.391004455735155;413.99141377351214;-7.467181956784904e-8
6568.0;0.0;0.001156332185886131;0.0;3.9027560797263154;0.0;0.0;0.0;0.0;0.0;0.005435575279939705;2.025849477907295;1.5840258446190498e-10;4.793989597934151;-6.824817376817429;0.0;0.0;0.0;0.0;0.0;134.74736321807777;419.668820606353;9.391004455735155;413.99141377351214;-7.467181956784904e-8
6569.0;0.0;0.001156332185886131;0.0;3.9027560797263154;0.0;0.0;0.0;0.0;0.0;0.005435575279939705;2.025849477907295;1.5840258446190498e-10;4.793989597934151;-6.824817376817429;0.0;0.0;0.0;0.0;0.0;134.74736321807777;419.668820606353;9.391004455735155;413.99141377351214;-7.467181956784904e-8
6570.0;0.0;0.001156332185886131;0.0;3.9027560797263154;0.0;0.0;0.0;0.0;0.0;0.005435575279939705;2.025849477907295;1.5840258446190498e-10;4.793989597934151;-6.824817376817429;0.0;0.0;0.0;0.0;0.0;134.74736321807777;419.668820606353;9.391004455735155;413.99141377351214;-7.467181956784904e-8
6571.0;0.0;0.001156332185886131;0.0;3.9027560797263154;0.0;0.0;0.0;0.0;0.0;0.005435575279939705;2.025849477907295;1.5840258446190498e-10;4.793989597934151;-6.824817376817429;0.0;0.0;0.0;0.0;0.0;134.74736321807777;419.668820606353;9.391004455735155;413.99141377351214;-7.467181956784904e-8
6572.0;0.0;0.001156332185886131;0.0;3.9027560797263154;0.0;0.0;0.0;0.0;0.0;0.005435575279939705;2.025849477907295;1.5840258446190498e-10;4.793989597934151;-6.824817376817429;0.0;0.0;0.0;0.0;0.0;134.74736321807777;419.668820606353;9.391004455735155;413.99141377351214;-7.467181956784904e-8
6573.0;0.0;0.001156332185886131;0.0;3.9027560797263154;0.0;0.0;0.0;0.0;0.0;0.005435575279939705;2.025849477907295;1.5840258446190498e-10;4.793989597934151;-6.824817376817429;0.0;0.0;0.0;0.0;0.0;134.74736321807777;419.668820606353;9.391004455735155;413.99141377351214;-7.467181956784904e-8
6574.0;0.0;0.001156332185886131;0.0;3.9027560797263154;0.0;0.0;0.0;0.0;0.0;0.005435575279939705;2.025849477907295;1.5840258446190498e-10;4.793989597934151;-6.824817376817429;0.0;0.0;0.0;0.0;0.0;134.74736321807777;419.668820606353;9.391004455735155;413.99141377351214;-7.467181956784904e-8
6575.0;0.0;0.001156332185886131;0.0;3.9027560797263154;0.0;0.0;0.0;0.0;0.0;0.005435575279939705;2.025849477907295;1.5840258446190498e-10;4.793989597934151;-6.824817376817429;0.0;0.0;0.0;0.0;0.0;134.74736321807777;419.668820606353;9.391004455735155;413.99141377351214;-7.467181956784904e-8
6576.0;0.0;0.001156332185886131;0.0;3.9027560797263154;0.0;0.0;0.0;0.0;0.0;0.005435575279939705;2.025849477907295;1.5840258446190498e-10;4.793989597934151;-6.824817376817429;0.0;0.0;0.0;0.0;0.0;134.74736321807777;419.668820606353;9.391004455735155;413.99141377351214;-7.467181956784904e-8
6577.0;0.0;6.29198311168896e-5;0.0;3.9027560797263154;0.0;0.0;0.0;0.0;0.0;0.02605972268036813;4.357535677701389;0.0;2.465111364033125;-6.848562069557727;0.0;0.0;0.0;0.0;0.0;134.74736321807777;419.668820606353;9.391004455735155;413.99141377351214;-7.467181956784904e-8
6578.0;0.0;6.29198311168896e-5;0.0;3.9027560797263154;0.0;0.0;0.0;0.0;0.0;0.02605972268036813;4.357535677701389;0.0;2.465111364033125;-6.848562069557727;0.0;0.0;0.0;0.0;0.0;134.74736321807777;419.668820606353;9.391004455735155;413.99141377351214;-7.467181956784904e-8
6579.0;0.0;6.29198311168896e-5;0.0;3.9027560797263154;0.0;0.0;0.0;0.0;0.0;0.02605972268036813;4.357535677701389;0.0;2.465111364033125;-6.848562069557727;0.0;0.0;0.0;0.0;0.0;134.74736321807777;419.668820606353;9.391004455735155;413.99141377351214;-7.467181956784904e-8
6580.0;0.0;6.29198311168896e-5;0.0;3.9027560797263154;0.0;0.0;0.0;0.0;0.0;0.02605972268036813;4.357535677701389;0.0;2.465111364033125;-6.848562069557727;0.0;0.0;0.0;0.0;0.0;134.74736321807777;419.668820606353;9.391004455735155;413.99141377351214;-7.467181956784904e-8
6581.0;0.0;6.29198311168896e-5;0.0;3.9027560797263154;0.0;0.0;0.0;0.0;0.0;0.02605972268036813;4.357535677701389;0.0;2.465111364033125;-6.848562069557727;0.0;0.0;0.0;0.0;0.0;134.74736321807777;419.668820606353;9.391004455735155;413.99141377351214;-7.467181956784904e-8
6582.0;0.0;6.29198311168896e-5;0.0;3.9027560797263154;0.0;0.0;0.0;0.0;0.0;0.02605972268036813;4.357535677701389;0.0;2.465111364033125;-6.848562069557727;0.0;0.0;0.0;0.0;0.0;134.74736321807777;419.668820606353;9.391004455735155;413.99141377351214;-7.467181956784904e-8
6583.0;0.0;6.29198311168896e-5;0.0;3.9027560797263154;0.0;0.0;0.0;0.0;0.0;0.02605972268036813;4.357535677701389;0.0;2.465111364033125;-6.848562069557727;0.0;0.0;0.0;0.0;0.0;134.74736321807777;419.668820606353;9.391004455735155;413.99141377351214;-7.467181956784904e-8
6584.0;0.0;6.29198311168896e-5;0.0;3.9027560797263154;0.0;0.0;0.0;0.0;0.0;0.02605972268036813;4.357535677701389;0.0;2.465111364033125;-6.848562069557727;0.0;0.0;0.0;0.0;0.0;134.74736321807777;419.668820606353;9.391004455735155;413.99141377351214;-7.467181956784904e-8
6585.0;0.0;6.29198311168896e-5;0.0;3.9027560797263154;0.0;0.0;0.0;0.0;0.0;0.02605972268036813;4.357535677701389;0.0;2.465111364033125;-6.848562069557727;0.0;0.0;0.0;0.0;0.0;134.74736321807777;419.668820606353;9.391004455735155;413.99141377351214;-7.467181956784904e-8
6586.0;0.0;6.29198311168896e-5;0.0;3.9027560797263154;0.0;0.0;0.0;0.0;0.0;0.02605972268036813;4.357535677701389;0.0;2.465111364033125;-6.848562069557727;0.0;0.0;0.0;0.0;0.0;134.74736321807777;419.668820606353;9.391004455735155;413.99141377351214;-7.467181956784904e-8
6587.0;0.0;6.29198311168896e-5;0.0;3.9027560797263154;0.0;0.0;0.0;0.0;0.0;0.02605972268036813;4.357535677701389;0.0;2.465111364033125;-6.848562069557727;0.0;0.0;0.0;0.0;0.0;134.74736321807777;419.668820606353;9.391004455735155;413.99141377351214;-7.467181956784904e-8
6588.0;0.0;6.29198311168896e-5;0.0;3.9027560797263154;0.0;0.0;0.0;0.0;0.0;0.02605972268036813;4.357535677701389;0.0;2.465111364033125;-6.848562069557727;0.0;0.0;0.0;0.0;0.0;134.74736321807777;419.668820606353;9.391004455735155;413.99141377351214;-7.467181956784904e-8
6589.0;0.0;6.29198311168896e-5;0.0;3.9027560797263154;0.0;0.0;0.0;0.0;0.0;0.02605972268036813;4.357535677701389;0.0;2.465111364033125;-6.848562069557727;0.0;0.0;0.0;0.0;0.0;134.74736321807777;419.668820606353;9.391004455735155;413.99141377351214;-7.467181956784904e-8
6590.0;0.0;6.29198311168896e-5;0.0;3.9027560797263154;0.0;0.0;0.0;0.0;0.0;0.02605972268036813;4.357535677701389;0.0;2.465111364033125;-6.848562069557727;0.0;0.0;0.0;0.0;0.0;134.74736321807777;419.668820606353;9.391004455735155;413.99141377351214;-7.467181956784904e-8
6591.0;0.0;6.29198311168896e-5;0.0;3.9027560797263154;0.0;0.0;0.0;0.0;0.0;0.02605972268036813;4.357535677701389;0.0;2.465111364033125;-6.848562069557727;0.0;0.0;0.0;0.0;0.0;134.74736321807777;419.668820606353;9.391004455735155;413.99141377351214;-7.467181956784904e-8
6592.0;0.0;6.29198311168896e-5;0.0;3.9027560797263154;0.0;0.0;0.0;0.0;0.0;0.02605972268036813;4.357535677701389;0.0;2.465111364033125;-6.848562069557727;0.0;0.0;0.0;0.0;0.0;134.74736321807777;419.668820606353;9.391004455735155;413.99141377351214;-7.467181956784904e-8
6593.0;0.0;6.29198311168896e-5;0.0;3.9027560797263154;0.0;0.0;0.0;0.0;0.0;0.02605972268036813;4.357535677701389;0.0;2.465111364033125;-6.848562069557727;0.0;0.0;0.0;0.0;0.0;134.74736321807777;419.668820606353;9.391004455735155;413.99141377351214;-7.467181956784904e-8
6594.0;0.0;6.29198311168896e-5;0.0;3.9027560797263154;0.0;0.0;0.0;0.0;0.0;0.02605972268036813;4.357535677701389;0.0;2.465111364033125;-6.848562069557727;0.0;0.0;0.0;0.0;0.0;134.74736321807777;419.668820606353;9.391004455735155;413.99141377351214;-7.467181956784904e-8
6595.0;0.0;6.29198311168896e-5;0.0;3.9027560797263154;0.0;0.0;0.0;0.0;0.0;0.02605972268036813;4.357535677701389;0.0;2.465111364033125;-6.848562069557727;0.0;0.0;0.0;0.0;0.0;134.74736321807777;419.668820606353;9.391004455735155;413.99141377351214;-7.467181956784904e-8
6596.0;0.0;6.29198311168896e-5;0.0;3.9027560797263154;0.0;0.0;0.0;0.0;0.0;0.02605972268036813;4.357535677701389;0.0;2.465111364033125;-6.848562069557727;0.0;0.0;0.0;0.0;0.0;134.74736321807777;419.668820606353;9.391004455735155;413.99141377351214;-7.467181956784904e-8
6597.0;0.0;6.29198311168896e-5;0.0;3.9027560797263154;0.0;0.0;0.0;0.0;0.0;0.02605972268036813;4.357535677701389;0.0;2.465111364033125;-6.848562069557727;0.0;0.0;0.0;0.0;0.0;134.74736321807777;419.668820606353;9.391004455735155;413.99141377351214;-7.467181956784904e-8
6598.0;0.0;6.29198311168896e-5;0.0;3.9027560797263154;0.0;0.0;0.0;0.0;0.0;0.02605972268036813;4.357535677701389;0.0;2.465111364033125;-6.848562069557727;0.0;0.0;0.0;0.0;0.0;134.74736321807777;419.668820606353;9.391004455735155;413.99141377351214;-7.467181956784904e-8
6599.0;0.0;6.29198311168896e-5;0.0;3.9027560797263154;0.0;0.0;0.0;0.0;0.0;0.02605972268036813;4.357535677701389;0.0;2.465111364033125;-6.848562069557727;0.0;0.0;0.0;0.0;0.0;134.74736321807777;419.668820606353;9.391004455735155;413.99141377351214;-7.467181956784904e-8
6600.0;0.0;6.29198311168896e-5;0.0;3.9027560797263154;0.0;0.0;0.0;0.0;0.0;0.02605972268036813;4.357535677701389;0.0;2.465111364033125;-6.848562069557727;0.0;0.0;0.0;0.0;0.0;134.74736321807777;419.668820606353;9.391004455735155;413.99141377351214;-7.467181956784904e-8
6601.0;0.0;-0.0004945590515920649;0.0;3.9027560797263154;0.0;0.0;0.0;0.0;0.0;0.00011756682412722614;4.557674834990148;0.0;2.6154363838860775;-7.1732792380774315;0.0;0.0;0.0;0.0;0.0;134.74736321807777;419.668820606353;9.391004455735155;413.99141377351214;-7.467181956784904e-8
6602.0;0.0;-0.0004945590515920649;0.0;3.9027560797263154;0.0;0.0;0.0;0.0;0.0;0.00011756682412722614;4.557674834990148;0.0;2.6154363838860775;-7.1732792380774315;0.0;0.0;0.0;0.0;0.0;134.74736321807777;419.668820606353;9.391004455735155;413.99141377351214;-7.467181956784904e-8
6603.0;0.0;-0.0004945590515920649;0.0;3.9027560797263154;0.0;0.0;0.0;0.0;0.0;0.00011756682412722614;4.557674834990148;0.0;2.6154363838860775;-7.1732792380774315;0.0;0.0;0.0;0.0;0.0;134.74736321807777;419.668820606353;9.391004455735155;413.99141377351214;-7.467181956784904e-8
6604.0;0.0;-0.0004945590515920649;0.0;3.9027560797263154;0.0;0.0;0.0;0.0;0.0;0.00011756682412722614;4.557674834990148;0.0;2.6154363838860775;-7.1732792380774315;0.0;0.0;0.0;0.0;0.0;134.74736321807777;419.668820606353;9.391004455735155;413.99141377351214;-7.467181956784904e-8
6605.0;0.0;-0.0004945590515920649;0.0;3.9027560797263154;0.0;0.0;0.0;0.0;0.0;0.00011756682412722614;4.557674834990148;0.0;2.6154363838860775;-7.1732792380774315;0.0;0.0;0.0;0.0;0.0;134.74736321807777;419.668820606353;9.391004455735155;413.99141377351214;-7.467181956784904e-8
6606.0;0.0;-0.0004945590515920649;0.0;3.9027560797263154;0.0;0.0;0.0;0.0;0.0;0.00011756682412722614;4.557674834990148;0.0;2.6154363838860775;-7.1732792380774315;0.0;0.0;0.0;0.0;0.0;134.74736321807777;419.668820606353;9.391004455735155;413.99141377351214;-7.467181956784904e-8
6607.0;0.0;-0.0004945590515920649;0.0;3.9027560797263154;0.0;0.0;0.0;0.0;0.0;0.00011756682412722614;4.557674834990148;0.0;2.6154363838860775;-7.1732792380774315;0.0;0.0;0.0;0.0;0.0;134.74736321807777;419.668820606353;9.391004455735155;413.99141377351214;-7.467181956784904e-8
6608.0;0.0;-0.0004945590515920649;0.0;3.9027560797263154;0.0;0.0;0.0;0.0;0.0;0.00011756682412722614;4.557674834990148;0.0;2.6154363838860775;-7.1732792380774315;0.0;0.0;0.0;0.0;0.0;134.74736321807777;419.668820606353;9.391004455735155;413.99141377351214;-7.467181956784904e-8
6609.0;0.0;-0.0004945590515920649;0.0;3.9027560797263154;0.0;0.0;0.0;0.0;0.0;0.00011756682412722614;4.557674834990148;0.0;2.6154363838860775;-7.1732792380774315;0.0;0.0;0.0;0.0;0.0;134.74736321807777;419.668820606353;9.391004455735155;413.99141377351214;-7.467181956784904e-8
6610.0;0.0;-0.0004945590515920649;0.0;3.9027560797263154;0.0;0.0;0.0;0.0;0.0;0.00011756682412722614;4.557674834990148;0.0;2.6154363838860775;-7.1732792380774315;0.0;0.0;0.0;0.0;0.0;134.74736321807777;419.668820606353;9.391004455735155;413.99141377351214;-7.467181956784904e-8
6611.0;0.0;-0.0004945590515920649;0.0;3.9027560797263154;0.0;0.0;0.0;0.0;0.0;0.00011756682412722614;4.557674834990148;0.0;2.6154363838860775;-7.1732792380774315;0.0;0.0;0.0;0.0;0.0;134.74736321807777;419.668820606353;9.391004455735155;413.99141377351214;-7.467181956784904e-8
6612.0;0.0;-0.0004945590515920649;0.0;3.9027560797263154;0.0;0.0;0.0;0.0;0.0;0.00011756682412722614;4.557674834990148;0.0;2.6154363838860775;-7.1732792380774315;0.0;0.0;0.0;0.0;0.0;134.74736321807777;419.668820606353;9.391004455735155;413.99141377351214;-7.467181956784904e-8
6613.0;0.0;-0.0004945590515920649;0.0;3.9027560797263154;0.0;0.0;0.0;0.0;0.0;0.00011756682412722614;4.557674834990148;0.0;2.6154363838860775;-7.1732792380774315;0.0;0.0;0.0;0.0;0.0;134.74736321807777;419.668820606353;9.391004455735155;413.99141377351214;-7.467181956784904e-8
6614.0;0.0;-0.0004945590515920649;0.0;3.9027560797263154;0.0;0.0;0.0;0.0;0.0;0.00011756682412722614;4.557674834990148;0.0;2.6154363838860775;-7.1732792380774315;0.0;0.0;0.0;0.0;0.0;134.74736321807777;419.668820606353;9.391004455735155;413.99141377351214;-7.467181956784904e-8
6615.0;0.0;-0.0004945590515920649;0.0;3.9027560797263154;0.0;0.0;0.0;0.0;0.0;0.00011756682412722614;4.557674834990148;0.0;2.6154363838860775;-7.1732792380774315;0.0;0.0;0.0;0.0;0.0;134.74736321807777;419.668820606353;9.391004455735155;413.99141377351214;-7.467181956784904e-8
6616.0;0.0;-0.0004945590515920649;0.0;3.9027560797263154;0.0;0.0;0.0;0.0;0.0;0.00011756682412722614;4.557674834990148;0.0;2.6154363838860775;-7.1732792380774315;0.0;0.0;0.0;0.0;0.0;134.74736321807777;419.668820606353;9.391004455735155;413.99141377351214;-7.467181956784904e-8
6617.0;0.0;-0.0004945590515920649;0.0;3.9027560797263154;0.0;0.0;0.0;0.0;0.0;0.00011756682412722614;4.557674834990148;0.0;2.6154363838860775;-7.1732792380774315;0.0;0.0;0.0;0.0;0.0;134.74736321807777;419.668820606353;9.391004455735155;413.99141377351214;-7.467181956784904e-8
6618.0;0.0;-0.0004945590515920649;0.0;3.9027560797263154;0.0;0.0;0.0;0.0;0.0;0.00011756682412722614;4.557674834990148;0.0;2.6154363838860775;-7.1732792380774315;0.0;0.0;0.0;0.0;0.0;134.74736321807777;419.668820606353;9.391004455735155;413.99141377351214;-7.467181956784904e-8
6619.0;0.0;-0.0004945590515920649;0.0;3.9027560797263154;0.0;0.0;0.0;0.0;0.0;0.00011756682412722614;4.557674834990148;0.0;2.6154363838860775;-7.1732792380774315;0.0;0.0;0.0;0.0;0.0;134.74736321807777;419.668820606353;9.391004455735155;413.99141377351214;-7.467181956784904e-8
6620.0;0.0;-0.0004945590515920649;0.0;3.9027560797263154;0.0;0.0;0.0;0.0;0.0;0.00011756682412722614;4.557674834990148;0.0;2.6154363838860775;-7.1732792380774315;0.0;0.0;0.0;0.0;0.0;134.74736321807777;419.668820606353;9.391004455735155;413.99141377351214;-7.467181956784904e-8
6621.0;0.0;-0.0004945590515920649;0.0;3.9027560797263154;0.0;0.0;0.0;0.0;0.0;0.00011756682412722614;4.557674834990148;0.0;2.6154363838860775;-7.1732792380774315;0.0;0.0;0.0;0.0;0.0;134.74736321807777;419.668820606353;9.391004455735155;413.99141377351214;-7.467181956784904e-8
6622.0;0.0;-0.0004945590515920649;0.0;3.9027560797263154;0.0;0.0;0.0;0.0;0.0;0.00011756682412722614;4.557674834990148;0.0;2.6154363838860775;-7.1732792380774315;0.0;0.0;0.0;0.0;0.0;134.74736321807777;419.668820606353;9.391004455735155;413.99141377351214;-7.467181956784904e-8
6623.0;0.0;-0.0004945590515920649;0.0;3.9027560797263154;0.0;0.0;0.0;0.0;0.0;0.00011756682412722614;4.557674834990148;0.0;2.6154363838860775;-7.1732792380774315;0.0;0.0;0.0;0.0;0.0;134.74736321807777;419.668820606353;9.391004455735155;413.99141377351214;-7.467181956784904e-8
6624.0;0.0;-0.0004945590515920649;0.0;3.9027560797263154;0.0;0.0;0.0;0.0;0.0;0.00011756682412722614;4.557674834990148;0.0;2.6154363838860775;-7.1732792380774315;0.0;0.0;0.0;0.0;0.0;134.74736321807777;419.668820606353;9.391004455735155;413.99141377351214;-7.467181956784904e-8
6625.0;0.0;-0.0004780924795577736;0.0;3.9027560797263154;0.0;0.0;0.0;0.0;0.0;0.00010912546605274433;4.497856210738345;0.0;2.5741943665096128;-7.072207985573922;0.0;0.0;0.0;0.0;0.0;134.74736321807777;419.668820606353;9.391004455735155;413.99141377351214;-7.467181956784904e-8
6626.0;0.0;-0.0004780924795577736;0.0;3.9027560797263154;0.0;0.0;0.0;0.0;0.0;0.00010912546605274433;4.497856210738345;0.0;2.5741943665096128;-7.072207985573922;0.0;0.0;0.0;0.0;0.0;134.74736321807777;419.668820606353;9.391004455735155;413.99141377351214;-7.467181956784904e-8
6627.0;0.0;-0.0004780924795577736;0.0;3.9027560797263154;0.0;0.0;0.0;0.0;0.0;0.00010912546605274433;4.497856210738345;0.0;2.5741943665096128;-7.072207985573922;0.0;0.0;0.0;0.0;0.0;134.74736321807777;419.668820606353;9.391004455735155;413.99141377351214;-7.467181956784904e-8
6628.0;0.0;-0.0004780924795577736;0.0;3.9027560797263154;0.0;0.0;0.0;0.0;0.0;0.00010912546605274433;4.497856210738345;0.0;2.5741943665096128;-7.072207985573922;0.0;0.0;0.0;0.0;0.0;134.74736321807777;419.668820606353;9.391004455735155;413.99141377351214;-7.467181956784904e-8
6629.0;0.0;-0.0004780924795577736;0.0;3.9027560797263154;0.0;0.0;0.0;0.0;0.0;0.00010912546605274433;4.497856210738345;0.0;2.5741943665096128;-7.072207985573922;0.0;0.0;0.0;0.0;0.0;134.74736321807777;419.668820606353;9.391004455735155;413.99141377351214;-7.467181956784904e-8
6630.0;0.0;-0.0004780924795577736;0.0;3.9027560797263154;0.0;0.0;0.0;0.0;0.0;0.00010912546605274433;4.497856210738345;0.0;2.5741943665096128;-7.072207985573922;0.0;0.0;0.0;0.0;0.0;134.74736321807777;419.668820606353;9.391004455735155;413.99141377351214;-7.467181956784904e-8
6631.0;0.0;-0.0004780924795577736;0.0;3.9027560797263154;0.0;0.0;0.0;0.0;0.0;0.00010912546605274433;4.497856210738345;0.0;2.5741943665096128;-7.072207985573922;0.0;0.0;0.0;0.0;0.0;134.74736321807777;419.668820606353;9.391004455735155;413.99141377351214;-7.467181956784904e-8
6632.0;0.0;-0.0004780924795577736;0.0;3.9027560797263154;0.0;0.0;0.0;0.0;0.0;0.00010912546605274433;4.497856210738345;0.0;2.5741943665096128;-7.072207985573922;0.0;0.0;0.0;0.0;0.0;134.74736321807777;419.668820606353;9.391004455735155;413.99141377351214;-7.467181956784904e-8
6633.0;0.0;-0.0004780924795577736;0.0;3.9027560797263154;0.0;0.0;0.0;0.0;0.0;0.00010912546605274433;4.497856210738345;0.0;2.5741943665096128;-7.072207985573922;0.0;0.0;0.0;0.0;0.0;134.74736321807777;419.668820606353;9.391004455735155;413.99141377351214;-7.467181956784904e-8
6634.0;0.0;-0.0004780924795577736;0.0;3.9027560797263154;0.0;0.0;0.0;0.0;0.0;0.00010912546605274433;4.497856210738345;0.0;2.5741943665096128;-7.072207985573922;0.0;0.0;0.0;0.0;0.0;134.74736321807777;419.668820606353;9.391004455735155;413.99141377351214;-7.467181956784904e-8
6635.0;0.0;-0.0004780924795577736;0.0;3.9027560797263154;0.0;0.0;0.0;0.0;0.0;0.00010912546605274433;4.497856210738345;0.0;2.5741943665096128;-7.072207985573922;0.0;0.0;0.0;0.0;0.0;134.74736321807777;419.668820606353;9.391004455735155;413.99141377351214;-7.467181956784904e-8
6636.0;0.0;-0.0004780924795577736;0.0;3.9027560797263154;0.0;0.0;0.0;0.0;0.0;0.00010912546605274433;4.497856210738345;0.0;2.5741943665096128;-7.072207985573922;0.0;0.0;0.0;0.0;0.0;134.74736321807777;419.668820606353;9.391004455735155;413.99141377351214;-7.467181956784904e-8
6637.0;0.0;-0.0004780924795577736;0.0;3.9027560797263154;0.0;0.0;0.0;0.0;0.0;0.00010912546605274433;4.497856210738345;0.0;2.5741943665096128;-7.072207985573922;0.0;0.0;0.0;0.0;0.0;134.74736321807777;419.668820606353;9.391004455735155;413.99141377351214;-7.467181956784904e-8
6638.0;0.0;-0.0004780924795577736;0.0;3.9027560797263154;0.0;0.0;0.0;0.0;0.0;0.00010912546605274433;4.497856210738345;0.0;2.5741943665096128;-7.072207985573922;0.0;0.0;0.0;0.0;0.0;134.74736321807777;419.668820606353;9.391004455735155;413.99141377351214;-7.467181956784904e-8
6639.0;0.0;-0.0004780924795577736;0.0;3.9027560797263154;0.0;0.0;0.0;0.0;0.0;0.00010912546605274433;4.497856210738345;0.0;2.5741943665096128;-7.072207985573922;0.0;0.0;0.0;0.0;0.0;134.74736321807777;419.668820606353;9.391004455735155;413.99141377351214;-7.467181956784904e-8
6640.0;0.0;-0.0004780924795577736;0.0;3.9027560797263154;0.0;0.0;0.0;0.0;0.0;0.00010912546605274433;4.497856210738345;0.0;2.5741943665096128;-7.072207985573922;0.0;0.0;0.0;0.0;0.0;134.74736321807777;419.668820606353;9.391004455735155;413.99141377351214;-7.467181956784904e-8
6641.0;0.0;-0.0004780924795577736;0.0;3.9027560797263154;0.0;0.0;0.0;0.0;0.0;0.00010912546605274433;4.497856210738345;0.0;2.5741943665096128;-7.072207985573922;0.0;0.0;0.0;0.0;0.0;134.74736321807777;419.668820606353;9.391004455735155;413.99141377351214;-7.467181956784904e-8
6642.0;0.0;-0.0004780924795577736;0.0;3.9027560797263154;0.0;0.0;0.0;0.0;0.0;0.00010912546605274433;4.497856210738345;0.0;2.5741943665096128;-7.072207985573922;0.0;0.0;0.0;0.0;0.0;134.74736321807777;419.668820606353;9.391004455735155;413.99141377351214;-7.467181956784904e-8
6643.0;0.0;-0.0004780924795577736;0.0;3.9027560797263154;0.0;0.0;0.0;0.0;0.0;0.00010912546605274433;4.497856210738345;0.0;2.5741943665096128;-7.072207985573922;0.0;0.0;0.0;0.0;0.0;134.74736321807777;419.668820606353;9.391004455735155;413.99141377351214;-7.467181956784904e-8
6644.0;0.0;-0.0004780924795577736;0.0;3.9027560797263154;0.0;0.0;0.0;0.0;0.0;0.00010912546605274433;4.497856210738345;0.0;2.5741943665096128;-7.072207985573922;0.0;0.0;0.0;0.0;0.0;134.74736321807777;419.668820606353;9.391004455735155;413.99141377351214;-7.467181956784904e-8
6645.0;0.0;-0.0004780924795577736;0.0;3.9027560797263154;0.0;0.0;0.0;0.0;0.0;0.00010912546605274433;4.497856210738345;0.0;2.5741943665096128;-7.072207985573922;0.0;0.0;0.0;0.0;0.0;134.74736321807777;419.668820606353;9.391004455735155;413.99141377351214;-7.467181956784904e-8
6646.0;0.0;-0.0004780924795577736;0.0;3.9027560797263154;0.0;0.0;0.0;0.0;0.0;0.00010912546605274433;4.497856210738345;0.0;2.5741943665096128;-7.072207985573922;0.0;0.0;0.0;0.0;0.0;134.74736321807777;419.668820606353;9.391004455735155;413.99141377351214;-7.467181956784904e-8
6647.0;0.0;-0.0004780924795577736;0.0;3.9027560797263154;0.0;0.0;0.0;0.0;0.0;0.00010912546605274433;4.497856210738345;0.0;2.5741943665096128;-7.072207985573922;0.0;0.0;0.0;0.0;0.0;134.74736321807777;419.668820606353;9.391004455735155;413.99141377351214;-7.467181956784904e-8
6648.0;0.0;-0.0004780924795577736;0.0;3.9027560797263154;0.0;0.0;0.0;0.0;0.0;0.00010912546605274433;4.497856210738345;0.0;2.5741943665096128;-7.072207985573922;0.0;0.0;0.0;0.0;0.0;134.74736321807777;419.668820606353;9.391004455735155;413.99141377351214;-7.467181956784904e-8
6649.0;0.0;-0.000990210265007053;0.0;3.9027560797263154;0.0;0.0;0.0;0.0;0.0;0.06229772713018868;4.43190857872723;0.0;2.3563934848900026;-6.850037636425381;0.0;0.0;0.0;0.0;0.0;134.74736321807777;419.668820606353;9.391004455735155;413.99141377351214;-7.467181956784904e-8
6650.0;0.0;-0.000990210265007053;0.0;3.9027560797263154;0.0;0.0;0.0;0.0;0.0;0.06229772713018868;4.43190857872723;0.0;2.3563934848900026;-6.850037636425381;0.0;0.0;0.0;0.0;0.0;134.74736321807777;419.668820606353;9.391004455735155;413.99141377351214;-7.467181956784904e-8
6651.0;0.0;-0.000990210265007053;0.0;3.9027560797263154;0.0;0.0;0.0;0.0;0.0;0.06229772713018868;4.43190857872723;0.0;2.3563934848900026;-6.850037636425381;0.0;0.0;0.0;0.0;0.0;134.74736321807777;419.668820606353;9.391004455735155;413.99141377351214;-7.467181956784904e-8
6652.0;0.0;-0.000990210265007053;0.0;3.9027560797263154;0.0;0.0;0.0;0.0;0.0;0.06229772713018868;4.43190857872723;0.0;2.3563934848900026;-6.850037636425381;0.0;0.0;0.0;0.0;0.0;134.74736321807777;419.668820606353;9.391004455735155;413.99141377351214;-7.467181956784904e-8
6653.0;0.0;-0.000990210265007053;0.0;3.9027560797263154;0.0;0.0;0.0;0.0;0.0;0.06229772713018868;4.43190857872723;0.0;2.3563934848900026;-6.850037636425381;0.0;0.0;0.0;0.0;0.0;134.74736321807777;419.668820606353;9.391004455735155;413.99141377351214;-7.467181956784904e-8
6654.0;0.0;-0.000990210265007053;0.0;3.9027560797263154;0.0;0.0;0.0;0.0;0.0;0.06229772713018868;4.43190857872723;0.0;2.3563934848900026;-6.850037636425381;0.0;0.0;0.0;0.0;0.0;134.74736321807777;419.668820606353;9.391004455735155;413.99141377351214;-7.467181956784904e-8
6655.0;0.0;-0.000990210265007053;0.0;3.9027560797263154;0.0;0.0;0.0;0.0;0.0;0.06229772713018868;4.43190857872723;0.0;2.3563934848900026;-6.850037636425381;0.0;0.0;0.0;0.0;0.0;134.74736321807777;419.668820606353;9.391004455735155;413.99141377351214;-7.467181956784904e-8
6656.0;0.0;-0.000990210265007053;0.0;3.9027560797263154;0.0;0.0;0.0;0.0;0.0;0.06229772713018868;4.43190857872723;0.0;2.3563934848900026;-6.850037636425381;0.0;0.0;0.0;0.0;0.0;134.74736321807777;419.668820606353;9.391004455735155;413.99141377351214;-7.467181956784904e-8
6657.0;0.0;-0.000990210265007053;0.0;3.9027560797263154;0.0;0.0;0.0;0.0;0.0;0.06229772713018868;4.43190857872723;0.0;2.3563934848900026;-6.850037636425381;0.0;0.0;0.0;0.0;0.0;134.74736321807777;419.668820606353;9.391004455735155;413.99141377351214;-7.467181956784904e-8
6658.0;0.0;-0.000990210265007053;0.0;3.9027560797263154;0.0;0.0;0.0;0.0;0.0;0.06229772713018868;4.43190857872723;0.0;2.3563934848900026;-6.850037636425381;0.0;0.0;0.0;0.0;0.0;134.74736321807777;419.668820606353;9.391004455735155;413.99141377351214;-7.467181956784904e-8
6659.0;0.0;-0.000990210265007053;0.0;3.9027560797263154;0.0;0.0;0.0;0.0;0.0;0.06229772713018868;4.43190857872723;0.0;2.3563934848900026;-6.850037636425381;0.0;0.0;0.0;0.0;0.0;134.74736321807777;419.668820606353;9.391004455735155;413.99141377351214;-7.467181956784904e-8
6660.0;0.0;-0.000990210265007053;0.0;3.9027560797263154;0.0;0.0;0.0;0.0;0.0;0.06229772713018868;4.43190857872723;0.0;2.3563934848900026;-6.850037636425381;0.0;0.0;0.0;0.0;0.0;134.74736321807777;419.668820606353;9.391004455735155;413.99141377351214;-7.467181956784904e-8
6661.0;0.0;-0.000990210265007053;0.0;3.9027560797263154;0.0;0.0;0.0;0.0;0.0;0.06229772713018868;4.43190857872723;0.0;2.3563934848900026;-6.850037636425381;0.0;0.0;0.0;0.0;0.0;134.74736321807777;419.668820606353;9.391004455735155;413.99141377351214;-7.467181956784904e-8
6662.0;0.0;-0.000990210265007053;0.0;3.9027560797263154;0.0;0.0;0.0;0.0;0.0;0.06229772713018868;4.43190857872723;0.0;2.3563934848900026;-6.850037636425381;0.0;0.0;0.0;0.0;0.0;134.74736321807777;419.668820606353;9.391004455735155;413.99141377351214;-7.467181956784904e-8
6663.0;0.0;-0.000990210265007053;0.0;3.9027560797263154;0.0;0.0;0.0;0.0;0.0;0.06229772713018868;4.43190857872723;0.0;2.3563934848900026;-6.850037636425381;0.0;0.0;0.0;0.0;0.0;134.74736321807777;419.668820606353;9.391004455735155;413.99141377351214;-7.467181956784904e-8
6664.0;0.0;-0.000990210265007053;0.0;3.9027560797263154;0.0;0.0;0.0;0.0;0.0;0.06229772713018868;4.43190857872723;0.0;2.3563934848900026;-6.850037636425381;0.0;0.0;0.0;0.0;0.0;134.74736321807777;419.668820606353;9.391004455735155;413.99141377351214;-7.467181956784904e-8
6665.0;0.0;-0.000990210265007053;0.0;3.9027560797263154;0.0;0.0;0.0;0.0;0.0;0.06229772713018868;4.43190857872723;0.0;2.3563934848900026;-6.850037636425381;0.0;0.0;0.0;0.0;0.0;134.74736321807777;419.668820606353;9.391004455735155;413.99141377351214;-7.467181956784904e-8
6666.0;0.0;-0.000990210265007053;0.0;3.9027560797263154;0.0;0.0;0.0;0.0;0.0;0.06229772713018868;4.43190857872723;0.0;2.3563934848900026;-6.850037636425381;0.0;0.0;0.0;0.0;0.0;134.74736321807777;419.668820606353;9.391004455735155;413.99141377351214;-7.467181956784904e-8
6667.0;0.0;-0.000990210265007053;0.0;3.9027560797263154;0.0;0.0;0.0;0.0;0.0;0.06229772713018868;4.43190857872723;0.0;2.3563934848900026;-6.850037636425381;0.0;0.0;0.0;0.0;0.0;134.74736321807777;419.668820606353;9.391004455735155;413.99141377351214;-7.467181956784904e-8
6668.0;0.0;-0.000990210265007053;0.0;3.9027560797263154;0.0;0.0;0.0;0.0;0.0;0.06229772713018868;4.43190857872723;0.0;2.3563934848900026;-6.850037636425381;0.0;0.0;0.0;0.0;0.0;134.74736321807777;419.668820606353;9.391004455735155;413.99141377351214;-7.467181956784904e-8
6669.0;0.0;-0.000990210265007053;0.0;3.9027560797263154;0.0;0.0;0.0;0.0;0.0;0.06229772713018868;4.43190857872723;0.0;2.3563934848900026;-6.850037636425381;0.0;0.0;0.0;0.0;0.0;134.74736321807777;419.668820606353;9.391004455735155;413.99141377351214;-7.467181956784904e-8
6670.0;0.0;-0.000990210265007053;0.0;3.9027560797263154;0.0;0.0;0.0;0.0;0.0;0.06229772713018868;4.43190857872723;0.0;2.3563934848900026;-6.850037636425381;0.0;0.0;0.0;0.0;0.0;134.74736321807777;419.668820606353;9.391004455735155;413.99141377351214;-7.467181956784904e-8
6671.0;0.0;-0.000990210265007053;0.0;3.9027560797263154;0.0;0.0;0.0;0.0;0.0;0.06229772713018868;4.43190857872723;0.0;2.3563934848900026;-6.850037636425381;0.0;0.0;0.0;0.0;0.0;134.74736321807777;419.668820606353;9.391004455735155;413.99141377351214;-7.467181956784904e-8
6672.0;0.0;-0.000990210265007053;0.0;3.9027560797263154;0.0;0.0;0.0;0.0;0.0;0.06229772713018868;4.43190857872723;0.0;2.3563934848900026;-6.850037636425381;0.0;0.0;0.0;0.0;0.0;134.74736321807777;419.668820606353;9.391004455735155;413.99141377351214;-7.467181956784904e-8
6673.0;0.0;-0.0019564324404054093;0.0;3.9027560797263154;0.0;0.0;0.0;0.0;0.0;0.0;4.383693685412081;0.0;2.4702575657261576;-6.854241600428274;0.0;0.0;0.0;0.0;0.0;134.74736321807777;419.668820606353;9.391004455735155;413.99141377351214;-7.467181956784904e-8
6674.0;0.0;-0.0019564324404054093;0.0;3.9027560797263154;0.0;0.0;0.0;0.0;0.0;0.0;4.383693685412081;0.0;2.4702575657261576;-6.854241600428274;0.0;0.0;0.0;0.0;0.0;134.74736321807777;419.668820606353;9.391004455735155;413.99141377351214;-7.467181956784904e-8
6675.0;0.0;-0.0019564324404054093;0.0;3.9027560797263154;0.0;0.0;0.0;0.0;0.0;0.0;4.383693685412081;0.0;2.4702575657261576;-6.854241600428274;0.0;0.0;0.0;0.0;0.0;134.74736321807777;419.668820606353;9.391004455735155;413.99141377351214;-7.467181956784904e-8
6676.0;0.0;-0.0019564324404054093;0.0;3.9027560797263154;0.0;0.0;0.0;0.0;0.0;0.0;4.383693685412081;0.0;2.4702575657261576;-6.854241600428274;0.0;0.0;0.0;0.0;0.0;134.74736321807777;419.668820606353;9.391004455735155;413.99141377351214;-7.467181956784904e-8
6677.0;0.0;-0.0019564324404054093;0.0;3.9027560797263154;0.0;0.0;0.0;0.0;0.0;0.0;4.383693685412081;0.0;2.4702575657261576;-6.854241600428274;0.0;0.0;0.0;0.0;0.0;134.74736321807777;419.668820606353;9.391004455735155;413.99141377351214;-7.467181956784904e-8
6678.0;0.0;-0.0019564324404054093;0.0;3.9027560797263154;0.0;0.0;0.0;0.0;0.0;0.0;4.383693685412081;0.0;2.4702575657261576;-6.854241600428274;0.0;0.0;0.0;0.0;0.0;134.74736321807777;419.668820606353;9.391004455735155;413.99141377351214;-7.467181956784904e-8
6679.0;0.0;-0.0019564324404054093;0.0;3.9027560797263154;0.0;0.0;0.0;0.0;0.0;0.0;4.383693685412081;0.0;2.4702575657261576;-6.854241600428274;0.0;0.0;0.0;0.0;0.0;134.74736321807777;419.668820606353;9.391004455735155;413.99141377351214;-7.467181956784904e-8
6680.0;0.0;-0.0019564324404054093;0.0;3.9027560797263154;0.0;0.0;0.0;0.0;0.0;0.0;4.383693685412081;0.0;2.4702575657261576;-6.854241600428274;0.0;0.0;0.0;0.0;0.0;134.74736321807777;419.668820606353;9.391004455735155;413.99141377351214;-7.467181956784904e-8
6681.0;0.0;-0.0019564324404054093;0.0;3.9027560797263154;0.0;0.0;0.0;0.0;0.0;0.0;4.383693685412081;0.0;2.4702575657261576;-6.854241600428274;0.0;0.0;0.0;0.0;0.0;134.74736321807777;419.668820606353;9.391004455735155;413.99141377351214;-7.467181956784904e-8
6682.0;0.0;-0.0019564324404054093;0.0;3.9027560797263154;0.0;0.0;0.0;0.0;0.0;0.0;4.383693685412081;0.0;2.4702575657261576;-6.854241600428274;0.0;0.0;0.0;0.0;0.0;134.74736321807777;419.668820606353;9.391004455735155;413.99141377351214;-7.467181956784904e-8
6683.0;0.0;-0.0019564324404054093;0.0;3.9027560797263154;0.0;0.0;0.0;0.0;0.0;0.0;4.383693685412081;0.0;2.4702575657261576;-6.854241600428274;0.0;0.0;0.0;0.0;0.0;134.74736321807777;419.668820606353;9.391004455735155;413.99141377351214;-7.467181956784904e-8
6684.0;0.0;-0.0019564324404054093;0.0;3.9027560797263154;0.0;0.0;0.0;0.0;0.0;0.0;4.383693685412081;0.0;2.4702575657261576;-6.854241600428274;0.0;0.0;0.0;0.0;0.0;134.74736321807777;419.668820606353;9.391004455735155;413.99141377351214;-7.467181956784904e-8
6685.0;0.0;-0.0019564324404054093;0.0;3.9027560797263154;0.0;0.0;0.0;0.0;0.0;0.0;4.383693685412081;0.0;2.4702575657261576;-6.854241600428274;0.0;0.0;0.0;0.0;0.0;134.74736321807777;419.668820606353;9.391004455735155;413.99141377351214;-7.467181956784904e-8
6686.0;0.0;-0.0019564324404054093;0.0;3.9027560797263154;0.0;0.0;0.0;0.0;0.0;0.0;4.383693685412081;0.0;2.4702575657261576;-6.854241600428274;0.0;0.0;0.0;0.0;0.0;134.74736321807777;419.668820606353;9.391004455735155;413.99141377351214;-7.467181956784904e-8
6687.0;0.0;-0.0019564324404054093;0.0;3.9027560797263154;0.0;0.0;0.0;0.0;0.0;0.0;4.383693685412081;0.0;2.4702575657261576;-6.854241600428274;0.0;0.0;0.0;0.0;0.0;134.74736321807777;419.668820606353;9.391004455735155;413.99141377351214;-7.467181956784904e-8
6688.0;0.0;-0.0019564324404054093;0.0;3.9027560797263154;0.0;0.0;0.0;0.0;0.0;0.0;4.383693685412081;0.0;2.4702575657261576;-6.854241600428274;0.0;0.0;0.0;0.0;0.0;134.74736321807777;419.668820606353;9.391004455735155;413.99141377351214;-7.467181956784904e-8
6689.0;0.0;-0.0019564324404054093;0.0;3.9027560797263154;0.0;0.0;0.0;0.0;0.0;0.0;4.383693685412081;0.0;2.4702575657261576;-6.854241600428274;0.0;0.0;0.0;0.0;0.0;134.74736321807777;419.668820606353;9.391004455735155;413.99141377351214;-7.467181956784904e-8
6690.0;0.0;-0.0019564324404054093;0.0;3.9027560797263154;0.0;0.0;0.0;0.0;0.0;0.0;4.383693685412081;0.0;2.4702575657261576;-6.854241600428274;0.0;0.0;0.0;0.0;0.0;134.74736321807777;419.668820606353;9.391004455735155;413.99141377351214;-7.467181956784904e-8
6691.0;0.0;-0.0019564324404054093;0.0;3.9027560797263154;0.0;0.0;0.0;0.0;0.0;0.0;4.383693685412081;0.0;2.4702575657261576;-6.854241600428274;0.0;0.0;0.0;0.0;0.0;134.74736321807777;419.668820606353;9.391004455735155;413.99141377351214;-7.467181956784904e-8
6692.0;0.0;-0.0019564324404054093;0.0;3.9027560797263154;0.0;0.0;0.0;0.0;0.0;0.0;4.383693685412081;0.0;2.4702575657261576;-6.854241600428274;0.0;0.0;0.0;0.0;0.0;134.74736321807777;419.668820606353;9.391004455735155;413.99141377351214;-7.467181956784904e-8
6693.0;0.0;-0.0019564324404054093;0.0;3.9027560797263154;0.0;0.0;0.0;0.0;0.0;0.0;4.383693685412081;0.0;2.4702575657261576;-6.854241600428274;0.0;0.0;0.0;0.0;0.0;134.74736321807777;419.668820606353;9.391004455735155;413.99141377351214;-7.467181956784904e-8
6694.0;0.0;-0.0019564324404054093;0.0;3.9027560797263154;0.0;0.0;0.0;0.0;0.0;0.0;4.383693685412081;0.0;2.4702575657261576;-6.854241600428274;0.0;0.0;0.0;0.0;0.0;134.74736321807777;419.668820606353;9.391004455735155;413.99141377351214;-7.467181956784904e-8
6695.0;0.0;-0.0019564324404054093;0.0;3.9027560797263154;0.0;0.0;0.0;0.0;0.0;0.0;4.383693685412081;0.0;2.4702575657261576;-6.854241600428274;0.0;0.0;0.0;0.0;0.0;134.74736321807777;419.668820606353;9.391004455735155;413.99141377351214;-7.467181956784904e-8
6696.0;0.0;-0.0019564324404054093;0.0;3.9027560797263154;0.0;0.0;0.0;0.0;0.0;0.0;4.383693685412081;0.0;2.4702575657261576;-6.854241600428274;0.0;0.0;0.0;0.0;0.0;134.74736321807777;419.668820606353;9.391004455735155;413.99141377351214;-7.467181956784904e-8
6697.0;0.0;-0.0017138566335378703;0.0;3.9027560797263154;0.0;0.0;0.0;0.0;0.0;0.0;3.8599152593890302;0.0;3.138067586892467;-6.998232752775688;0.0;0.0;0.0;0.0;0.0;134.74736321807777;419.668820606353;9.391004455735155;413.99141377351214;-7.467181956784904e-8
6698.0;0.0;-0.0017138566335378703;0.0;3.9027560797263154;0.0;0.0;0.0;0.0;0.0;0.0;3.8599152593890302;0.0;3.138067586892467;-6.998232752775688;0.0;0.0;0.0;0.0;0.0;134.74736321807777;419.668820606353;9.391004455735155;413.99141377351214;-7.467181956784904e-8
6699.0;0.0;-0.0017138566335378703;0.0;3.9027560797263154;0.0;0.0;0.0;0.0;0.0;0.0;3.8599152593890302;0.0;3.138067586892467;-6.998232752775688;0.0;0.0;0.0;0.0;0.0;134.74736321807777;419.668820606353;9.391004455735155;413.99141377351214;-7.467181956784904e-8
6700.0;0.0;-0.0017138566335378703;0.0;3.9027560797263154;0.0;0.0;0.0;0.0;0.0;0.0;3.8599152593890302;0.0;3.138067586892467;-6.998232752775688;0.0;0.0;0.0;0.0;0.0;134.74736321807777;419.668820606353;9.391004455735155;413.99141377351214;-7.467181956784904e-8
6701.0;0.0;-0.0017138566335378703;0.0;3.9027560797263154;0.0;0.0;0.0;0.0;0.0;0.0;3.8599152593890302;0.0;3.138067586892467;-6.998232752775688;0.0;0.0;0.0;0.0;0.0;134.74736321807777;419.668820606353;9.391004455735155;413.99141377351214;-7.467181956784904e-8
6702.0;0.0;-0.0017138566335378703;0.0;3.9027560797263154;0.0;0.0;0.0;0.0;0.0;0.0;3.8599152593890302;0.0;3.138067586892467;-6.998232752775688;0.0;0.0;0.0;0.0;0.0;134.74736321807777;419.668820606353;9.391004455735155;413.99141377351214;-7.467181956784904e-8
6703.0;0.0;-0.0017138566335378703;0.0;3.9027560797263154;0.0;0.0;0.0;0.0;0.0;0.0;3.8599152593890302;0.0;3.138067586892467;-6.998232752775688;0.0;0.0;0.0;0.0;0.0;134.74736321807777;419.668820606353;9.391004455735155;413.99141377351214;-7.467181956784904e-8
6704.0;0.0;-0.0017138566335378703;0.0;3.9027560797263154;0.0;0.0;0.0;0.0;0.0;0.0;3.8599152593890302;0.0;3.138067586892467;-6.998232752775688;0.0;0.0;0.0;0.0;0.0;134.74736321807777;419.668820606353;9.391004455735155;413.99141377351214;-7.467181956784904e-8
6705.0;0.0;-0.0017138566335378703;0.0;3.9027560797263154;0.0;0.0;0.0;0.0;0.0;0.0;3.8599152593890302;0.0;3.138067586892467;-6.998232752775688;0.0;0.0;0.0;0.0;0.0;134.74736321807777;419.668820606353;9.391004455735155;413.99141377351214;-7.467181956784904e-8
6706.0;0.0;-0.0017138566335378703;0.0;3.9027560797263154;0.0;0.0;0.0;0.0;0.0;0.0;3.8599152593890302;0.0;3.138067586892467;-6.998232752775688;0.0;0.0;0.0;0.0;0.0;134.74736321807777;419.668820606353;9.391004455735155;413.99141377351214;-7.467181956784904e-8
6707.0;0.0;-0.0017138566335378703;0.0;3.9027560797263154;0.0;0.0;0.0;0.0;0.0;0.0;3.8599152593890302;0.0;3.138067586892467;-6.998232752775688;0.0;0.0;0.0;0.0;0.0;134.74736321807777;419.668820606353;9.391004455735155;413.99141377351214;-7.467181956784904e-8
6708.0;0.0;-0.0017138566335378703;0.0;3.9027560797263154;0.0;0.0;0.0;0.0;0.0;0.0;3.8599152593890302;0.0;3.138067586892467;-6.998232752775688;0.0;0.0;0.0;0.0;0.0;134.74736321807777;419.668820606353;9.391004455735155;413.99141377351214;-7.467181956784904e-8
6709.0;0.0;-0.0017138566335378703;0.0;3.9027560797263154;0.0;0.0;0.0;0.0;0.0;0.0;3.8599152593890302;0.0;3.138067586892467;-6.998232752775688;0.0;0.0;0.0;0.0;0.0;134.74736321807777;419.668820606353;9.391004455735155;413.99141377351214;-7.467181956784904e-8
6710.0;0.0;-0.0017138566335378703;0.0;3.9027560797263154;0.0;0.0;0.0;0.0;0.0;0.0;3.8599152593890302;0.0;3.138067586892467;-6.998232752775688;0.0;0.0;0.0;0.0;0.0;134.74736321807777;419.668820606353;9.391004455735155;413.99141377351214;-7.467181956784904e-8
6711.0;0.0;-0.0017138566335378703;0.0;3.9027560797263154;0.0;0.0;0.0;0.0;0.0;0.0;3.8599152593890302;0.0;3.138067586892467;-6.998232752775688;0.0;0.0;0.0;0.0;0.0;134.74736321807777;419.668820606353;9.391004455735155;413.99141377351214;-7.467181956784904e-8
6712.0;0.0;-0.0017138566335378703;0.0;3.9027560797263154;0.0;0.0;0.0;0.0;0.0;0.0;3.8599152593890302;0.0;3.138067586892467;-6.998232752775688;0.0;0.0;0.0;0.0;0.0;134.74736321807777;419.668820606353;9.391004455735155;413.99141377351214;-7.467181956784904e-8
6713.0;0.0;-0.0017138566335378703;0.0;3.9027560797263154;0.0;0.0;0.0;0.0;0.0;0.0;3.8599152593890302;0.0;3.138067586892467;-6.998232752775688;0.0;0.0;0.0;0.0;0.0;134.74736321807777;419.668820606353;9.391004455735155;413.99141377351214;-7.467181956784904e-8
6714.0;0.0;-0.0017138566335378703;0.0;3.9027560797263154;0.0;0.0;0.0;0.0;0.0;0.0;3.8599152593890302;0.0;3.138067586892467;-6.998232752775688;0.0;0.0;0.0;0.0;0.0;134.74736321807777;419.668820606353;9.391004455735155;413.99141377351214;-7.467181956784904e-8
6715.0;0.0;-0.0017138566335378703;0.0;3.9027560797263154;0.0;0.0;0.0;0.0;0.0;0.0;3.8599152593890302;0.0;3.138067586892467;-6.998232752775688;0.0;0.0;0.0;0.0;0.0;134.74736321807777;419.668820606353;9.391004455735155;413.99141377351214;-7.467181956784904e-8
6716.0;0.0;-0.0017138566335378703;0.0;3.9027560797263154;0.0;0.0;0.0;0.0;0.0;0.0;3.8599152593890302;0.0;3.138067586892467;-6.998232752775688;0.0;0.0;0.0;0.0;0.0;134.74736321807777;419.668820606353;9.391004455735155;413.99141377351214;-7.467181956784904e-8
6717.0;0.0;-0.0017138566335378703;0.0;3.9027560797263154;0.0;0.0;0.0;0.0;0.0;0.0;3.8599152593890302;0.0;3.138067586892467;-6.998232752775688;0.0;0.0;0.0;0.0;0.0;134.74736321807777;419.668820606353;9.391004455735155;413.99141377351214;-7.467181956784904e-8
6718.0;0.0;-0.0017138566335378703;0.0;3.9027560797263154;0.0;0.0;0.0;0.0;0.0;0.0;3.8599152593890302;0.0;3.138067586892467;-6.998232752775688;0.0;0.0;0.0;0.0;0.0;134.74736321807777;419.668820606353;9.391004455735155;413.99141377351214;-7.467181956784904e-8
6719.0;0.0;-0.0017138566335378703;0.0;3.9027560797263154;0.0;0.0;0.0;0.0;0.0;0.0;3.8599152593890302;0.0;3.138067586892467;-6.998232752775688;0.0;0.0;0.0;0.0;0.0;134.74736321807777;419.668820606353;9.391004455735155;413.99141377351214;-7.467181956784904e-8
6720.0;0.0;-0.0017138566335378703;0.0;3.9027560797263154;0.0;0.0;0.0;0.0;0.0;0.0;3.8599152593890302;0.0;3.138067586892467;-6.998232752775688;0.0;0.0;0.0;0.0;0.0;134.74736321807777;419.668820606353;9.391004455735155;413.99141377351214;-7.467181956784904e-8
6721.0;0.0;8.472948506158357e-6;0.0;4.647803440584706;0.0;0.0;0.0;0.0;0.0;0.0013977207112824148;1.9999030435239766;1.4607524998754608e-10;4.84847932429519;-6.849803144461205;0.0;0.0;0.0;0.0;0.0;144.77860560628838;416.8055935429888;12.83437275623606;412.03782771378434;-5.45125544464072e-8
6722.0;0.0;8.472948506158357e-6;0.0;4.647803440584706;0.0;0.0;0.0;0.0;0.0;0.0013977207112824148;1.9999030435239766;1.4607524998754608e-10;4.84847932429519;-6.849803144461205;0.0;0.0;0.0;0.0;0.0;144.77860560628838;416.8055935429888;12.83437275623606;412.03782771378434;-5.45125544464072e-8
6723.0;0.0;8.472948506158357e-6;0.0;4.647803440584706;0.0;0.0;0.0;0.0;0.0;0.0013977207112824148;1.9999030435239766;1.4607524998754608e-10;4.84847932429519;-6.849803144461205;0.0;0.0;0.0;0.0;0.0;144.77860560628838;416.8055935429888;12.83437275623606;412.03782771378434;-5.45125544464072e-8
6724.0;0.0;8.472948506158357e-6;0.0;4.647803440584706;0.0;0.0;0.0;0.0;0.0;0.0013977207112824148;1.9999030435239766;1.4607524998754608e-10;4.84847932429519;-6.849803144461205;0.0;0.0;0.0;0.0;0.0;144.77860560628838;416.8055935429888;12.83437275623606;412.03782771378434;-5.45125544464072e-8
6725.0;0.0;8.472948506158357e-6;0.0;4.647803440584706;0.0;0.0;0.0;0.0;0.0;0.0013977207112824148;1.9999030435239766;1.4607524998754608e-10;4.84847932429519;-6.849803144461205;0.0;0.0;0.0;0.0;0.0;144.77860560628838;416.8055935429888;12.83437275623606;412.03782771378434;-5.45125544464072e-8
6726.0;0.0;8.472948506158357e-6;0.0;4.647803440584706;0.0;0.0;0.0;0.0;0.0;0.0013977207112824148;1.9999030435239766;1.4607524998754608e-10;4.84847932429519;-6.849803144461205;0.0;0.0;0.0;0.0;0.0;144.77860560628838;416.8055935429888;12.83437275623606;412.03782771378434;-5.45125544464072e-8
6727.0;0.0;8.472948506158357e-6;0.0;4.647803440584706;0.0;0.0;0.0;0.0;0.0;0.0013977207112824148;1.9999030435239766;1.4607524998754608e-10;4.84847932429519;-6.849803144461205;0.0;0.0;0.0;0.0;0.0;144.77860560628838;416.8055935429888;12.83437275623606;412.03782771378434;-5.45125544464072e-8
6728.0;0.0;8.472948506158357e-6;0.0;4.647803440584706;0.0;0.0;0.0;0.0;0.0;0.0013977207112824148;1.9999030435239766;1.4607524998754608e-10;4.84847932429519;-6.849803144461205;0.0;0.0;0.0;0.0;0.0;144.77860560628838;416.8055935429888;12.83437275623606;412.03782771378434;-5.45125544464072e-8
6729.0;0.0;8.472948506158357e-6;0.0;4.647803440584706;0.0;0.0;0.0;0.0;0.0;0.0013977207112824148;1.9999030435239766;1.4607524998754608e-10;4.84847932429519;-6.849803144461205;0.0;0.0;0.0;0.0;0.0;144.77860560628838;416.8055935429888;12.83437275623606;412.03782771378434;-5.45125544464072e-8
6730.0;0.0;8.472948506158357e-6;0.0;4.647803440584706;0.0;0.0;0.0;0.0;0.0;0.0013977207112824148;1.9999030435239766;1.4607524998754608e-10;4.84847932429519;-6.849803144461205;0.0;0.0;0.0;0.0;0.0;144.77860560628838;416.8055935429888;12.83437275623606;412.03782771378434;-5.45125544464072e-8
6731.0;0.0;8.472948506158357e-6;0.0;4.647803440584706;0.0;0.0;0.0;0.0;0.0;0.0013977207112824148;1.9999030435239766;1.4607524998754608e-10;4.84847932429519;-6.849803144461205;0.0;0.0;0.0;0.0;0.0;144.77860560628838;416.8055935429888;12.83437275623606;412.03782771378434;-5.45125544464072e-8
6732.0;0.0;8.472948506158357e-6;0.0;4.647803440584706;0.0;0.0;0.0;0.0;0.0;0.0013977207112824148;1.9999030435239766;1.4607524998754608e-10;4.84847932429519;-6.849803144461205;0.0;0.0;0.0;0.0;0.0;144.77860560628838;416.8055935429888;12.83437275623606;412.03782771378434;-5.45125544464072e-8
6733.0;0.0;8.472948506158357e-6;0.0;4.647803440584706;0.0;0.0;0.0;0.0;0.0;0.0013977207112824148;1.9999030435239766;1.4607524998754608e-10;4.84847932429519;-6.849803144461205;0.0;0.0;0.0;0.0;0.0;144.77860560628838;416.8055935429888;12.83437275623606;412.03782771378434;-5.45125544464072e-8
6734.0;0.0;8.472948506158357e-6;0.0;4.647803440584706;0.0;0.0;0.0;0.0;0.0;0.0013977207112824148;1.9999030435239766;1.4607524998754608e-10;4.84847932429519;-6.849803144461205;0.0;0.0;0.0;0.0;0.0;144.77860560628838;416.8055935429888;12.83437275623606;412.03782771378434;-5.45125544464072e-8
6735.0;0.0;8.472948506158357e-6;0.0;4.647803440584706;0.0;0.0;0.0;0.0;0.0;0.0013977207112824148;1.9999030435239766;1.4607524998754608e-10;4.84847932429519;-6.849803144461205;0.0;0.0;0.0;0.0;0.0;144.77860560628838;416.8055935429888;12.83437275623606;412.03782771378434;-5.45125544464072e-8
6736.0;0.0;8.472948506158357e-6;0.0;4.647803440584706;0.0;0.0;0.0;0.0;0.0;0.0013977207112824148;1.9999030435239766;1.4607524998754608e-10;4.84847932429519;-6.849803144461205;0.0;0.0;0.0;0.0;0.0;144.77860560628838;416.8055935429888;12.83437275623606;412.03782771378434;-5.45125544464072e-8
6737.0;0.0;8.472948506158357e-6;0.0;4.647803440584706;0.0;0.0;0.0;0.0;0.0;0.0013977207112824148;1.9999030435239766;1.4607524998754608e-10;4.84847932429519;-6.849803144461205;0.0;0.0;0.0;0.0;0.0;144.77860560628838;416.8055935429888;12.83437275623606;412.03782771378434;-5.45125544464072e-8
6738.0;0.0;8.472948506158357e-6;0.0;4.647803440584706;0.0;0.0;0.0;0.0;0.0;0.0013977207112824148;1.9999030435239766;1.4607524998754608e-10;4.84847932429519;-6.849803144461205;0.0;0.0;0.0;0.0;0.0;144.77860560628838;416.8055935429888;12.83437275623606;412.03782771378434;-5.45125544464072e-8
6739.0;0.0;8.472948506158357e-6;0.0;4.647803440584706;0.0;0.0;0.0;0.0;0.0;0.0013977207112824148;1.9999030435239766;1.4607524998754608e-10;4.84847932429519;-6.849803144461205;0.0;0.0;0.0;0.0;0.0;144.77860560628838;416.8055935429888;12.83437275623606;412.03782771378434;-5.45125544464072e-8
6740.0;0.0;8.472948506158357e-6;0.0;4.647803440584706;0.0;0.0;0.0;0.0;0.0;0.0013977207112824148;1.9999030435239766;1.4607524998754608e-10;4.84847932429519;-6.849803144461205;0.0;0.0;0.0;0.0;0.0;144.77860560628838;416.8055935429888;12.83437275623606;412.03782771378434;-5.45125544464072e-8
6741.0;0.0;8.472948506158357e-6;0.0;4.647803440584706;0.0;0.0;0.0;0.0;0.0;0.0013977207112824148;1.9999030435239766;1.4607524998754608e-10;4.84847932429519;-6.849803144461205;0.0;0.0;0.0;0.0;0.0;144.77860560628838;416.8055935429888;12.83437275623606;412.03782771378434;-5.45125544464072e-8
6742.0;0.0;8.472948506158357e-6;0.0;4.647803440584706;0.0;0.0;0.0;0.0;0.0;0.0013977207112824148;1.9999030435239766;1.4607524998754608e-10;4.84847932429519;-6.849803144461205;0.0;0.0;0.0;0.0;0.0;144.77860560628838;416.8055935429888;12.83437275623606;412.03782771378434;-5.45125544464072e-8
6743.0;0.0;8.472948506158357e-6;0.0;4.647803440584706;0.0;0.0;0.0;0.0;0.0;0.0013977207112824148;1.9999030435239766;1.4607524998754608e-10;4.84847932429519;-6.849803144461205;0.0;0.0;0.0;0.0;0.0;144.77860560628838;416.8055935429888;12.83437275623606;412.03782771378434;-5.45125544464072e-8
6744.0;0.0;8.472948506158357e-6;0.0;4.647803440584706;0.0;0.0;0.0;0.0;0.0;0.0013977207112824148;1.9999030435239766;1.4607524998754608e-10;4.84847932429519;-6.849803144461205;0.0;0.0;0.0;0.0;0.0;144.77860560628838;416.8055935429888;12.83437275623606;412.03782771378434;-5.45125544464072e-8
6745.0;0.0;-0.00010521042649176522;0.0;4.647803440584706;0.0;0.0;0.0;0.0;0.0;0.0014527628790049578;2.0349481078843588;1.1575314145968847e-10;4.813253252763795;-6.849722518045885;0.0;0.0;0.0;0.0;0.0;144.77860560628838;416.8055935429888;12.83437275623606;412.03782771378434;-5.45125544464072e-8
6746.0;0.0;-0.00010521042649176522;0.0;4.647803440584706;0.0;0.0;0.0;0.0;0.0;0.0014527628790049578;2.0349481078843588;1.1575314145968847e-10;4.813253252763795;-6.849722518045885;0.0;0.0;0.0;0.0;0.0;144.77860560628838;416.8055935429888;12.83437275623606;412.03782771378434;-5.45125544464072e-8
6747.0;0.0;-0.00010521042649176522;0.0;4.647803440584706;0.0;0.0;0.0;0.0;0.0;0.0014527628790049578;2.0349481078843588;1.1575314145968847e-10;4.813253252763795;-6.849722518045885;0.0;0.0;0.0;0.0;0.0;144.77860560628838;416.8055935429888;12.83437275623606;412.03782771378434;-5.45125544464072e-8
6748.0;0.0;-0.00010521042649176522;0.0;4.647803440584706;0.0;0.0;0.0;0.0;0.0;0.0014527628790049578;2.0349481078843588;1.1575314145968847e-10;4.813253252763795;-6.849722518045885;0.0;0.0;0.0;0.0;0.0;144.77860560628838;416.8055935429888;12.83437275623606;412.03782771378434;-5.45125544464072e-8
6749.0;0.0;-0.00010521042649176522;0.0;4.647803440584706;0.0;0.0;0.0;0.0;0.0;0.0014527628790049578;2.0349481078843588;1.1575314145968847e-10;4.813253252763795;-6.849722518045885;0.0;0.0;0.0;0.0;0.0;144.77860560628838;416.8055935429888;12.83437275623606;412.03782771378434;-5.45125544464072e-8
6750.0;0.0;-0.00010521042649176522;0.0;4.647803440584706;0.0;0.0;0.0;0.0;0.0;0.0014527628790049578;2.0349481078843588;1.1575314145968847e-10;4.813253252763795;-6.849722518045885;0.0;0.0;0.0;0.0;0.0;144.77860560628838;416.8055935429888;12.83437275623606;412.03782771378434;-5.45125544464072e-8
6751.0;0.0;-0.00010521042649176522;0.0;4.647803440584706;0.0;0.0;0.0;0.0;0.0;0.0014527628790049578;2.0349481078843588;1.1575314145968847e-10;4.813253252763795;-6.849722518045885;0.0;0.0;0.0;0.0;0.0;144.77860560628838;416.8055935429888;12.83437275623606;412.03782771378434;-5.45125544464072e-8
6752.0;0.0;-0.00010521042649176522;0.0;4.647803440584706;0.0;0.0;0.0;0.0;0.0;0.0014527628790049578;2.0349481078843588;1.1575314145968847e-10;4.813253252763795;-6.849722518045885;0.0;0.0;0.0;0.0;0.0;144.77860560628838;416.8055935429888;12.83437275623606;412.03782771378434;-5.45125544464072e-8
6753.0;0.0;-0.00010521042649176522;0.0;4.647803440584706;0.0;0.0;0.0;0.0;0.0;0.0014527628790049578;2.0349481078843588;1.1575314145968847e-10;4.813253252763795;-6.849722518045885;0.0;0.0;0.0;0.0;0.0;144.77860560628838;416.8055935429888;12.83437275623606;412.03782771378434;-5.45125544464072e-8
6754.0;0.0;-0.00010521042649176522;0.0;4.647803440584706;0.0;0.0;0.0;0.0;0.0;0.0014527628790049578;2.0349481078843588;1.1575314145968847e-10;4.813253252763795;-6.849722518045885;0.0;0.0;0.0;0.0;0.0;144.77860560628838;416.8055935429888;12.83437275623606;412.03782771378434;-5.45125544464072e-8
6755.0;0.0;-0.00010521042649176522;0.0;4.647803440584706;0.0;0.0;0.0;0.0;0.0;0.0014527628790049578;2.0349481078843588;1.1575314145968847e-10;4.813253252763795;-6.849722518045885;0.0;0.0;0.0;0.0;0.0;144.77860560628838;416.8055935429888;12.83437275623606;412.03782771378434;-5.45125544464072e-8
6756.0;0.0;-0.00010521042649176522;0.0;4.647803440584706;0.0;0.0;0.0;0.0;0.0;0.0014527628790049578;2.0349481078843588;1.1575314145968847e-10;4.813253252763795;-6.849722518045885;0.0;0.0;0.0;0.0;0.0;144.77860560628838;416.8055935429888;12.83437275623606;412.03782771378434;-5.45125544464072e-8
6757.0;0.0;-0.00010521042649176522;0.0;4.647803440584706;0.0;0.0;0.0;0.0;0.0;0.0014527628790049578;2.0349481078843588;1.1575314145968847e-10;4.813253252763795;-6.849722518045885;0.0;0.0;0.0;0.0;0.0;144.77860560628838;416.8055935429888;12.83437275623606;412.03782771378434;-5.45125544464072e-8
6758.0;0.0;-0.00010521042649176522;0.0;4.647803440584706;0.0;0.0;0.0;0.0;0.0;0.0014527628790049578;2.0349481078843588;1.1575314145968847e-10;4.813253252763795;-6.849722518045885;0.0;0.0;0.0;0.0;0.0;144.77860560628838;416.8055935429888;12.83437275623606;412.03782771378434;-5.45125544464072e-8
6759.0;0.0;-0.00010521042649176522;0.0;4.647803440584706;0.0;0.0;0.0;0.0;0.0;0.0014527628790049578;2.0349481078843588;1.1575314145968847e-10;4.813253252763795;-6.849722518045885;0.0;0.0;0.0;0.0;0.0;144.77860560628838;416.8055935429888;12.83437275623606;412.03782771378434;-5.45125544464072e-8
6760.0;0.0;-0.00010521042649176522;0.0;4.647803440584706;0.0;0.0;0.0;0.0;0.0;0.0014527628790049578;2.0349481078843588;1.1575314145968847e-10;4.813253252763795;-6.849722518045885;0.0;0.0;0.0;0.0;0.0;144.77860560628838;416.8055935429888;12.83437275623606;412.03782771378434;-5.45125544464072e-8
6761.0;0.0;-0.00010521042649176522;0.0;4.647803440584706;0.0;0.0;0.0;0.0;0.0;0.0014527628790049578;2.0349481078843588;1.1575314145968847e-10;4.813253252763795;-6.849722518045885;0.0;0.0;0.0;0.0;0.0;144.77860560628838;416.8055935429888;12.83437275623606;412.03782771378434;-5.45125544464072e-8
6762.0;0.0;-0.00010521042649176522;0.0;4.647803440584706;0.0;0.0;0.0;0.0;0.0;0.0014527628790049578;2.0349481078843588;1.1575314145968847e-10;4.813253252763795;-6.849722518045885;0.0;0.0;0.0;0.0;0.0;144.77860560628838;416.8055935429888;12.83437275623606;412.03782771378434;-5.45125544464072e-8
6763.0;0.0;-0.00010521042649176522;0.0;4.647803440584706;0.0;0.0;0.0;0.0;0.0;0.0014527628790049578;2.0349481078843588;1.1575314145968847e-10;4.813253252763795;-6.849722518045885;0.0;0.0;0.0;0.0;0.0;144.77860560628838;416.8055935429888;12.83437275623606;412.03782771378434;-5.45125544464072e-8
6764.0;0.0;-0.00010521042649176522;0.0;4.647803440584706;0.0;0.0;0.0;0.0;0.0;0.0014527628790049578;2.0349481078843588;1.1575314145968847e-10;4.813253252763795;-6.849722518045885;0.0;0.0;0.0;0.0;0.0;144.77860560628838;416.8055935429888;12.83437275623606;412.03782771378434;-5.45125544464072e-8
6765.0;0.0;-0.00010521042649176522;0.0;4.647803440584706;0.0;0.0;0.0;0.0;0.0;0.0014527628790049578;2.0349481078843588;1.1575314145968847e-10;4.813253252763795;-6.849722518045885;0.0;0.0;0.0;0.0;0.0;144.77860560628838;416.8055935429888;12.83437275623606;412.03782771378434;-5.45125544464072e-8
6766.0;0.0;-0.00010521042649176522;0.0;4.647803440584706;0.0;0.0;0.0;0.0;0.0;0.0014527628790049578;2.0349481078843588;1.1575314145968847e-10;4.813253252763795;-6.849722518045885;0.0;0.0;0.0;0.0;0.0;144.77860560628838;416.8055935429888;12.83437275623606;412.03782771378434;-5.45125544464072e-8
6767.0;0.0;-0.00010521042649176522;0.0;4.647803440584706;0.0;0.0;0.0;0.0;0.0;0.0014527628790049578;2.0349481078843588;1.1575314145968847e-10;4.813253252763795;-6.849722518045885;0.0;0.0;0.0;0.0;0.0;144.77860560628838;416.8055935429888;12.83437275623606;412.03782771378434;-5.45125544464072e-8
6768.0;0.0;-0.00010521042649176522;0.0;4.647803440584706;0.0;0.0;0.0;0.0;0.0;0.0014527628790049578;2.0349481078843588;1.1575314145968847e-10;4.813253252763795;-6.849722518045885;0.0;0.0;0.0;0.0;0.0;144.77860560628838;416.8055935429888;12.83437275623606;412.03782771378434;-5.45125544464072e-8
6769.0;0.0;0.0010678771782764063;0.0;4.647803440584706;0.0;0.0;0.0;0.0;0.0;0.01903174383999852;4.309276568569526;1.9347068987128173e-10;2.509991663478488;-6.837901799548559;0.0;0.0;0.0;0.0;0.0;144.77860560628838;416.8055935429888;12.83437275623606;412.03782771378434;-5.45125544464072e-8
6770.0;0.0;0.0010678771782764063;0.0;4.647803440584706;0.0;0.0;0.0;0.0;0.0;0.01903174383999852;4.309276568569526;1.9347068987128173e-10;2.509991663478488;-6.837901799548559;0.0;0.0;0.0;0.0;0.0;144.77860560628838;416.8055935429888;12.83437275623606;412.03782771378434;-5.45125544464072e-8
6771.0;0.0;0.0010678771782764063;0.0;4.647803440584706;0.0;0.0;0.0;0.0;0.0;0.01903174383999852;4.309276568569526;1.9347068987128173e-10;2.509991663478488;-6.837901799548559;0.0;0.0;0.0;0.0;0.0;144.77860560628838;416.8055935429888;12.83437275623606;412.03782771378434;-5.45125544464072e-8
6772.0;0.0;0.0010678771782764063;0.0;4.647803440584706;0.0;0.0;0.0;0.0;0.0;0.01903174383999852;4.309276568569526;1.9347068987128173e-10;2.509991663478488;-6.837901799548559;0.0;0.0;0.0;0.0;0.0;144.77860560628838;416.8055935429888;12.83437275623606;412.03782771378434;-5.45125544464072e-8
6773.0;0.0;0.0010678771782764063;0.0;4.647803440584706;0.0;0.0;0.0;0.0;0.0;0.01903174383999852;4.309276568569526;1.9347068987128173e-10;2.509991663478488;-6.837901799548559;0.0;0.0;0.0;0.0;0.0;144.77860560628838;416.8055935429888;12.83437275623606;412.03782771378434;-5.45125544464072e-8
6774.0;0.0;0.0010678771782764063;0.0;4.647803440584706;0.0;0.0;0.0;0.0;0.0;0.01903174383999852;4.309276568569526;1.9347068987128173e-10;2.509991663478488;-6.837901799548559;0.0;0.0;0.0;0.0;0.0;144.77860560628838;416.8055935429888;12.83437275623606;412.03782771378434;-5.45125544464072e-8
6775.0;0.0;0.0010678771782764063;0.0;4.647803440584706;0.0;0.0;0.0;0.0;0.0;0.01903174383999852;4.309276568569526;1.9347068987128173e-10;2.509991663478488;-6.837901799548559;0.0;0.0;0.0;0.0;0.0;144.77860560628838;416.8055935429888;12.83437275623606;412.03782771378434;-5.45125544464072e-8
6776.0;0.0;0.0010678771782764063;0.0;4.647803440584706;0.0;0.0;0.0;0.0;0.0;0.01903174383999852;4.309276568569526;1.9347068987128173e-10;2.509991663478488;-6.837901799548559;0.0;0.0;0.0;0.0;0.0;144.77860560628838;416.8055935429888;12.83437275623606;412.03782771378434;-5.45125544464072e-8
6777.0;0.0;0.0010678771782764063;0.0;4.647803440584706;0.0;0.0;0.0;0.0;0.0;0.01903174383999852;4.309276568569526;1.9347068987128173e-10;2.509991663478488;-6.837901799548559;0.0;0.0;0.0;0.0;0.0;144.77860560628838;416.8055935429888;12.83437275623606;412.03782771378434;-5.45125544464072e-8
6778.0;0.0;0.0010678771782764063;0.0;4.647803440584706;0.0;0.0;0.0;0.0;0.0;0.01903174383999852;4.309276568569526;1.9347068987128173e-10;2.509991663478488;-6.837901799548559;0.0;0.0;0.0;0.0;0.0;144.77860560628838;416.8055935429888;12.83437275623606;412.03782771378434;-5.45125544464072e-8
6779.0;0.0;0.0010678771782764063;0.0;4.647803440584706;0.0;0.0;0.0;0.0;0.0;0.01903174383999852;4.309276568569526;1.9347068987128173e-10;2.509991663478488;-6.837901799548559;0.0;0.0;0.0;0.0;0.0;144.77860560628838;416.8055935429888;12.83437275623606;412.03782771378434;-5.45125544464072e-8
6780.0;0.0;0.0010678771782764063;0.0;4.647803440584706;0.0;0.0;0.0;0.0;0.0;0.01903174383999852;4.309276568569526;1.9347068987128173e-10;2.509991663478488;-6.837901799548559;0.0;0.0;0.0;0.0;0.0;144.77860560628838;416.8055935429888;12.83437275623606;412.03782771378434;-5.45125544464072e-8
6781.0;0.0;0.0010678771782764063;0.0;4.647803440584706;0.0;0.0;0.0;0.0;0.0;0.01903174383999852;4.309276568569526;1.9347068987128173e-10;2.509991663478488;-6.837901799548559;0.0;0.0;0.0;0.0;0.0;144.77860560628838;416.8055935429888;12.83437275623606;412.03782771378434;-5.45125544464072e-8
6782.0;0.0;0.0010678771782764063;0.0;4.647803440584706;0.0;0.0;0.0;0.0;0.0;0.01903174383999852;4.309276568569526;1.9347068987128173e-10;2.509991663478488;-6.837901799548559;0.0;0.0;0.0;0.0;0.0;144.77860560628838;416.8055935429888;12.83437275623606;412.03782771378434;-5.45125544464072e-8
6783.0;0.0;0.0010678771782764063;0.0;4.647803440584706;0.0;0.0;0.0;0.0;0.0;0.01903174383999852;4.309276568569526;1.9347068987128173e-10;2.509991663478488;-6.837901799548559;0.0;0.0;0.0;0.0;0.0;144.77860560628838;416.8055935429888;12.83437275623606;412.03782771378434;-5.45125544464072e-8
6784.0;0.0;0.0010678771782764063;0.0;4.647803440584706;0.0;0.0;0.0;0.0;0.0;0.01903174383999852;4.309276568569526;1.9347068987128173e-10;2.509991663478488;-6.837901799548559;0.0;0.0;0.0;0.0;0.0;144.77860560628838;416.8055935429888;12.83437275623606;412.03782771378434;-5.45125544464072e-8
6785.0;0.0;0.0010678771782764063;0.0;4.647803440584706;0.0;0.0;0.0;0.0;0.0;0.01903174383999852;4.309276568569526;1.9347068987128173e-10;2.509991663478488;-6.837901799548559;0.0;0.0;0.0;0.0;0.0;144.77860560628838;416.8055935429888;12.83437275623606;412.03782771378434;-5.45125544464072e-8
6786.0;0.0;0.0010678771782764063;0.0;4.647803440584706;0.0;0.0;0.0;0.0;0.0;0.01903174383999852;4.309276568569526;1.9347068987128173e-10;2.509991663478488;-6.837901799548559;0.0;0.0;0.0;0.0;0.0;144.77860560628838;416.8055935429888;12.83437275623606;412.03782771378434;-5.45125544464072e-8
6787.0;0.0;0.0010678771782764063;0.0;4.647803440584706;0.0;0.0;0.0;0.0;0.0;0.01903174383999852;4.309276568569526;1.9347068987128173e-10;2.509991663478488;-6.837901799548559;0.0;0.0;0.0;0.0;0.0;144.77860560628838;416.8055935429888;12.83437275623606;412.03782771378434;-5.45125544464072e-8
6788.0;0.0;0.0010678771782764063;0.0;4.647803440584706;0.0;0.0;0.0;0.0;0.0;0.01903174383999852;4.309276568569526;1.9347068987128173e-10;2.509991663478488;-6.837901799548559;0.0;0.0;0.0;0.0;0.0;144.77860560628838;416.8055935429888;12.83437275623606;412.03782771378434;-5.45125544464072e-8
6789.0;0.0;0.0010678771782764063;0.0;4.647803440584706;0.0;0.0;0.0;0.0;0.0;0.01903174383999852;4.309276568569526;1.9347068987128173e-10;2.509991663478488;-6.837901799548559;0.0;0.0;0.0;0.0;0.0;144.77860560628838;416.8055935429888;12.83437275623606;412.03782771378434;-5.45125544464072e-8
6790.0;0.0;0.0010678771782764063;0.0;4.647803440584706;0.0;0.0;0.0;0.0;0.0;0.01903174383999852;4.309276568569526;1.9347068987128173e-10;2.509991663478488;-6.837901799548559;0.0;0.0;0.0;0.0;0.0;144.77860560628838;416.8055935429888;12.83437275623606;412.03782771378434;-5.45125544464072e-8
6791.0;0.0;0.0010678771782764063;0.0;4.647803440584706;0.0;0.0;0.0;0.0;0.0;0.01903174383999852;4.309276568569526;1.9347068987128173e-10;2.509991663478488;-6.837901799548559;0.0;0.0;0.0;0.0;0.0;144.77860560628838;416.8055935429888;12.83437275623606;412.03782771378434;-5.45125544464072e-8
6792.0;0.0;0.0010678771782764063;0.0;4.647803440584706;0.0;0.0;0.0;0.0;0.0;0.01903174383999852;4.309276568569526;1.9347068987128173e-10;2.509991663478488;-6.837901799548559;0.0;0.0;0.0;0.0;0.0;144.77860560628838;416.8055935429888;12.83437275623606;412.03782771378434;-5.45125544464072e-8
6793.0;0.0;-0.0009228361376203022;0.0;4.647803440584706;0.0;0.0;0.0;0.0;0.0;0.0;4.506964788711779;0.0;2.67026698848883;-7.177346075621898;0.0;0.0;0.0;0.0;0.0;144.77860560628838;416.8055935429888;12.83437275623606;412.03782771378434;-5.45125544464072e-8
6794.0;0.0;-0.0009228361376203022;0.0;4.647803440584706;0.0;0.0;0.0;0.0;0.0;0.0;4.506964788711779;0.0;2.67026698848883;-7.177346075621898;0.0;0.0;0.0;0.0;0.0;144.77860560628838;416.8055935429888;12.83437275623606;412.03782771378434;-5.45125544464072e-8
6795.0;0.0;-0.0009228361376203022;0.0;4.647803440584706;0.0;0.0;0.0;0.0;0.0;0.0;4.506964788711779;0.0;2.67026698848883;-7.177346075621898;0.0;0.0;0.0;0.0;0.0;144.77860560628838;416.8055935429888;12.83437275623606;412.03782771378434;-5.45125544464072e-8
6796.0;0.0;-0.0009228361376203022;0.0;4.647803440584706;0.0;0.0;0.0;0.0;0.0;0.0;4.506964788711779;0.0;2.67026698848883;-7.177346075621898;0.0;0.0;0.0;0.0;0.0;144.77860560628838;416.8055935429888;12.83437275623606;412.03782771378434;-5.45125544464072e-8
6797.0;0.0;-0.0009228361376203022;0.0;4.647803440584706;0.0;0.0;0.0;0.0;0.0;0.0;4.506964788711779;0.0;2.67026698848883;-7.177346075621898;0.0;0.0;0.0;0.0;0.0;144.77860560628838;416.8055935429888;12.83437275623606;412.03782771378434;-5.45125544464072e-8
6798.0;0.0;-0.0009228361376203022;0.0;4.647803440584706;0.0;0.0;0.0;0.0;0.0;0.0;4.506964788711779;0.0;2.67026698848883;-7.177346075621898;0.0;0.0;0.0;0.0;0.0;144.77860560628838;416.8055935429888;12.83437275623606;412.03782771378434;-5.45125544464072e-8
6799.0;0.0;-0.0009228361376203022;0.0;4.647803440584706;0.0;0.0;0.0;0.0;0.0;0.0;4.506964788711779;0.0;2.67026698848883;-7.177346075621898;0.0;0.0;0.0;0.0;0.0;144.77860560628838;416.8055935429888;12.83437275623606;412.03782771378434;-5.45125544464072e-8
6800.0;0.0;-0.0009228361376203022;0.0;4.647803440584706;0.0;0.0;0.0;0.0;0.0;0.0;4.506964788711779;0.0;2.67026698848883;-7.177346075621898;0.0;0.0;0.0;0.0;0.0;144.77860560628838;416.8055935429888;12.83437275623606;412.03782771378434;-5.45125544464072e-8
6801.0;0.0;-0.0009228361376203022;0.0;4.647803440584706;0.0;0.0;0.0;0.0;0.0;0.0;4.506964788711779;0.0;2.67026698848883;-7.177346075621898;0.0;0.0;0.0;0.0;0.0;144.77860560628838;416.8055935429888;12.83437275623606;412.03782771378434;-5.45125544464072e-8
6802.0;0.0;-0.0009228361376203022;0.0;4.647803440584706;0.0;0.0;0.0;0.0;0.0;0.0;4.506964788711779;0.0;2.67026698848883;-7.177346075621898;0.0;0.0;0.0;0.0;0.0;144.77860560628838;416.8055935429888;12.83437275623606;412.03782771378434;-5.45125544464072e-8
6803.0;0.0;-0.0009228361376203022;0.0;4.647803440584706;0.0;0.0;0.0;0.0;0.0;0.0;4.506964788711779;0.0;2.67026698848883;-7.177346075621898;0.0;0.0;0.0;0.0;0.0;144.77860560628838;416.8055935429888;12.83437275623606;412.03782771378434;-5.45125544464072e-8
6804.0;0.0;-0.0009228361376203022;0.0;4.647803440584706;0.0;0.0;0.0;0.0;0.0;0.0;4.506964788711779;0.0;2.67026698848883;-7.177346075621898;0.0;0.0;0.0;0.0;0.0;144.77860560628838;416.8055935429888;12.83437275623606;412.03782771378434;-5.45125544464072e-8
6805.0;0.0;-0.0009228361376203022;0.0;4.647803440584706;0.0;0.0;0.0;0.0;0.0;0.0;4.506964788711779;0.0;2.67026698848883;-7.177346075621898;0.0;0.0;0.0;0.0;0.0;144.77860560628838;416.8055935429888;12.83437275623606;412.03782771378434;-5.45125544464072e-8
6806.0;0.0;-0.0009228361376203022;0.0;4.647803440584706;0.0;0.0;0.0;0.0;0.0;0.0;4.506964788711779;0.0;2.67026698848883;-7.177346075621898;0.0;0.0;0.0;0.0;0.0;144.77860560628838;416.8055935429888;12.83437275623606;412.03782771378434;-5.45125544464072e-8
6807.0;0.0;-0.0009228361376203022;0.0;4.647803440584706;0.0;0.0;0.0;0.0;0.0;0.0;4.506964788711779;0.0;2.67026698848883;-7.177346075621898;0.0;0.0;0.0;0.0;0.0;144.77860560628838;416.8055935429888;12.83437275623606;412.03782771378434;-5.45125544464072e-8
6808.0;0.0;-0.0009228361376203022;0.0;4.647803440584706;0.0;0.0;0.0;0.0;0.0;0.0;4.506964788711779;0.0;2.67026698848883;-7.177346075621898;0.0;0.0;0.0;0.0;0.0;144.77860560628838;416.8055935429888;12.83437275623606;412.03782771378434;-5.45125544464072e-8
6809.0;0.0;-0.0009228361376203022;0.0;4.647803440584706;0.0;0.0;0.0;0.0;0.0;0.0;4.506964788711779;0.0;2.67026698848883;-7.177346075621898;0.0;0.0;0.0;0.0;0.0;144.77860560628838;416.8055935429888;12.83437275623606;412.03782771378434;-5.45125544464072e-8
6810.0;0.0;-0.0009228361376203022;0.0;4.647803440584706;0.0;0.0;0.0;0.0;0.0;0.0;4.506964788711779;0.0;2.67026698848883;-7.177346075621898;0.0;0.0;0.0;0.0;0.0;144.77860560628838;416.8055935429888;12.83437275623606;412.03782771378434;-5.45125544464072e-8
6811.0;0.0;-0.0009228361376203022;0.0;4.647803440584706;0.0;0.0;0.0;0.0;0.0;0.0;4.506964788711779;0.0;2.67026698848883;-7.177346075621898;0.0;0.0;0.0;0.0;0.0;144.77860560628838;416.8055935429888;12.83437275623606;412.03782771378434;-5.45125544464072e-8
6812.0;0.0;-0.0009228361376203022;0.0;4.647803440584706;0.0;0.0;0.0;0.0;0.0;0.0;4.506964788711779;0.0;2.67026698848883;-7.177346075621898;0.0;0.0;0.0;0.0;0.0;144.77860560628838;416.8055935429888;12.83437275623606;412.03782771378434;-5.45125544464072e-8
6813.0;0.0;-0.0009228361376203022;0.0;4.647803440584706;0.0;0.0;0.0;0.0;0.0;0.0;4.506964788711779;0.0;2.67026698848883;-7.177346075621898;0.0;0.0;0.0;0.0;0.0;144.77860560628838;416.8055935429888;12.83437275623606;412.03782771378434;-5.45125544464072e-8
6814.0;0.0;-0.0009228361376203022;0.0;4.647803440584706;0.0;0.0;0.0;0.0;0.0;0.0;4.506964788711779;0.0;2.67026698848883;-7.177346075621898;0.0;0.0;0.0;0.0;0.0;144.77860560628838;416.8055935429888;12.83437275623606;412.03782771378434;-5.45125544464072e-8
6815.0;0.0;-0.0009228361376203022;0.0;4.647803440584706;0.0;0.0;0.0;0.0;0.0;0.0;4.506964788711779;0.0;2.67026698848883;-7.177346075621898;0.0;0.0;0.0;0.0;0.0;144.77860560628838;416.8055935429888;12.83437275623606;412.03782771378434;-5.45125544464072e-8
6816.0;0.0;-0.0009228361376203022;0.0;4.647803440584706;0.0;0.0;0.0;0.0;0.0;0.0;4.506964788711779;0.0;2.67026698848883;-7.177346075621898;0.0;0.0;0.0;0.0;0.0;144.77860560628838;416.8055935429888;12.83437275623606;412.03782771378434;-5.45125544464072e-8
6817.0;0.0;-0.0008263719687314626;0.0;4.647803440584706;0.0;0.0;0.0;0.0;0.0;8.87190139586663e-5;4.4193853186515115;0.0;2.5961725129335003;-7.015755173449735;0.0;0.0;0.0;0.0;0.0;144.77860560628838;416.8055935429888;12.83437275623606;412.03782771378434;-5.45125544464072e-8
6818.0;0.0;-0.0008263719687314626;0.0;4.647803440584706;0.0;0.0;0.0;0.0;0.0;8.87190139586663e-5;4.4193853186515115;0.0;2.5961725129335003;-7.015755173449735;0.0;0.0;0.0;0.0;0.0;144.77860560628838;416.8055935429888;12.83437275623606;412.03782771378434;-5.45125544464072e-8
6819.0;0.0;-0.0008263719687314626;0.0;4.647803440584706;0.0;0.0;0.0;0.0;0.0;8.87190139586663e-5;4.4193853186515115;0.0;2.5961725129335003;-7.015755173449735;0.0;0.0;0.0;0.0;0.0;144.77860560628838;416.8055935429888;12.83437275623606;412.03782771378434;-5.45125544464072e-8
6820.0;0.0;-0.0008263719687314626;0.0;4.647803440584706;0.0;0.0;0.0;0.0;0.0;8.87190139586663e-5;4.4193853186515115;0.0;2.5961725129335003;-7.015755173449735;0.0;0.0;0.0;0.0;0.0;144.77860560628838;416.8055935429888;12.83437275623606;412.03782771378434;-5.45125544464072e-8
6821.0;0.0;-0.0008263719687314626;0.0;4.647803440584706;0.0;0.0;0.0;0.0;0.0;8.87190139586663e-5;4.4193853186515115;0.0;2.5961725129335003;-7.015755173449735;0.0;0.0;0.0;0.0;0.0;144.77860560628838;416.8055935429888;12.83437275623606;412.03782771378434;-5.45125544464072e-8
6822.0;0.0;-0.0008263719687314626;0.0;4.647803440584706;0.0;0.0;0.0;0.0;0.0;8.87190139586663e-5;4.4193853186515115;0.0;2.5961725129335003;-7.015755173449735;0.0;0.0;0.0;0.0;0.0;144.77860560628838;416.8055935429888;12.83437275623606;412.03782771378434;-5.45125544464072e-8
6823.0;0.0;-0.0008263719687314626;0.0;4.647803440584706;0.0;0.0;0.0;0.0;0.0;8.87190139586663e-5;4.4193853186515115;0.0;2.5961725129335003;-7.015755173449735;0.0;0.0;0.0;0.0;0.0;144.77860560628838;416.8055935429888;12.83437275623606;412.03782771378434;-5.45125544464072e-8
6824.0;0.0;-0.0008263719687314626;0.0;4.647803440584706;0.0;0.0;0.0;0.0;0.0;8.87190139586663e-5;4.4193853186515115;0.0;2.5961725129335003;-7.015755173449735;0.0;0.0;0.0;0.0;0.0;144.77860560628838;416.8055935429888;12.83437275623606;412.03782771378434;-5.45125544464072e-8
6825.0;0.0;-0.0008263719687314626;0.0;4.647803440584706;0.0;0.0;0.0;0.0;0.0;8.87190139586663e-5;4.4193853186515115;0.0;2.5961725129335003;-7.015755173449735;0.0;0.0;0.0;0.0;0.0;144.77860560628838;416.8055935429888;12.83437275623606;412.03782771378434;-5.45125544464072e-8
6826.0;0.0;-0.0008263719687314626;0.0;4.647803440584706;0.0;0.0;0.0;0.0;0.0;8.87190139586663e-5;4.4193853186515115;0.0;2.5961725129335003;-7.015755173449735;0.0;0.0;0.0;0.0;0.0;144.77860560628838;416.8055935429888;12.83437275623606;412.03782771378434;-5.45125544464072e-8
6827.0;0.0;-0.0008263719687314626;0.0;4.647803440584706;0.0;0.0;0.0;0.0;0.0;8.87190139586663e-5;4.4193853186515115;0.0;2.5961725129335003;-7.015755173449735;0.0;0.0;0.0;0.0;0.0;144.77860560628838;416.8055935429888;12.83437275623606;412.03782771378434;-5.45125544464072e-8
6828.0;0.0;-0.0008263719687314626;0.0;4.647803440584706;0.0;0.0;0.0;0.0;0.0;8.87190139586663e-5;4.4193853186515115;0.0;2.5961725129335003;-7.015755173449735;0.0;0.0;0.0;0.0;0.0;144.77860560628838;416.8055935429888;12.83437275623606;412.03782771378434;-5.45125544464072e-8
6829.0;0.0;-0.0008263719687314626;0.0;4.647803440584706;0.0;0.0;0.0;0.0;0.0;8.87190139586663e-5;4.4193853186515115;0.0;2.5961725129335003;-7.015755173449735;0.0;0.0;0.0;0.0;0.0;144.77860560628838;416.8055935429888;12.83437275623606;412.03782771378434;-5.45125544464072e-8
6830.0;0.0;-0.0008263719687314626;0.0;4.647803440584706;0.0;0.0;0.0;0.0;0.0;8.87190139586663e-5;4.4193853186515115;0.0;2.5961725129335003;-7.015755173449735;0.0;0.0;0.0;0.0;0.0;144.77860560628838;416.8055935429888;12.83437275623606;412.03782771378434;-5.45125544464072e-8
6831.0;0.0;-0.0008263719687314626;0.0;4.647803440584706;0.0;0.0;0.0;0.0;0.0;8.87190139586663e-5;4.4193853186515115;0.0;2.5961725129335003;-7.015755173449735;0.0;0.0;0.0;0.0;0.0;144.77860560628838;416.8055935429888;12.83437275623606;412.03782771378434;-5.45125544464072e-8
6832.0;0.0;-0.0008263719687314626;0.0;4.647803440584706;0.0;0.0;0.0;0.0;0.0;8.87190139586663e-5;4.4193853186515115;0.0;2.5961725129335003;-7.015755173449735;0.0;0.0;0.0;0.0;0.0;144.77860560628838;416.8055935429888;12.83437275623606;412.03782771378434;-5.45125544464072e-8
6833.0;0.0;-0.0008263719687314626;0.0;4.647803440584706;0.0;0.0;0.0;0.0;0.0;8.87190139586663e-5;4.4193853186515115;0.0;2.5961725129335003;-7.015755173449735;0.0;0.0;0.0;0.0;0.0;144.77860560628838;416.8055935429888;12.83437275623606;412.03782771378434;-5.45125544464072e-8
6834.0;0.0;-0.0008263719687314626;0.0;4.647803440584706;0.0;0.0;0.0;0.0;0.0;8.87190139586663e-5;4.4193853186515115;0.0;2.5961725129335003;-7.015755173449735;0.0;0.0;0.0;0.0;0.0;144.77860560628838;416.8055935429888;12.83437275623606;412.03782771378434;-5.45125544464072e-8
6835.0;0.0;-0.0008263719687314626;0.0;4.647803440584706;0.0;0.0;0.0;0.0;0.0;8.87190139586663e-5;4.4193853186515115;0.0;2.5961725129335003;-7.015755173449735;0.0;0.0;0.0;0.0;0.0;144.77860560628838;416.8055935429888;12.83437275623606;412.03782771378434;-5.45125544464072e-8
6836.0;0.0;-0.0008263719687314626;0.0;4.647803440584706;0.0;0.0;0.0;0.0;0.0;8.87190139586663e-5;4.4193853186515115;0.0;2.5961725129335003;-7.015755173449735;0.0;0.0;0.0;0.0;0.0;144.77860560628838;416.8055935429888;12.83437275623606;412.03782771378434;-5.45125544464072e-8
6837.0;0.0;-0.0008263719687314626;0.0;4.647803440584706;0.0;0.0;0.0;0.0;0.0;8.87190139586663e-5;4.4193853186515115;0.0;2.5961725129335003;-7.015755173449735;0.0;0.0;0.0;0.0;0.0;144.77860560628838;416.8055935429888;12.83437275623606;412.03782771378434;-5.45125544464072e-8
6838.0;0.0;-0.0008263719687314626;0.0;4.647803440584706;0.0;0.0;0.0;0.0;0.0;8.87190139586663e-5;4.4193853186515115;0.0;2.5961725129335003;-7.015755173449735;0.0;0.0;0.0;0.0;0.0;144.77860560628838;416.8055935429888;12.83437275623606;412.03782771378434;-5.45125544464072e-8
6839.0;0.0;-0.0008263719687314626;0.0;4.647803440584706;0.0;0.0;0.0;0.0;0.0;8.87190139586663e-5;4.4193853186515115;0.0;2.5961725129335003;-7.015755173449735;0.0;0.0;0.0;0.0;0.0;144.77860560628838;416.8055935429888;12.83437275623606;412.03782771378434;-5.45125544464072e-8
6840.0;0.0;-0.0008263719687314626;0.0;4.647803440584706;0.0;0.0;0.0;0.0;0.0;8.87190139586663e-5;4.4193853186515115;0.0;2.5961725129335003;-7.015755173449735;0.0;0.0;0.0;0.0;0.0;144.77860560628838;416.8055935429888;12.83437275623606;412.03782771378434;-5.45125544464072e-8
6841.0;0.0;-0.0007872801519114925;0.0;4.647803440584706;0.0;0.0;0.0;0.0;0.0;0.06603368473188263;4.405898410379811;0.0;2.3877931744033862;-6.859560420622591;0.0;0.0;0.0;0.0;0.0;144.77860560628838;416.8055935429888;12.83437275623606;412.03782771378434;-5.45125544464072e-8
6842.0;0.0;-0.0007872801519114925;0.0;4.647803440584706;0.0;0.0;0.0;0.0;0.0;0.06603368473188263;4.405898410379811;0.0;2.3877931744033862;-6.859560420622591;0.0;0.0;0.0;0.0;0.0;144.77860560628838;416.8055935429888;12.83437275623606;412.03782771378434;-5.45125544464072e-8
6843.0;0.0;-0.0007872801519114925;0.0;4.647803440584706;0.0;0.0;0.0;0.0;0.0;0.06603368473188263;4.405898410379811;0.0;2.3877931744033862;-6.859560420622591;0.0;0.0;0.0;0.0;0.0;144.77860560628838;416.8055935429888;12.83437275623606;412.03782771378434;-5.45125544464072e-8
6844.0;0.0;-0.0007872801519114925;0.0;4.647803440584706;0.0;0.0;0.0;0.0;0.0;0.06603368473188263;4.405898410379811;0.0;2.3877931744033862;-6.859560420622591;0.0;0.0;0.0;0.0;0.0;144.77860560628838;416.8055935429888;12.83437275623606;412.03782771378434;-5.45125544464072e-8
6845.0;0.0;-0.0007872801519114925;0.0;4.647803440584706;0.0;0.0;0.0;0.0;0.0;0.06603368473188263;4.405898410379811;0.0;2.3877931744033862;-6.859560420622591;0.0;0.0;0.0;0.0;0.0;144.77860560628838;416.8055935429888;12.83437275623606;412.03782771378434;-5.45125544464072e-8
6846.0;0.0;-0.0007872801519114925;0.0;4.647803440584706;0.0;0.0;0.0;0.0;0.0;0.06603368473188263;4.405898410379811;0.0;2.3877931744033862;-6.859560420622591;0.0;0.0;0.0;0.0;0.0;144.77860560628838;416.8055935429888;12.83437275623606;412.03782771378434;-5.45125544464072e-8
6847.0;0.0;-0.0007872801519114925;0.0;4.647803440584706;0.0;0.0;0.0;0.0;0.0;0.06603368473188263;4.405898410379811;0.0;2.3877931744033862;-6.859560420622591;0.0;0.0;0.0;0.0;0.0;144.77860560628838;416.8055935429888;12.83437275623606;412.03782771378434;-5.45125544464072e-8
6848.0;0.0;-0.0007872801519114925;0.0;4.647803440584706;0.0;0.0;0.0;0.0;0.0;0.06603368473188263;4.405898410379811;0.0;2.3877931744033862;-6.859560420622591;0.0;0.0;0.0;0.0;0.0;144.77860560628838;416.8055935429888;12.83437275623606;412.03782771378434;-5.45125544464072e-8
6849.0;0.0;-0.0007872801519114925;0.0;4.647803440584706;0.0;0.0;0.0;0.0;0.0;0.06603368473188263;4.405898410379811;0.0;2.3877931744033862;-6.859560420622591;0.0;0.0;0.0;0.0;0.0;144.77860560628838;416.8055935429888;12.83437275623606;412.03782771378434;-5.45125544464072e-8
6850.0;0.0;-0.0007872801519114925;0.0;4.647803440584706;0.0;0.0;0.0;0.0;0.0;0.06603368473188263;4.405898410379811;0.0;2.3877931744033862;-6.859560420622591;0.0;0.0;0.0;0.0;0.0;144.77860560628838;416.8055935429888;12.83437275623606;412.03782771378434;-5.45125544464072e-8
6851.0;0.0;-0.0007872801519114925;0.0;4.647803440584706;0.0;0.0;0.0;0.0;0.0;0.06603368473188263;4.405898410379811;0.0;2.3877931744033862;-6.859560420622591;0.0;0.0;0.0;0.0;0.0;144.77860560628838;416.8055935429888;12.83437275623606;412.03782771378434;-5.45125544464072e-8
6852.0;0.0;-0.0007872801519114925;0.0;4.647803440584706;0.0;0.0;0.0;0.0;0.0;0.06603368473188263;4.405898410379811;0.0;2.3877931744033862;-6.859560420622591;0.0;0.0;0.0;0.0;0.0;144.77860560628838;416.8055935429888;12.83437275623606;412.03782771378434;-5.45125544464072e-8
6853.0;0.0;-0.0007872801519114925;0.0;4.647803440584706;0.0;0.0;0.0;0.0;0.0;0.06603368473188263;4.405898410379811;0.0;2.3877931744033862;-6.859560420622591;0.0;0.0;0.0;0.0;0.0;144.77860560628838;416.8055935429888;12.83437275623606;412.03782771378434;-5.45125544464072e-8
6854.0;0.0;-0.0007872801519114925;0.0;4.647803440584706;0.0;0.0;0.0;0.0;0.0;0.06603368473188263;4.405898410379811;0.0;2.3877931744033862;-6.859560420622591;0.0;0.0;0.0;0.0;0.0;144.77860560628838;416.8055935429888;12.83437275623606;412.03782771378434;-5.45125544464072e-8
6855.0;0.0;-0.0007872801519114925;0.0;4.647803440584706;0.0;0.0;0.0;0.0;0.0;0.06603368473188263;4.405898410379811;0.0;2.3877931744033862;-6.859560420622591;0.0;0.0;0.0;0.0;0.0;144.77860560628838;416.8055935429888;12.83437275623606;412.03782771378434;-5.45125544464072e-8
6856.0;0.0;-0.0007872801519114925;0.0;4.647803440584706;0.0;0.0;0.0;0.0;0.0;0.06603368473188263;4.405898410379811;0.0;2.3877931744033862;-6.859560420622591;0.0;0.0;0.0;0.0;0.0;144.77860560628838;416.8055935429888;12.83437275623606;412.03782771378434;-5.45125544464072e-8
6857.0;0.0;-0.0007872801519114925;0.0;4.647803440584706;0.0;0.0;0.0;0.0;0.0;0.06603368473188263;4.405898410379811;0.0;2.3877931744033862;-6.859560420622591;0.0;0.0;0.0;0.0;0.0;144.77860560628838;416.8055935429888;12.83437275623606;412.03782771378434;-5.45125544464072e-8
6858.0;0.0;-0.0007872801519114925;0.0;4.647803440584706;0.0;0.0;0.0;0.0;0.0;0.06603368473188263;4.405898410379811;0.0;2.3877931744033862;-6.859560420622591;0.0;0.0;0.0;0.0;0.0;144.77860560628838;416.8055935429888;12.83437275623606;412.03782771378434;-5.45125544464072e-8
6859.0;0.0;-0.0007872801519114925;0.0;4.647803440584706;0.0;0.0;0.0;0.0;0.0;0.06603368473188263;4.405898410379811;0.0;2.3877931744033862;-6.859560420622591;0.0;0.0;0.0;0.0;0.0;144.77860560628838;416.8055935429888;12.83437275623606;412.03782771378434;-5.45125544464072e-8
6860.0;0.0;-0.0007872801519114925;0.0;4.647803440584706;0.0;0.0;0.0;0.0;0.0;0.06603368473188263;4.405898410379811;0.0;2.3877931744033862;-6.859560420622591;0.0;0.0;0.0;0.0;0.0;144.77860560628838;416.8055935429888;12.83437275623606;412.03782771378434;-5.45125544464072e-8
6861.0;0.0;-0.0007872801519114925;0.0;4.647803440584706;0.0;0.0;0.0;0.0;0.0;0.06603368473188263;4.405898410379811;0.0;2.3877931744033862;-6.859560420622591;0.0;0.0;0.0;0.0;0.0;144.77860560628838;416.8055935429888;12.83437275623606;412.03782771378434;-5.45125544464072e-8
6862.0;0.0;-0.0007872801519114925;0.0;4.647803440584706;0.0;0.0;0.0;0.0;0.0;0.06603368473188263;4.405898410379811;0.0;2.3877931744033862;-6.859560420622591;0.0;0.0;0.0;0.0;0.0;144.77860560628838;416.8055935429888;12.83437275623606;412.03782771378434;-5.45125544464072e-8
6863.0;0.0;-0.0007872801519114925;0.0;4.647803440584706;0.0;0.0;0.0;0.0;0.0;0.06603368473188263;4.405898410379811;0.0;2.3877931744033862;-6.859560420622591;0.0;0.0;0.0;0.0;0.0;144.77860560628838;416.8055935429888;12.83437275623606;412.03782771378434;-5.45125544464072e-8
6864.0;0.0;-0.0007872801519114925;0.0;4.647803440584706;0.0;0.0;0.0;0.0;0.0;0.06603368473188263;4.405898410379811;0.0;2.3877931744033862;-6.859560420622591;0.0;0.0;0.0;0.0;0.0;144.77860560628838;416.8055935429888;12.83437275623606;412.03782771378434;-5.45125544464072e-8
6865.0;0.0;-0.00030234667601536244;0.0;4.647803440584706;0.0;0.0;0.0;0.0;0.0;0.0013611715258573416;4.331697805549167;1.1713066077834018e-10;2.516325151985723;-6.849526213275898;0.0;0.0;0.0;0.0;0.0;144.77860560628838;416.8055935429888;12.83437275623606;412.03782771378434;-5.45125544464072e-8
6866.0;0.0;-0.00030234667601536244;0.0;4.647803440584706;0.0;0.0;0.0;0.0;0.0;0.0013611715258573416;4.331697805549167;1.1713066077834018e-10;2.516325151985723;-6.849526213275898;0.0;0.0;0.0;0.0;0.0;144.77860560628838;416.8055935429888;12.83437275623606;412.03782771378434;-5.45125544464072e-8
6867.0;0.0;-0.00030234667601536244;0.0;4.647803440584706;0.0;0.0;0.0;0.0;0.0;0.0013611715258573416;4.331697805549167;1.1713066077834018e-10;2.516325151985723;-6.849526213275898;0.0;0.0;0.0;0.0;0.0;144.77860560628838;416.8055935429888;12.83437275623606;412.03782771378434;-5.45125544464072e-8
6868.0;0.0;-0.00030234667601536244;0.0;4.647803440584706;0.0;0.0;0.0;0.0;0.0;0.0013611715258573416;4.331697805549167;1.1713066077834018e-10;2.516325151985723;-6.849526213275898;0.0;0.0;0.0;0.0;0.0;144.77860560628838;416.8055935429888;12.83437275623606;412.03782771378434;-5.45125544464072e-8
6869.0;0.0;-0.00030234667601536244;0.0;4.647803440584706;0.0;0.0;0.0;0.0;0.0;0.0013611715258573416;4.331697805549167;1.1713066077834018e-10;2.516325151985723;-6.849526213275898;0.0;0.0;0.0;0.0;0.0;144.77860560628838;416.8055935429888;12.83437275623606;412.03782771378434;-5.45125544464072e-8
6870.0;0.0;-0.00030234667601536244;0.0;4.647803440584706;0.0;0.0;0.0;0.0;0.0;0.0013611715258573416;4.331697805549167;1.1713066077834018e-10;2.516325151985723;-6.849526213275898;0.0;0.0;0.0;0.0;0.0;144.77860560628838;416.8055935429888;12.83437275623606;412.03782771378434;-5.45125544464072e-8
6871.0;0.0;-0.00030234667601536244;0.0;4.647803440584706;0.0;0.0;0.0;0.0;0.0;0.0013611715258573416;4.331697805549167;1.1713066077834018e-10;2.516325151985723;-6.849526213275898;0.0;0.0;0.0;0.0;0.0;144.77860560628838;416.8055935429888;12.83437275623606;412.03782771378434;-5.45125544464072e-8
6872.0;0.0;-0.00030234667601536244;0.0;4.647803440584706;0.0;0.0;0.0;0.0;0.0;0.0013611715258573416;4.331697805549167;1.1713066077834018e-10;2.516325151985723;-6.849526213275898;0.0;0.0;0.0;0.0;0.0;144.77860560628838;416.8055935429888;12.83437275623606;412.03782771378434;-5.45125544464072e-8
6873.0;0.0;-0.00030234667601536244;0.0;4.647803440584706;0.0;0.0;0.0;0.0;0.0;0.0013611715258573416;4.331697805549167;1.1713066077834018e-10;2.516325151985723;-6.849526213275898;0.0;0.0;0.0;0.0;0.0;144.77860560628838;416.8055935429888;12.83437275623606;412.03782771378434;-5.45125544464072e-8
6874.0;0.0;-0.00030234667601536244;0.0;4.647803440584706;0.0;0.0;0.0;0.0;0.0;0.0013611715258573416;4.331697805549167;1.1713066077834018e-10;2.516325151985723;-6.849526213275898;0.0;0.0;0.0;0.0;0.0;144.77860560628838;416.8055935429888;12.83437275623606;412.03782771378434;-5.45125544464072e-8
6875.0;0.0;-0.00030234667601536244;0.0;4.647803440584706;0.0;0.0;0.0;0.0;0.0;0.0013611715258573416;4.331697805549167;1.1713066077834018e-10;2.516325151985723;-6.849526213275898;0.0;0.0;0.0;0.0;0.0;144.77860560628838;416.8055935429888;12.83437275623606;412.03782771378434;-5.45125544464072e-8
6876.0;0.0;-0.00030234667601536244;0.0;4.647803440584706;0.0;0.0;0.0;0.0;0.0;0.0013611715258573416;4.331697805549167;1.1713066077834018e-10;2.516325151985723;-6.849526213275898;0.0;0.0;0.0;0.0;0.0;144.77860560628838;416.8055935429888;12.83437275623606;412.03782771378434;-5.45125544464072e-8
6877.0;0.0;-0.00030234667601536244;0.0;4.647803440584706;0.0;0.0;0.0;0.0;0.0;0.0013611715258573416;4.331697805549167;1.1713066077834018e-10;2.516325151985723;-6.849526213275898;0.0;0.0;0.0;0.0;0.0;144.77860560628838;416.8055935429888;12.83437275623606;412.03782771378434;-5.45125544464072e-8
6878.0;0.0;-0.00030234667601536244;0.0;4.647803440584706;0.0;0.0;0.0;0.0;0.0;0.0013611715258573416;4.331697805549167;1.1713066077834018e-10;2.516325151985723;-6.849526213275898;0.0;0.0;0.0;0.0;0.0;144.77860560628838;416.8055935429888;12.83437275623606;412.03782771378434;-5.45125544464072e-8
6879.0;0.0;-0.00030234667601536244;0.0;4.647803440584706;0.0;0.0;0.0;0.0;0.0;0.0013611715258573416;4.331697805549167;1.1713066077834018e-10;2.516325151985723;-6.849526213275898;0.0;0.0;0.0;0.0;0.0;144.77860560628838;416.8055935429888;12.83437275623606;412.03782771378434;-5.45125544464072e-8
6880.0;0.0;-0.00030234667601536244;0.0;4.647803440584706;0.0;0.0;0.0;0.0;0.0;0.0013611715258573416;4.331697805549167;1.1713066077834018e-10;2.516325151985723;-6.849526213275898;0.0;0.0;0.0;0.0;0.0;144.77860560628838;416.8055935429888;12.83437275623606;412.03782771378434;-5.45125544464072e-8
6881.0;0.0;-0.00030234667601536244;0.0;4.647803440584706;0.0;0.0;0.0;0.0;0.0;0.0013611715258573416;4.331697805549167;1.1713066077834018e-10;2.516325151985723;-6.849526213275898;0.0;0.0;0.0;0.0;0.0;144.77860560628838;416.8055935429888;12.83437275623606;412.03782771378434;-5.45125544464072e-8
6882.0;0.0;-0.00030234667601536244;0.0;4.647803440584706;0.0;0.0;0.0;0.0;0.0;0.0013611715258573416;4.331697805549167;1.1713066077834018e-10;2.516325151985723;-6.849526213275898;0.0;0.0;0.0;0.0;0.0;144.77860560628838;416.8055935429888;12.83437275623606;412.03782771378434;-5.45125544464072e-8
6883.0;0.0;-0.00030234667601536244;0.0;4.647803440584706;0.0;0.0;0.0;0.0;0.0;0.0013611715258573416;4.331697805549167;1.1713066077834018e-10;2.516325151985723;-6.849526213275898;0.0;0.0;0.0;0.0;0.0;144.77860560628838;416.8055935429888;12.83437275623606;412.03782771378434;-5.45125544464072e-8
6884.0;0.0;-0.00030234667601536244;0.0;4.647803440584706;0.0;0.0;0.0;0.0;0.0;0.0013611715258573416;4.331697805549167;1.1713066077834018e-10;2.516325151985723;-6.849526213275898;0.0;0.0;0.0;0.0;0.0;144.77860560628838;416.8055935429888;12.83437275623606;412.03782771378434;-5.45125544464072e-8
6885.0;0.0;-0.00030234667601536244;0.0;4.647803440584706;0.0;0.0;0.0;0.0;0.0;0.0013611715258573416;4.331697805549167;1.1713066077834018e-10;2.516325151985723;-6.849526213275898;0.0;0.0;0.0;0.0;0.0;144.77860560628838;416.8055935429888;12.83437275623606;412.03782771378434;-5.45125544464072e-8
6886.0;0.0;-0.00030234667601536244;0.0;4.647803440584706;0.0;0.0;0.0;0.0;0.0;0.0013611715258573416;4.331697805549167;1.1713066077834018e-10;2.516325151985723;-6.849526213275898;0.0;0.0;0.0;0.0;0.0;144.77860560628838;416.8055935429888;12.83437275623606;412.03782771378434;-5.45125544464072e-8
6887.0;0.0;-0.00030234667601536244;0.0;4.647803440584706;0.0;0.0;0.0;0.0;0.0;0.0013611715258573416;4.331697805549167;1.1713066077834018e-10;2.516325151985723;-6.849526213275898;0.0;0.0;0.0;0.0;0.0;144.77860560628838;416.8055935429888;12.83437275623606;412.03782771378434;-5.45125544464072e-8
6888.0;0.0;-0.00030234667601536244;0.0;4.647803440584706;0.0;0.0;0.0;0.0;0.0;0.0013611715258573416;4.331697805549167;1.1713066077834018e-10;2.516325151985723;-6.849526213275898;0.0;0.0;0.0;0.0;0.0;144.77860560628838;416.8055935429888;12.83437275623606;412.03782771378434;-5.45125544464072e-8
6889.0;0.0;-0.0027813773253395862;0.0;4.647803440584706;0.0;0.0;0.0;0.0;0.0;0.0;3.825932405399415;0.0;3.0971278830952023;-6.923527451094254;0.0;0.0;0.0;0.0;0.0;144.77860560628838;416.8055935429888;12.83437275623606;412.03782771378434;-5.45125544464072e-8
6890.0;0.0;-0.0027813773253395862;0.0;4.647803440584706;0.0;0.0;0.0;0.0;0.0;0.0;3.825932405399415;0.0;3.0971278830952023;-6.923527451094254;0.0;0.0;0.0;0.0;0.0;144.77860560628838;416.8055935429888;12.83437275623606;412.03782771378434;-5.45125544464072e-8
6891.0;0.0;-0.0027813773253395862;0.0;4.647803440584706;0.0;0.0;0.0;0.0;0.0;0.0;3.825932405399415;0.0;3.0971278830952023;-6.923527451094254;0.0;0.0;0.0;0.0;0.0;144.77860560628838;416.8055935429888;12.83437275623606;412.03782771378434;-5.45125544464072e-8
6892.0;0.0;-0.0027813773253395862;0.0;4.647803440584706;0.0;0.0;0.0;0.0;0.0;0.0;3.825932405399415;0.0;3.0971278830952023;-6.923527451094254;0.0;0.0;0.0;0.0;0.0;144.77860560628838;416.8055935429888;12.83437275623606;412.03782771378434;-5.45125544464072e-8
6893.0;0.0;-0.0027813773253395862;0.0;4.647803440584706;0.0;0.0;0.0;0.0;0.0;0.0;3.825932405399415;0.0;3.0971278830952023;-6.923527451094254;0.0;0.0;0.0;0.0;0.0;144.77860560628838;416.8055935429888;12.83437275623606;412.03782771378434;-5.45125544464072e-8
6894.0;0.0;-0.0027813773253395862;0.0;4.647803440584706;0.0;0.0;0.0;0.0;0.0;0.0;3.825932405399415;0.0;3.0971278830952023;-6.923527451094254;0.0;0.0;0.0;0.0;0.0;144.77860560628838;416.8055935429888;12.83437275623606;412.03782771378434;-5.45125544464072e-8
6895.0;0.0;-0.0027813773253395862;0.0;4.647803440584706;0.0;0.0;0.0;0.0;0.0;0.0;3.825932405399415;0.0;3.0971278830952023;-6.923527451094254;0.0;0.0;0.0;0.0;0.0;144.77860560628838;416.8055935429888;12.83437275623606;412.03782771378434;-5.45125544464072e-8
6896.0;0.0;-0.0027813773253395862;0.0;4.647803440584706;0.0;0.0;0.0;0.0;0.0;0.0;3.825932405399415;0.0;3.0971278830952023;-6.923527451094254;0.0;0.0;0.0;0.0;0.0;144.77860560628838;416.8055935429888;12.83437275623606;412.03782771378434;-5.45125544464072e-8
6897.0;0.0;-0.0027813773253395862;0.0;4.647803440584706;0.0;0.0;0.0;0.0;0.0;0.0;3.825932405399415;0.0;3.0971278830952023;-6.923527451094254;0.0;0.0;0.0;0.0;0.0;144.77860560628838;416.8055935429888;12.83437275623606;412.03782771378434;-5.45125544464072e-8
6898.0;0.0;-0.0027813773253395862;0.0;4.647803440584706;0.0;0.0;0.0;0.0;0.0;0.0;3.825932405399415;0.0;3.0971278830952023;-6.923527451094254;0.0;0.0;0.0;0.0;0.0;144.77860560628838;416.8055935429888;12.83437275623606;412.03782771378434;-5.45125544464072e-8
6899.0;0.0;-0.0027813773253395862;0.0;4.647803440584706;0.0;0.0;0.0;0.0;0.0;0.0;3.825932405399415;0.0;3.0971278830952023;-6.923527451094254;0.0;0.0;0.0;0.0;0.0;144.77860560628838;416.8055935429888;12.83437275623606;412.03782771378434;-5.45125544464072e-8
6900.0;0.0;-0.0027813773253395862;0.0;4.647803440584706;0.0;0.0;0.0;0.0;0.0;0.0;3.825932405399415;0.0;3.0971278830952023;-6.923527451094254;0.0;0.0;0.0;0.0;0.0;144.77860560628838;416.8055935429888;12.83437275623606;412.03782771378434;-5.45125544464072e-8
6901.0;0.0;-0.0027813773253395862;0.0;4.647803440584706;0.0;0.0;0.0;0.0;0.0;0.0;3.825932405399415;0.0;3.0971278830952023;-6.923527451094254;0.0;0.0;0.0;0.0;0.0;144.77860560628838;416.8055935429888;12.83437275623606;412.03782771378434;-5.45125544464072e-8
6902.0;0.0;-0.0027813773253395862;0.0;4.647803440584706;0.0;0.0;0.0;0.0;0.0;0.0;3.825932405399415;0.0;3.0971278830952023;-6.923527451094254;0.0;0.0;0.0;0.0;0.0;144.77860560628838;416.8055935429888;12.83437275623606;412.03782771378434;-5.45125544464072e-8
6903.0;0.0;-0.0027813773253395862;0.0;4.647803440584706;0.0;0.0;0.0;0.0;0.0;0.0;3.825932405399415;0.0;3.0971278830952023;-6.923527451094254;0.0;0.0;0.0;0.0;0.0;144.77860560628838;416.8055935429888;12.83437275623606;412.03782771378434;-5.45125544464072e-8
6904.0;0.0;-0.0027813773253395862;0.0;4.647803440584706;0.0;0.0;0.0;0.0;0.0;0.0;3.825932405399415;0.0;3.0971278830952023;-6.923527451094254;0.0;0.0;0.0;0.0;0.0;144.77860560628838;416.8055935429888;12.83437275623606;412.03782771378434;-5.45125544464072e-8
6905.0;0.0;-0.0027813773253395862;0.0;4.647803440584706;0.0;0.0;0.0;0.0;0.0;0.0;3.825932405399415;0.0;3.0971278830952023;-6.923527451094254;0.0;0.0;0.0;0.0;0.0;144.77860560628838;416.8055935429888;12.83437275623606;412.03782771378434;-5.45125544464072e-8
6906.0;0.0;-0.0027813773253395862;0.0;4.647803440584706;0.0;0.0;0.0;0.0;0.0;0.0;3.825932405399415;0.0;3.0971278830952023;-6.923527451094254;0.0;0.0;0.0;0.0;0.0;144.77860560628838;416.8055935429888;12.83437275623606;412.03782771378434;-5.45125544464072e-8
6907.0;0.0;-0.0027813773253395862;0.0;4.647803440584706;0.0;0.0;0.0;0.0;0.0;0.0;3.825932405399415;0.0;3.0971278830952023;-6.923527451094254;0.0;0.0;0.0;0.0;0.0;144.77860560628838;416.8055935429888;12.83437275623606;412.03782771378434;-5.45125544464072e-8
6908.0;0.0;-0.0027813773253395862;0.0;4.647803440584706;0.0;0.0;0.0;0.0;0.0;0.0;3.825932405399415;0.0;3.0971278830952023;-6.923527451094254;0.0;0.0;0.0;0.0;0.0;144.77860560628838;416.8055935429888;12.83437275623606;412.03782771378434;-5.45125544464072e-8
6909.0;0.0;-0.0027813773253395862;0.0;4.647803440584706;0.0;0.0;0.0;0.0;0.0;0.0;3.825932405399415;0.0;3.0971278830952023;-6.923527451094254;0.0;0.0;0.0;0.0;0.0;144.77860560628838;416.8055935429888;12.83437275623606;412.03782771378434;-5.45125544464072e-8
6910.0;0.0;-0.0027813773253395862;0.0;4.647803440584706;0.0;0.0;0.0;0.0;0.0;0.0;3.825932405399415;0.0;3.0971278830952023;-6.923527451094254;0.0;0.0;0.0;0.0;0.0;144.77860560628838;416.8055935429888;12.83437275623606;412.03782771378434;-5.45125544464072e-8
6911.0;0.0;-0.0027813773253395862;0.0;4.647803440584706;0.0;0.0;0.0;0.0;0.0;0.0;3.825932405399415;0.0;3.0971278830952023;-6.923527451094254;0.0;0.0;0.0;0.0;0.0;144.77860560628838;416.8055935429888;12.83437275623606;412.03782771378434;-5.45125544464072e-8
6912.0;0.0;-0.0027813773253395862;0.0;4.647803440584706;0.0;0.0;0.0;0.0;0.0;0.0;3.825932405399415;0.0;3.0971278830952023;-6.923527451094254;0.0;0.0;0.0;0.0;0.0;144.77860560628838;416.8055935429888;12.83437275623606;412.03782771378434;-5.45125544464072e-8
6913.0;0.0;2.954459117877324e-5;0.0;5.487937220198733;0.0;0.0;0.0;0.0;0.0;0.003779823266271077;2.0118682392633556;1.068504960197244e-10;4.834014312780162;-6.84969493836224;0.0;0.0;0.0;0.0;0.0;145.1444895764568;418.17759304635587;17.52987500226331;414.1989479024209;-3.9878773332120566e-8
6914.0;0.0;2.954459117877324e-5;0.0;5.487937220198733;0.0;0.0;0.0;0.0;0.0;0.003779823266271077;2.0118682392633556;1.068504960197244e-10;4.834014312780162;-6.84969493836224;0.0;0.0;0.0;0.0;0.0;145.1444895764568;418.17759304635587;17.52987500226331;414.1989479024209;-3.9878773332120566e-8
6915.0;0.0;2.954459117877324e-5;0.0;5.487937220198733;0.0;0.0;0.0;0.0;0.0;0.003779823266271077;2.0118682392633556;1.068504960197244e-10;4.834014312780162;-6.84969493836224;0.0;0.0;0.0;0.0;0.0;145.1444895764568;418.17759304635587;17.52987500226331;414.1989479024209;-3.9878773332120566e-8
6916.0;0.0;2.954459117877324e-5;0.0;5.487937220198733;0.0;0.0;0.0;0.0;0.0;0.003779823266271077;2.0118682392633556;1.068504960197244e-10;4.834014312780162;-6.84969493836224;0.0;0.0;0.0;0.0;0.0;145.1444895764568;418.17759304635587;17.52987500226331;414.1989479024209;-3.9878773332120566e-8
6917.0;0.0;2.954459117877324e-5;0.0;5.487937220198733;0.0;0.0;0.0;0.0;0.0;0.003779823266271077;2.0118682392633556;1.068504960197244e-10;4.834014312780162;-6.84969493836224;0.0;0.0;0.0;0.0;0.0;145.1444895764568;418.17759304635587;17.52987500226331;414.1989479024209;-3.9878773332120566e-8
6918.0;0.0;2.954459117877324e-5;0.0;5.487937220198733;0.0;0.0;0.0;0.0;0.0;0.003779823266271077;2.0118682392633556;1.068504960197244e-10;4.834014312780162;-6.84969493836224;0.0;0.0;0.0;0.0;0.0;145.1444895764568;418.17759304635587;17.52987500226331;414.1989479024209;-3.9878773332120566e-8
6919.0;0.0;2.954459117877324e-5;0.0;5.487937220198733;0.0;0.0;0.0;0.0;0.0;0.003779823266271077;2.0118682392633556;1.068504960197244e-10;4.834014312780162;-6.84969493836224;0.0;0.0;0.0;0.0;0.0;145.1444895764568;418.17759304635587;17.52987500226331;414.1989479024209;-3.9878773332120566e-8
6920.0;0.0;2.954459117877324e-5;0.0;5.487937220198733;0.0;0.0;0.0;0.0;0.0;0.003779823266271077;2.0118682392633556;1.068504960197244e-10;4.834014312780162;-6.84969493836224;0.0;0.0;0.0;0.0;0.0;145.1444895764568;418.17759304635587;17.52987500226331;414.1989479024209;-3.9878773332120566e-8
6921.0;0.0;2.954459117877324e-5;0.0;5.487937220198733;0.0;0.0;0.0;0.0;0.0;0.003779823266271077;2.0118682392633556;1.068504960197244e-10;4.834014312780162;-6.84969493836224;0.0;0.0;0.0;0.0;0.0;145.1444895764568;418.17759304635587;17.52987500226331;414.1989479024209;-3.9878773332120566e-8
6922.0;0.0;2.954459117877324e-5;0.0;5.487937220198733;0.0;0.0;0.0;0.0;0.0;0.003779823266271077;2.0118682392633556;1.068504960197244e-10;4.834014312780162;-6.84969493836224;0.0;0.0;0.0;0.0;0.0;145.1444895764568;418.17759304635587;17.52987500226331;414.1989479024209;-3.9878773332120566e-8
6923.0;0.0;2.954459117877324e-5;0.0;5.487937220198733;0.0;0.0;0.0;0.0;0.0;0.003779823266271077;2.0118682392633556;1.068504960197244e-10;4.834014312780162;-6.84969493836224;0.0;0.0;0.0;0.0;0.0;145.1444895764568;418.17759304635587;17.52987500226331;414.1989479024209;-3.9878773332120566e-8
6924.0;0.0;2.954459117877324e-5;0.0;5.487937220198733;0.0;0.0;0.0;0.0;0.0;0.003779823266271077;2.0118682392633556;1.068504960197244e-10;4.834014312780162;-6.84969493836224;0.0;0.0;0.0;0.0;0.0;145.1444895764568;418.17759304635587;17.52987500226331;414.1989479024209;-3.9878773332120566e-8
6925.0;0.0;2.954459117877324e-5;0.0;5.487937220198733;0.0;0.0;0.0;0.0;0.0;0.003779823266271077;2.0118682392633556;1.068504960197244e-10;4.834014312780162;-6.84969493836224;0.0;0.0;0.0;0.0;0.0;145.1444895764568;418.17759304635587;17.52987500226331;414.1989479024209;-3.9878773332120566e-8
6926.0;0.0;2.954459117877324e-5;0.0;5.487937220198733;0.0;0.0;0.0;0.0;0.0;0.003779823266271077;2.0118682392633556;1.068504960197244e-10;4.834014312780162;-6.84969493836224;0.0;0.0;0.0;0.0;0.0;145.1444895764568;418.17759304635587;17.52987500226331;414.1989479024209;-3.9878773332120566e-8
6927.0;0.0;2.954459117877324e-5;0.0;5.487937220198733;0.0;0.0;0.0;0.0;0.0;0.003779823266271077;2.0118682392633556;1.068504960197244e-10;4.834014312780162;-6.84969493836224;0.0;0.0;0.0;0.0;0.0;145.1444895764568;418.17759304635587;17.52987500226331;414.1989479024209;-3.9878773332120566e-8
6928.0;0.0;2.954459117877324e-5;0.0;5.487937220198733;0.0;0.0;0.0;0.0;0.0;0.003779823266271077;2.0118682392633556;1.068504960197244e-10;4.834014312780162;-6.84969493836224;0.0;0.0;0.0;0.0;0.0;145.1444895764568;418.17759304635587;17.52987500226331;414.1989479024209;-3.9878773332120566e-8
6929.0;0.0;2.954459117877324e-5;0.0;5.487937220198733;0.0;0.0;0.0;0.0;0.0;0.003779823266271077;2.0118682392633556;1.068504960197244e-10;4.834014312780162;-6.84969493836224;0.0;0.0;0.0;0.0;0.0;145.1444895764568;418.17759304635587;17.52987500226331;414.1989479024209;-3.9878773332120566e-8
6930.0;0.0;2.954459117877324e-5;0.0;5.487937220198733;0.0;0.0;0.0;0.0;0.0;0.003779823266271077;2.0118682392633556;1.068504960197244e-10;4.834014312780162;-6.84969493836224;0.0;0.0;0.0;0.0;0.0;145.1444895764568;418.17759304635587;17.52987500226331;414.1989479024209;-3.9878773332120566e-8
6931.0;0.0;2.954459117877324e-5;0.0;5.487937220198733;0.0;0.0;0.0;0.0;0.0;0.003779823266271077;2.0118682392633556;1.068504960197244e-10;4.834014312780162;-6.84969493836224;0.0;0.0;0.0;0.0;0.0;145.1444895764568;418.17759304635587;17.52987500226331;414.1989479024209;-3.9878773332120566e-8
6932.0;0.0;2.954459117877324e-5;0.0;5.487937220198733;0.0;0.0;0.0;0.0;0.0;0.003779823266271077;2.0118682392633556;1.068504960197244e-10;4.834014312780162;-6.84969493836224;0.0;0.0;0.0;0.0;0.0;145.1444895764568;418.17759304635587;17.52987500226331;414.1989479024209;-3.9878773332120566e-8
6933.0;0.0;2.954459117877324e-5;0.0;5.487937220198733;0.0;0.0;0.0;0.0;0.0;0.003779823266271077;2.0118682392633556;1.068504960197244e-10;4.834014312780162;-6.84969493836224;0.0;0.0;0.0;0.0;0.0;145.1444895764568;418.17759304635587;17.52987500226331;414.1989479024209;-3.9878773332120566e-8
6934.0;0.0;2.954459117877324e-5;0.0;5.487937220198733;0.0;0.0;0.0;0.0;0.0;0.003779823266271077;2.0118682392633556;1.068504960197244e-10;4.834014312780162;-6.84969493836224;0.0;0.0;0.0;0.0;0.0;145.1444895764568;418.17759304635587;17.52987500226331;414.1989479024209;-3.9878773332120566e-8
6935.0;0.0;2.954459117877324e-5;0.0;5.487937220198733;0.0;0.0;0.0;0.0;0.0;0.003779823266271077;2.0118682392633556;1.068504960197244e-10;4.834014312780162;-6.84969493836224;0.0;0.0;0.0;0.0;0.0;145.1444895764568;418.17759304635587;17.52987500226331;414.1989479024209;-3.9878773332120566e-8
6936.0;0.0;2.954459117877324e-5;0.0;5.487937220198733;0.0;0.0;0.0;0.0;0.0;0.003779823266271077;2.0118682392633556;1.068504960197244e-10;4.834014312780162;-6.84969493836224;0.0;0.0;0.0;0.0;0.0;145.1444895764568;418.17759304635587;17.52987500226331;414.1989479024209;-3.9878773332120566e-8
6937.0;0.0;-0.0003158111928694023;0.0;5.487937220198733;0.0;0.0;0.0;0.0;0.0;0.0014224035675899215;2.0324776619301916;8.467089849392636e-11;4.815480691917598;-6.849535835062034;0.0;0.0;0.0;0.0;0.0;145.1444895764568;418.17759304635587;17.52987500226331;414.1989479024209;-3.9878773332120566e-8
6938.0;0.0;-0.0003158111928694023;0.0;5.487937220198733;0.0;0.0;0.0;0.0;0.0;0.0014224035675899215;2.0324776619301916;8.467089849392636e-11;4.815480691917598;-6.849535835062034;0.0;0.0;0.0;0.0;0.0;145.1444895764568;418.17759304635587;17.52987500226331;414.1989479024209;-3.9878773332120566e-8
6939.0;0.0;-0.0003158111928694023;0.0;5.487937220198733;0.0;0.0;0.0;0.0;0.0;0.0014224035675899215;2.0324776619301916;8.467089849392636e-11;4.815480691917598;-6.849535835062034;0.0;0.0;0.0;0.0;0.0;145.1444895764568;418.17759304635587;17.52987500226331;414.1989479024209;-3.9878773332120566e-8
6940.0;0.0;-0.0003158111928694023;0.0;5.487937220198733;0.0;0.0;0.0;0.0;0.0;0.0014224035675899215;2.0324776619301916;8.467089849392636e-11;4.815480691917598;-6.849535835062034;0.0;0.0;0.0;0.0;0.0;145.1444895764568;418.17759304635587;17.52987500226331;414.1989479024209;-3.9878773332120566e-8
6941.0;0.0;-0.0003158111928694023;0.0;5.487937220198733;0.0;0.0;0.0;0.0;0.0;0.0014224035675899215;2.0324776619301916;8.467089849392636e-11;4.815480691917598;-6.849535835062034;0.0;0.0;0.0;0.0;0.0;145.1444895764568;418.17759304635587;17.52987500226331;414.1989479024209;-3.9878773332120566e-8
6942.0;0.0;-0.0003158111928694023;0.0;5.487937220198733;0.0;0.0;0.0;0.0;0.0;0.0014224035675899215;2.0324776619301916;8.467089849392636e-11;4.815480691917598;-6.849535835062034;0.0;0.0;0.0;0.0;0.0;145.1444895764568;418.17759304635587;17.52987500226331;414.1989479024209;-3.9878773332120566e-8
6943.0;0.0;-0.0003158111928694023;0.0;5.487937220198733;0.0;0.0;0.0;0.0;0.0;0.0014224035675899215;2.0324776619301916;8.467089849392636e-11;4.815480691917598;-6.849535835062034;0.0;0.0;0.0;0.0;0.0;145.1444895764568;418.17759304635587;17.52987500226331;414.1989479024209;-3.9878773332120566e-8
6944.0;0.0;-0.0003158111928694023;0.0;5.487937220198733;0.0;0.0;0.0;0.0;0.0;0.0014224035675899215;2.0324776619301916;8.467089849392636e-11;4.815480691917598;-6.849535835062034;0.0;0.0;0.0;0.0;0.0;145.1444895764568;418.17759304635587;17.52987500226331;414.1989479024209;-3.9878773332120566e-8
6945.0;0.0;-0.0003158111928694023;0.0;5.487937220198733;0.0;0.0;0.0;0.0;0.0;0.0014224035675899215;2.0324776619301916;8.467089849392636e-11;4.815480691917598;-6.849535835062034;0.0;0.0;0.0;0.0;0.0;145.1444895764568;418.17759304635587;17.52987500226331;414.1989479024209;-3.9878773332120566e-8
6946.0;0.0;-0.0003158111928694023;0.0;5.487937220198733;0.0;0.0;0.0;0.0;0.0;0.0014224035675899215;2.0324776619301916;8.467089849392636e-11;4.815480691917598;-6.849535835062034;0.0;0.0;0.0;0.0;0.0;145.1444895764568;418.17759304635587;17.52987500226331;414.1989479024209;-3.9878773332120566e-8
6947.0;0.0;-0.0003158111928694023;0.0;5.487937220198733;0.0;0.0;0.0;0.0;0.0;0.0014224035675899215;2.0324776619301916;8.467089849392636e-11;4.815480691917598;-6.849535835062034;0.0;0.0;0.0;0.0;0.0;145.1444895764568;418.17759304635587;17.52987500226331;414.1989479024209;-3.9878773332120566e-8
6948.0;0.0;-0.0003158111928694023;0.0;5.487937220198733;0.0;0.0;0.0;0.0;0.0;0.0014224035675899215;2.0324776619301916;8.467089849392636e-11;4.815480691917598;-6.849535835062034;0.0;0.0;0.0;0.0;0.0;145.1444895764568;418.17759304635587;17.52987500226331;414.1989479024209;-3.9878773332120566e-8
6949.0;0.0;-0.0003158111928694023;0.0;5.487937220198733;0.0;0.0;0.0;0.0;0.0;0.0014224035675899215;2.0324776619301916;8.467089849392636e-11;4.815480691917598;-6.849535835062034;0.0;0.0;0.0;0.0;0.0;145.1444895764568;418.17759304635587;17.52987500226331;414.1989479024209;-3.9878773332120566e-8
6950.0;0.0;-0.0003158111928694023;0.0;5.487937220198733;0.0;0.0;0.0;0.0;0.0;0.0014224035675899215;2.0324776619301916;8.467089849392636e-11;4.815480691917598;-6.849535835062034;0.0;0.0;0.0;0.0;0.0;145.1444895764568;418.17759304635587;17.52987500226331;414.1989479024209;-3.9878773332120566e-8
6951.0;0.0;-0.0003158111928694023;0.0;5.487937220198733;0.0;0.0;0.0;0.0;0.0;0.0014224035675899215;2.0324776619301916;8.467089849392636e-11;4.815480691917598;-6.849535835062034;0.0;0.0;0.0;0.0;0.0;145.1444895764568;418.17759304635587;17.52987500226331;414.1989479024209;-3.9878773332120566e-8
6952.0;0.0;-0.0003158111928694023;0.0;5.487937220198733;0.0;0.0;0.0;0.0;0.0;0.0014224035675899215;2.0324776619301916;8.467089849392636e-11;4.815480691917598;-6.849535835062034;0.0;0.0;0.0;0.0;0.0;145.1444895764568;418.17759304635587;17.52987500226331;414.1989479024209;-3.9878773332120566e-8
6953.0;0.0;-0.0003158111928694023;0.0;5.487937220198733;0.0;0.0;0.0;0.0;0.0;0.0014224035675899215;2.0324776619301916;8.467089849392636e-11;4.815480691917598;-6.849535835062034;0.0;0.0;0.0;0.0;0.0;145.1444895764568;418.17759304635587;17.52987500226331;414.1989479024209;-3.9878773332120566e-8
6954.0;0.0;-0.0003158111928694023;0.0;5.487937220198733;0.0;0.0;0.0;0.0;0.0;0.0014224035675899215;2.0324776619301916;8.467089849392636e-11;4.815480691917598;-6.849535835062034;0.0;0.0;0.0;0.0;0.0;145.1444895764568;418.17759304635587;17.52987500226331;414.1989479024209;-3.9878773332120566e-8
6955.0;0.0;-0.0003158111928694023;0.0;5.487937220198733;0.0;0.0;0.0;0.0;0.0;0.0014224035675899215;2.0324776619301916;8.467089849392636e-11;4.815480691917598;-6.849535835062034;0.0;0.0;0.0;0.0;0.0;145.1444895764568;418.17759304635587;17.52987500226331;414.1989479024209;-3.9878773332120566e-8
6956.0;0.0;-0.0003158111928694023;0.0;5.487937220198733;0.0;0.0;0.0;0.0;0.0;0.0014224035675899215;2.0324776619301916;8.467089849392636e-11;4.815480691917598;-6.849535835062034;0.0;0.0;0.0;0.0;0.0;145.1444895764568;418.17759304635587;17.52987500226331;414.1989479024209;-3.9878773332120566e-8
6957.0;0.0;-0.0003158111928694023;0.0;5.487937220198733;0.0;0.0;0.0;0.0;0.0;0.0014224035675899215;2.0324776619301916;8.467089849392636e-11;4.815480691917598;-6.849535835062034;0.0;0.0;0.0;0.0;0.0;145.1444895764568;418.17759304635587;17.52987500226331;414.1989479024209;-3.9878773332120566e-8
6958.0;0.0;-0.0003158111928694023;0.0;5.487937220198733;0.0;0.0;0.0;0.0;0.0;0.0014224035675899215;2.0324776619301916;8.467089849392636e-11;4.815480691917598;-6.849535835062034;0.0;0.0;0.0;0.0;0.0;145.1444895764568;418.17759304635587;17.52987500226331;414.1989479024209;-3.9878773332120566e-8
6959.0;0.0;-0.0003158111928694023;0.0;5.487937220198733;0.0;0.0;0.0;0.0;0.0;0.0014224035675899215;2.0324776619301916;8.467089849392636e-11;4.815480691917598;-6.849535835062034;0.0;0.0;0.0;0.0;0.0;145.1444895764568;418.17759304635587;17.52987500226331;414.1989479024209;-3.9878773332120566e-8
6960.0;0.0;-0.0003158111928694023;0.0;5.487937220198733;0.0;0.0;0.0;0.0;0.0;0.0014224035675899215;2.0324776619301916;8.467089849392636e-11;4.815480691917598;-6.849535835062034;0.0;0.0;0.0;0.0;0.0;145.1444895764568;418.17759304635587;17.52987500226331;414.1989479024209;-3.9878773332120566e-8
6961.0;0.0;0.0013231226227848848;0.0;5.487937220198733;0.0;0.0;0.0;0.0;0.0;0.02805479303233587;4.264808946448404;1.4153146894119947e-10;2.568518620083733;-6.861416970025191;0.0;0.0;0.0;0.0;0.0;145.1444895764568;418.17759304635587;17.52987500226331;414.1989479024209;-3.9878773332120566e-8
6962.0;0.0;0.0013231226227848848;0.0;5.487937220198733;0.0;0.0;0.0;0.0;0.0;0.02805479303233587;4.264808946448404;1.4153146894119947e-10;2.568518620083733;-6.861416970025191;0.0;0.0;0.0;0.0;0.0;145.1444895764568;418.17759304635587;17.52987500226331;414.1989479024209;-3.9878773332120566e-8
6963.0;0.0;0.0013231226227848848;0.0;5.487937220198733;0.0;0.0;0.0;0.0;0.0;0.02805479303233587;4.264808946448404;1.4153146894119947e-10;2.568518620083733;-6.861416970025191;0.0;0.0;0.0;0.0;0.0;145.1444895764568;418.17759304635587;17.52987500226331;414.1989479024209;-3.9878773332120566e-8
6964.0;0.0;0.0013231226227848848;0.0;5.487937220198733;0.0;0.0;0.0;0.0;0.0;0.02805479303233587;4.264808946448404;1.4153146894119947e-10;2.568518620083733;-6.861416970025191;0.0;0.0;0.0;0.0;0.0;145.1444895764568;418.17759304635587;17.52987500226331;414.1989479024209;-3.9878773332120566e-8
6965.0;0.0;0.0013231226227848848;0.0;5.487937220198733;0.0;0.0;0.0;0.0;0.0;0.02805479303233587;4.264808946448404;1.4153146894119947e-10;2.568518620083733;-6.861416970025191;0.0;0.0;0.0;0.0;0.0;145.1444895764568;418.17759304635587;17.52987500226331;414.1989479024209;-3.9878773332120566e-8
6966.0;0.0;0.0013231226227848848;0.0;5.487937220198733;0.0;0.0;0.0;0.0;0.0;0.02805479303233587;4.264808946448404;1.4153146894119947e-10;2.568518620083733;-6.861416970025191;0.0;0.0;0.0;0.0;0.0;145.1444895764568;418.17759304635587;17.52987500226331;414.1989479024209;-3.9878773332120566e-8
6967.0;0.0;0.0013231226227848848;0.0;5.487937220198733;0.0;0.0;0.0;0.0;0.0;0.02805479303233587;4.264808946448404;1.4153146894119947e-10;2.568518620083733;-6.861416970025191;0.0;0.0;0.0;0.0;0.0;145.1444895764568;418.17759304635587;17.52987500226331;414.1989479024209;-3.9878773332120566e-8
6968.0;0.0;0.0013231226227848848;0.0;5.487937220198733;0.0;0.0;0.0;0.0;0.0;0.02805479303233587;4.264808946448404;1.4153146894119947e-10;2.568518620083733;-6.861416970025191;0.0;0.0;0.0;0.0;0.0;145.1444895764568;418.17759304635587;17.52987500226331;414.1989479024209;-3.9878773332120566e-8
6969.0;0.0;0.0013231226227848848;0.0;5.487937220198733;0.0;0.0;0.0;0.0;0.0;0.02805479303233587;4.264808946448404;1.4153146894119947e-10;2.568518620083733;-6.861416970025191;0.0;0.0;0.0;0.0;0.0;145.1444895764568;418.17759304635587;17.52987500226331;414.1989479024209;-3.9878773332120566e-8
6970.0;0.0;0.0013231226227848848;0.0;5.487937220198733;0.0;0.0;0.0;0.0;0.0;0.02805479303233587;4.264808946448404;1.4153146894119947e-10;2.568518620083733;-6.861416970025191;0.0;0.0;0.0;0.0;0.0;145.1444895764568;418.17759304635587;17.52987500226331;414.1989479024209;-3.9878773332120566e-8
6971.0;0.0;0.0013231226227848848;0.0;5.487937220198733;0.0;0.0;0.0;0.0;0.0;0.02805479303233587;4.264808946448404;1.4153146894119947e-10;2.568518620083733;-6.861416970025191;0.0;0.0;0.0;0.0;0.0;145.1444895764568;418.17759304635587;17.52987500226331;414.1989479024209;-3.9878773332120566e-8
6972.0;0.0;0.0013231226227848848;0.0;5.487937220198733;0.0;0.0;0.0;0.0;0.0;0.02805479303233587;4.264808946448404;1.4153146894119947e-10;2.568518620083733;-6.861416970025191;0.0;0.0;0.0;0.0;0.0;145.1444895764568;418.17759304635587;17.52987500226331;414.1989479024209;-3.9878773332120566e-8
6973.0;0.0;0.0013231226227848848;0.0;5.487937220198733;0.0;0.0;0.0;0.0;0.0;0.02805479303233587;4.264808946448404;1.4153146894119947e-10;2.568518620083733;-6.861416970025191;0.0;0.0;0.0;0.0;0.0;145.1444895764568;418.17759304635587;17.52987500226331;414.1989479024209;-3.9878773332120566e-8
6974.0;0.0;0.0013231226227848848;0.0;5.487937220198733;0.0;0.0;0.0;0.0;0.0;0.02805479303233587;4.264808946448404;1.4153146894119947e-10;2.568518620083733;-6.861416970025191;0.0;0.0;0.0;0.0;0.0;145.1444895764568;418.17759304635587;17.52987500226331;414.1989479024209;-3.9878773332120566e-8
6975.0;0.0;0.0013231226227848848;0.0;5.487937220198733;0.0;0.0;0.0;0.0;0.0;0.02805479303233587;4.264808946448404;1.4153146894119947e-10;2.568518620083733;-6.861416970025191;0.0;0.0;0.0;0.0;0.0;145.1444895764568;418.17759304635587;17.52987500226331;414.1989479024209;-3.9878773332120566e-8
6976.0;0.0;0.0013231226227848848;0.0;5.487937220198733;0.0;0.0;0.0;0.0;0.0;0.02805479303233587;4.264808946448404;1.4153146894119947e-10;2.568518620083733;-6.861416970025191;0.0;0.0;0.0;0.0;0.0;145.1444895764568;418.17759304635587;17.52987500226331;414.1989479024209;-3.9878773332120566e-8
6977.0;0.0;0.0013231226227848848;0.0;5.487937220198733;0.0;0.0;0.0;0.0;0.0;0.02805479303233587;4.264808946448404;1.4153146894119947e-10;2.568518620083733;-6.861416970025191;0.0;0.0;0.0;0.0;0.0;145.1444895764568;418.17759304635587;17.52987500226331;414.1989479024209;-3.9878773332120566e-8
6978.0;0.0;0.0013231226227848848;0.0;5.487937220198733;0.0;0.0;0.0;0.0;0.0;0.02805479303233587;4.264808946448404;1.4153146894119947e-10;2.568518620083733;-6.861416970025191;0.0;0.0;0.0;0.0;0.0;145.1444895764568;418.17759304635587;17.52987500226331;414.1989479024209;-3.9878773332120566e-8
6979.0;0.0;0.0013231226227848848;0.0;5.487937220198733;0.0;0.0;0.0;0.0;0.0;0.02805479303233587;4.264808946448404;1.4153146894119947e-10;2.568518620083733;-6.861416970025191;0.0;0.0;0.0;0.0;0.0;145.1444895764568;418.17759304635587;17.52987500226331;414.1989479024209;-3.9878773332120566e-8
6980.0;0.0;0.0013231226227848848;0.0;5.487937220198733;0.0;0.0;0.0;0.0;0.0;0.02805479303233587;4.264808946448404;1.4153146894119947e-10;2.568518620083733;-6.861416970025191;0.0;0.0;0.0;0.0;0.0;145.1444895764568;418.17759304635587;17.52987500226331;414.1989479024209;-3.9878773332120566e-8
6981.0;0.0;0.0013231226227848848;0.0;5.487937220198733;0.0;0.0;0.0;0.0;0.0;0.02805479303233587;4.264808946448404;1.4153146894119947e-10;2.568518620083733;-6.861416970025191;0.0;0.0;0.0;0.0;0.0;145.1444895764568;418.17759304635587;17.52987500226331;414.1989479024209;-3.9878773332120566e-8
6982.0;0.0;0.0013231226227848848;0.0;5.487937220198733;0.0;0.0;0.0;0.0;0.0;0.02805479303233587;4.264808946448404;1.4153146894119947e-10;2.568518620083733;-6.861416970025191;0.0;0.0;0.0;0.0;0.0;145.1444895764568;418.17759304635587;17.52987500226331;414.1989479024209;-3.9878773332120566e-8
6983.0;0.0;0.0013231226227848848;0.0;5.487937220198733;0.0;0.0;0.0;0.0;0.0;0.02805479303233587;4.264808946448404;1.4153146894119947e-10;2.568518620083733;-6.861416970025191;0.0;0.0;0.0;0.0;0.0;145.1444895764568;418.17759304635587;17.52987500226331;414.1989479024209;-3.9878773332120566e-8
6984.0;0.0;0.0013231226227848848;0.0;5.487937220198733;0.0;0.0;0.0;0.0;0.0;0.02805479303233587;4.264808946448404;1.4153146894119947e-10;2.568518620083733;-6.861416970025191;0.0;0.0;0.0;0.0;0.0;145.1444895764568;418.17759304635587;17.52987500226331;414.1989479024209;-3.9878773332120566e-8
6985.0;0.0;-0.003309981344674024;0.0;5.487937220198733;0.0;0.0;0.0;0.0;0.0;0.0;4.406434044716204;0.0;2.683555311567359;-7.090000626579152;0.0;0.0;0.0;0.0;0.0;145.1444895764568;418.17759304635587;17.52987500226331;414.1989479024209;-3.9878773332120566e-8
6986.0;0.0;-0.003309981344674024;0.0;5.487937220198733;0.0;0.0;0.0;0.0;0.0;0.0;4.406434044716204;0.0;2.683555311567359;-7.090000626579152;0.0;0.0;0.0;0.0;0.0;145.1444895764568;418.17759304635587;17.52987500226331;414.1989479024209;-3.9878773332120566e-8
6987.0;0.0;-0.003309981344674024;0.0;5.487937220198733;0.0;0.0;0.0;0.0;0.0;0.0;4.406434044716204;0.0;2.683555311567359;-7.090000626579152;0.0;0.0;0.0;0.0;0.0;145.1444895764568;418.17759304635587;17.52987500226331;414.1989479024209;-3.9878773332120566e-8
6988.0;0.0;-0.003309981344674024;0.0;5.487937220198733;0.0;0.0;0.0;0.0;0.0;0.0;4.406434044716204;0.0;2.683555311567359;-7.090000626579152;0.0;0.0;0.0;0.0;0.0;145.1444895764568;418.17759304635587;17.52987500226331;414.1989479024209;-3.9878773332120566e-8
6989.0;0.0;-0.003309981344674024;0.0;5.487937220198733;0.0;0.0;0.0;0.0;0.0;0.0;4.406434044716204;0.0;2.683555311567359;-7.090000626579152;0.0;0.0;0.0;0.0;0.0;145.1444895764568;418.17759304635587;17.52987500226331;414.1989479024209;-3.9878773332120566e-8
6990.0;0.0;-0.003309981344674024;0.0;5.487937220198733;0.0;0.0;0.0;0.0;0.0;0.0;4.406434044716204;0.0;2.683555311567359;-7.090000626579152;0.0;0.0;0.0;0.0;0.0;145.1444895764568;418.17759304635587;17.52987500226331;414.1989479024209;-3.9878773332120566e-8
6991.0;0.0;-0.003309981344674024;0.0;5.487937220198733;0.0;0.0;0.0;0.0;0.0;0.0;4.406434044716204;0.0;2.683555311567359;-7.090000626579152;0.0;0.0;0.0;0.0;0.0;145.1444895764568;418.17759304635587;17.52987500226331;414.1989479024209;-3.9878773332120566e-8
6992.0;0.0;-0.003309981344674024;0.0;5.487937220198733;0.0;0.0;0.0;0.0;0.0;0.0;4.406434044716204;0.0;2.683555311567359;-7.090000626579152;0.0;0.0;0.0;0.0;0.0;145.1444895764568;418.17759304635587;17.52987500226331;414.1989479024209;-3.9878773332120566e-8
6993.0;0.0;-0.003309981344674024;0.0;5.487937220198733;0.0;0.0;0.0;0.0;0.0;0.0;4.406434044716204;0.0;2.683555311567359;-7.090000626579152;0.0;0.0;0.0;0.0;0.0;145.1444895764568;418.17759304635587;17.52987500226331;414.1989479024209;-3.9878773332120566e-8
6994.0;0.0;-0.003309981344674024;0.0;5.487937220198733;0.0;0.0;0.0;0.0;0.0;0.0;4.406434044716204;0.0;2.683555311567359;-7.090000626579152;0.0;0.0;0.0;0.0;0.0;145.1444895764568;418.17759304635587;17.52987500226331;414.1989479024209;-3.9878773332120566e-8
6995.0;0.0;-0.003309981344674024;0.0;5.487937220198733;0.0;0.0;0.0;0.0;0.0;0.0;4.406434044716204;0.0;2.683555311567359;-7.090000626579152;0.0;0.0;0.0;0.0;0.0;145.1444895764568;418.17759304635587;17.52987500226331;414.1989479024209;-3.9878773332120566e-8
6996.0;0.0;-0.003309981344674024;0.0;5.487937220198733;0.0;0.0;0.0;0.0;0.0;0.0;4.406434044716204;0.0;2.683555311567359;-7.090000626579152;0.0;0.0;0.0;0.0;0.0;145.1444895764568;418.17759304635587;17.52987500226331;414.1989479024209;-3.9878773332120566e-8
6997.0;0.0;-0.003309981344674024;0.0;5.487937220198733;0.0;0.0;0.0;0.0;0.0;0.0;4.406434044716204;0.0;2.683555311567359;-7.090000626579152;0.0;0.0;0.0;0.0;0.0;145.1444895764568;418.17759304635587;17.52987500226331;414.1989479024209;-3.9878773332120566e-8
6998.0;0.0;-0.003309981344674024;0.0;5.487937220198733;0.0;0.0;0.0;0.0;0.0;0.0;4.406434044716204;0.0;2.683555311567359;-7.090000626579152;0.0;0.0;0.0;0.0;0.0;145.1444895764568;418.17759304635587;17.52987500226331;414.1989479024209;-3.9878773332120566e-8
6999.0;0.0;-0.003309981344674024;0.0;5.487937220198733;0.0;0.0;0.0;0.0;0.0;0.0;4.406434044716204;0.0;2.683555311567359;-7.090000626579152;0.0;0.0;0.0;0.0;0.0;145.1444895764568;418.17759304635587;17.52987500226331;414.1989479024209;-3.9878773332120566e-8
7000.0;0.0;-0.003309981344674024;0.0;5.487937220198733;0.0;0.0;0.0;0.0;0.0;0.0;4.406434044716204;0.0;2.683555311567359;-7.090000626579152;0.0;0.0;0.0;0.0;0.0;145.1444895764568;418.17759304635587;17.52987500226331;414.1989479024209;-3.9878773332120566e-8
7001.0;0.0;-0.003309981344674024;0.0;5.487937220198733;0.0;0.0;0.0;0.0;0.0;0.0;4.406434044716204;0.0;2.683555311567359;-7.090000626579152;0.0;0.0;0.0;0.0;0.0;145.1444895764568;418.17759304635587;17.52987500226331;414.1989479024209;-3.9878773332120566e-8
7002.0;0.0;-0.003309981344674024;0.0;5.487937220198733;0.0;0.0;0.0;0.0;0.0;0.0;4.406434044716204;0.0;2.683555311567359;-7.090000626579152;0.0;0.0;0.0;0.0;0.0;145.1444895764568;418.17759304635587;17.52987500226331;414.1989479024209;-3.9878773332120566e-8
7003.0;0.0;-0.003309981344674024;0.0;5.487937220198733;0.0;0.0;0.0;0.0;0.0;0.0;4.406434044716204;0.0;2.683555311567359;-7.090000626579152;0.0;0.0;0.0;0.0;0.0;145.1444895764568;418.17759304635587;17.52987500226331;414.1989479024209;-3.9878773332120566e-8
7004.0;0.0;-0.003309981344674024;0.0;5.487937220198733;0.0;0.0;0.0;0.0;0.0;0.0;4.406434044716204;0.0;2.683555311567359;-7.090000626579152;0.0;0.0;0.0;0.0;0.0;145.1444895764568;418.17759304635587;17.52987500226331;414.1989479024209;-3.9878773332120566e-8
7005.0;0.0;-0.003309981344674024;0.0;5.487937220198733;0.0;0.0;0.0;0.0;0.0;0.0;4.406434044716204;0.0;2.683555311567359;-7.090000626579152;0.0;0.0;0.0;0.0;0.0;145.1444895764568;418.17759304635587;17.52987500226331;414.1989479024209;-3.9878773332120566e-8
7006.0;0.0;-0.003309981344674024;0.0;5.487937220198733;0.0;0.0;0.0;0.0;0.0;0.0;4.406434044716204;0.0;2.683555311567359;-7.090000626579152;0.0;0.0;0.0;0.0;0.0;145.1444895764568;418.17759304635587;17.52987500226331;414.1989479024209;-3.9878773332120566e-8
7007.0;0.0;-0.003309981344674024;0.0;5.487937220198733;0.0;0.0;0.0;0.0;0.0;0.0;4.406434044716204;0.0;2.683555311567359;-7.090000626579152;0.0;0.0;0.0;0.0;0.0;145.1444895764568;418.17759304635587;17.52987500226331;414.1989479024209;-3.9878773332120566e-8
7008.0;0.0;-0.003309981344674024;0.0;5.487937220198733;0.0;0.0;0.0;0.0;0.0;0.0;4.406434044716204;0.0;2.683555311567359;-7.090000626579152;0.0;0.0;0.0;0.0;0.0;145.1444895764568;418.17759304635587;17.52987500226331;414.1989479024209;-3.9878773332120566e-8
7009.0;0.0;-0.0020713461697184016;0.0;5.487937220198733;0.0;0.0;0.0;0.0;0.0;0.0;4.352786746191997;0.0;2.6408874193929566;-6.9937467691489035;0.0;0.0;0.0;0.0;0.0;145.1444895764568;418.17759304635587;17.52987500226331;414.1989479024209;-3.9878773332120566e-8
7010.0;0.0;-0.0020713461697184016;0.0;5.487937220198733;0.0;0.0;0.0;0.0;0.0;0.0;4.352786746191997;0.0;2.6408874193929566;-6.9937467691489035;0.0;0.0;0.0;0.0;0.0;145.1444895764568;418.17759304635587;17.52987500226331;414.1989479024209;-3.9878773332120566e-8
7011.0;0.0;-0.0020713461697184016;0.0;5.487937220198733;0.0;0.0;0.0;0.0;0.0;0.0;4.352786746191997;0.0;2.6408874193929566;-6.9937467691489035;0.0;0.0;0.0;0.0;0.0;145.1444895764568;418.17759304635587;17.52987500226331;414.1989479024209;-3.9878773332120566e-8
7012.0;0.0;-0.0020713461697184016;0.0;5.487937220198733;0.0;0.0;0.0;0.0;0.0;0.0;4.352786746191997;0.0;2.6408874193929566;-6.9937467691489035;0.0;0.0;0.0;0.0;0.0;145.1444895764568;418.17759304635587;17.52987500226331;414.1989479024209;-3.9878773332120566e-8
7013.0;0.0;-0.0020713461697184016;0.0;5.487937220198733;0.0;0.0;0.0;0.0;0.0;0.0;4.352786746191997;0.0;2.6408874193929566;-6.9937467691489035;0.0;0.0;0.0;0.0;0.0;145.1444895764568;418.17759304635587;17.52987500226331;414.1989479024209;-3.9878773332120566e-8
7014.0;0.0;-0.0020713461697184016;0.0;5.487937220198733;0.0;0.0;0.0;0.0;0.0;0.0;4.352786746191997;0.0;2.6408874193929566;-6.9937467691489035;0.0;0.0;0.0;0.0;0.0;145.1444895764568;418.17759304635587;17.52987500226331;414.1989479024209;-3.9878773332120566e-8
7015.0;0.0;-0.0020713461697184016;0.0;5.487937220198733;0.0;0.0;0.0;0.0;0.0;0.0;4.352786746191997;0.0;2.6408874193929566;-6.9937467691489035;0.0;0.0;0.0;0.0;0.0;145.1444895764568;418.17759304635587;17.52987500226331;414.1989479024209;-3.9878773332120566e-8
7016.0;0.0;-0.0020713461697184016;0.0;5.487937220198733;0.0;0.0;0.0;0.0;0.0;0.0;4.352786746191997;0.0;2.6408874193929566;-6.9937467691489035;0.0;0.0;0.0;0.0;0.0;145.1444895764568;418.17759304635587;17.52987500226331;414.1989479024209;-3.9878773332120566e-8
7017.0;0.0;-0.0020713461697184016;0.0;5.487937220198733;0.0;0.0;0.0;0.0;0.0;0.0;4.352786746191997;0.0;2.6408874193929566;-6.9937467691489035;0.0;0.0;0.0;0.0;0.0;145.1444895764568;418.17759304635587;17.52987500226331;414.1989479024209;-3.9878773332120566e-8
7018.0;0.0;-0.0020713461697184016;0.0;5.487937220198733;0.0;0.0;0.0;0.0;0.0;0.0;4.352786746191997;0.0;2.6408874193929566;-6.9937467691489035;0.0;0.0;0.0;0.0;0.0;145.1444895764568;418.17759304635587;17.52987500226331;414.1989479024209;-3.9878773332120566e-8
7019.0;0.0;-0.0020713461697184016;0.0;5.487937220198733;0.0;0.0;0.0;0.0;0.0;0.0;4.352786746191997;0.0;2.6408874193929566;-6.9937467691489035;0.0;0.0;0.0;0.0;0.0;145.1444895764568;418.17759304635587;17.52987500226331;414.1989479024209;-3.9878773332120566e-8
7020.0;0.0;-0.0020713461697184016;0.0;5.487937220198733;0.0;0.0;0.0;0.0;0.0;0.0;4.352786746191997;0.0;2.6408874193929566;-6.9937467691489035;0.0;0.0;0.0;0.0;0.0;145.1444895764568;418.17759304635587;17.52987500226331;414.1989479024209;-3.9878773332120566e-8
7021.0;0.0;-0.0020713461697184016;0.0;5.487937220198733;0.0;0.0;0.0;0.0;0.0;0.0;4.352786746191997;0.0;2.6408874193929566;-6.9937467691489035;0.0;0.0;0.0;0.0;0.0;145.1444895764568;418.17759304635587;17.52987500226331;414.1989479024209;-3.9878773332120566e-8
7022.0;0.0;-0.0020713461697184016;0.0;5.487937220198733;0.0;0.0;0.0;0.0;0.0;0.0;4.352786746191997;0.0;2.6408874193929566;-6.9937467691489035;0.0;0.0;0.0;0.0;0.0;145.1444895764568;418.17759304635587;17.52987500226331;414.1989479024209;-3.9878773332120566e-8
7023.0;0.0;-0.0020713461697184016;0.0;5.487937220198733;0.0;0.0;0.0;0.0;0.0;0.0;4.352786746191997;0.0;2.6408874193929566;-6.9937467691489035;0.0;0.0;0.0;0.0;0.0;145.1444895764568;418.17759304635587;17.52987500226331;414.1989479024209;-3.9878773332120566e-8
7024.0;0.0;-0.0020713461697184016;0.0;5.487937220198733;0.0;0.0;0.0;0.0;0.0;0.0;4.352786746191997;0.0;2.6408874193929566;-6.9937467691489035;0.0;0.0;0.0;0.0;0.0;145.1444895764568;418.17759304635587;17.52987500226331;414.1989479024209;-3.9878773332120566e-8
7025.0;0.0;-0.0020713461697184016;0.0;5.487937220198733;0.0;0.0;0.0;0.0;0.0;0.0;4.352786746191997;0.0;2.6408874193929566;-6.9937467691489035;0.0;0.0;0.0;0.0;0.0;145.1444895764568;418.17759304635587;17.52987500226331;414.1989479024209;-3.9878773332120566e-8
7026.0;0.0;-0.0020713461697184016;0.0;5.487937220198733;0.0;0.0;0.0;0.0;0.0;0.0;4.352786746191997;0.0;2.6408874193929566;-6.9937467691489035;0.0;0.0;0.0;0.0;0.0;145.1444895764568;418.17759304635587;17.52987500226331;414.1989479024209;-3.9878773332120566e-8
7027.0;0.0;-0.0020713461697184016;0.0;5.487937220198733;0.0;0.0;0.0;0.0;0.0;0.0;4.352786746191997;0.0;2.6408874193929566;-6.9937467691489035;0.0;0.0;0.0;0.0;0.0;145.1444895764568;418.17759304635587;17.52987500226331;414.1989479024209;-3.9878773332120566e-8
7028.0;0.0;-0.0020713461697184016;0.0;5.487937220198733;0.0;0.0;0.0;0.0;0.0;0.0;4.352786746191997;0.0;2.6408874193929566;-6.9937467691489035;0.0;0.0;0.0;0.0;0.0;145.1444895764568;418.17759304635587;17.52987500226331;414.1989479024209;-3.9878773332120566e-8
7029.0;0.0;-0.0020713461697184016;0.0;5.487937220198733;0.0;0.0;0.0;0.0;0.0;0.0;4.352786746191997;0.0;2.6408874193929566;-6.9937467691489035;0.0;0.0;0.0;0.0;0.0;145.1444895764568;418.17759304635587;17.52987500226331;414.1989479024209;-3.9878773332120566e-8
7030.0;0.0;-0.0020713461697184016;0.0;5.487937220198733;0.0;0.0;0.0;0.0;0.0;0.0;4.352786746191997;0.0;2.6408874193929566;-6.9937467691489035;0.0;0.0;0.0;0.0;0.0;145.1444895764568;418.17759304635587;17.52987500226331;414.1989479024209;-3.9878773332120566e-8
7031.0;0.0;-0.0020713461697184016;0.0;5.487937220198733;0.0;0.0;0.0;0.0;0.0;0.0;4.352786746191997;0.0;2.6408874193929566;-6.9937467691489035;0.0;0.0;0.0;0.0;0.0;145.1444895764568;418.17759304635587;17.52987500226331;414.1989479024209;-3.9878773332120566e-8
7032.0;0.0;-0.0020713461697184016;0.0;5.487937220198733;0.0;0.0;0.0;0.0;0.0;0.0;4.352786746191997;0.0;2.6408874193929566;-6.9937467691489035;0.0;0.0;0.0;0.0;0.0;145.1444895764568;418.17759304635587;17.52987500226331;414.1989479024209;-3.9878773332120566e-8
7033.0;0.0;-0.0011959437714672318;0.0;5.487937220198733;0.0;0.0;0.0;0.0;0.0;0.028722040335503254;4.378280792381931;0.0;2.43827853725555;-6.844933398264394;0.0;0.0;0.0;0.0;0.0;145.1444895764568;418.17759304635587;17.52987500226331;414.1989479024209;-3.9878773332120566e-8
7034.0;0.0;-0.0011959437714672318;0.0;5.487937220198733;0.0;0.0;0.0;0.0;0.0;0.028722040335503254;4.378280792381931;0.0;2.43827853725555;-6.844933398264394;0.0;0.0;0.0;0.0;0.0;145.1444895764568;418.17759304635587;17.52987500226331;414.1989479024209;-3.9878773332120566e-8
7035.0;0.0;-0.0011959437714672318;0.0;5.487937220198733;0.0;0.0;0.0;0.0;0.0;0.028722040335503254;4.378280792381931;0.0;2.43827853725555;-6.844933398264394;0.0;0.0;0.0;0.0;0.0;145.1444895764568;418.17759304635587;17.52987500226331;414.1989479024209;-3.9878773332120566e-8
7036.0;0.0;-0.0011959437714672318;0.0;5.487937220198733;0.0;0.0;0.0;0.0;0.0;0.028722040335503254;4.378280792381931;0.0;2.43827853725555;-6.844933398264394;0.0;0.0;0.0;0.0;0.0;145.1444895764568;418.17759304635587;17.52987500226331;414.1989479024209;-3.9878773332120566e-8
7037.0;0.0;-0.0011959437714672318;0.0;5.487937220198733;0.0;0.0;0.0;0.0;0.0;0.028722040335503254;4.378280792381931;0.0;2.43827853725555;-6.844933398264394;0.0;0.0;0.0;0.0;0.0;145.1444895764568;418.17759304635587;17.52987500226331;414.1989479024209;-3.9878773332120566e-8
7038.0;0.0;-0.0011959437714672318;0.0;5.487937220198733;0.0;0.0;0.0;0.0;0.0;0.028722040335503254;4.378280792381931;0.0;2.43827853725555;-6.844933398264394;0.0;0.0;0.0;0.0;0.0;145.1444895764568;418.17759304635587;17.52987500226331;414.1989479024209;-3.9878773332120566e-8
7039.0;0.0;-0.0011959437714672318;0.0;5.487937220198733;0.0;0.0;0.0;0.0;0.0;0.028722040335503254;4.378280792381931;0.0;2.43827853725555;-6.844933398264394;0.0;0.0;0.0;0.0;0.0;145.1444895764568;418.17759304635587;17.52987500226331;414.1989479024209;-3.9878773332120566e-8
7040.0;0.0;-0.0011959437714672318;0.0;5.487937220198733;0.0;0.0;0.0;0.0;0.0;0.028722040335503254;4.378280792381931;0.0;2.43827853725555;-6.844933398264394;0.0;0.0;0.0;0.0;0.0;145.1444895764568;418.17759304635587;17.52987500226331;414.1989479024209;-3.9878773332120566e-8
7041.0;0.0;-0.0011959437714672318;0.0;5.487937220198733;0.0;0.0;0.0;0.0;0.0;0.028722040335503254;4.378280792381931;0.0;2.43827853725555;-6.844933398264394;0.0;0.0;0.0;0.0;0.0;145.1444895764568;418.17759304635587;17.52987500226331;414.1989479024209;-3.9878773332120566e-8
7042.0;0.0;-0.0011959437714672318;0.0;5.487937220198733;0.0;0.0;0.0;0.0;0.0;0.028722040335503254;4.378280792381931;0.0;2.43827853725555;-6.844933398264394;0.0;0.0;0.0;0.0;0.0;145.1444895764568;418.17759304635587;17.52987500226331;414.1989479024209;-3.9878773332120566e-8
7043.0;0.0;-0.0011959437714672318;0.0;5.487937220198733;0.0;0.0;0.0;0.0;0.0;0.028722040335503254;4.378280792381931;0.0;2.43827853725555;-6.844933398264394;0.0;0.0;0.0;0.0;0.0;145.1444895764568;418.17759304635587;17.52987500226331;414.1989479024209;-3.9878773332120566e-8
7044.0;0.0;-0.0011959437714672318;0.0;5.487937220198733;0.0;0.0;0.0;0.0;0.0;0.028722040335503254;4.378280792381931;0.0;2.43827853725555;-6.844933398264394;0.0;0.0;0.0;0.0;0.0;145.1444895764568;418.17759304635587;17.52987500226331;414.1989479024209;-3.9878773332120566e-8
7045.0;0.0;-0.0011959437714672318;0.0;5.487937220198733;0.0;0.0;0.0;0.0;0.0;0.028722040335503254;4.378280792381931;0.0;2.43827853725555;-6.844933398264394;0.0;0.0;0.0;0.0;0.0;145.1444895764568;418.17759304635587;17.52987500226331;414.1989479024209;-3.9878773332120566e-8
7046.0;0.0;-0.0011959437714672318;0.0;5.487937220198733;0.0;0.0;0.0;0.0;0.0;0.028722040335503254;4.378280792381931;0.0;2.43827853725555;-6.844933398264394;0.0;0.0;0.0;0.0;0.0;145.1444895764568;418.17759304635587;17.52987500226331;414.1989479024209;-3.9878773332120566e-8
7047.0;0.0;-0.0011959437714672318;0.0;5.487937220198733;0.0;0.0;0.0;0.0;0.0;0.028722040335503254;4.378280792381931;0.0;2.43827853725555;-6.844933398264394;0.0;0.0;0.0;0.0;0.0;145.1444895764568;418.17759304635587;17.52987500226331;414.1989479024209;-3.9878773332120566e-8
7048.0;0.0;-0.0011959437714672318;0.0;5.487937220198733;0.0;0.0;0.0;0.0;0.0;0.028722040335503254;4.378280792381931;0.0;2.43827853725555;-6.844933398264394;0.0;0.0;0.0;0.0;0.0;145.1444895764568;418.17759304635587;17.52987500226331;414.1989479024209;-3.9878773332120566e-8
7049.0;0.0;-0.0011959437714672318;0.0;5.487937220198733;0.0;0.0;0.0;0.0;0.0;0.028722040335503254;4.378280792381931;0.0;2.43827853725555;-6.844933398264394;0.0;0.0;0.0;0.0;0.0;145.1444895764568;418.17759304635587;17.52987500226331;414.1989479024209;-3.9878773332120566e-8
7050.0;0.0;-0.0011959437714672318;0.0;5.487937220198733;0.0;0.0;0.0;0.0;0.0;0.028722040335503254;4.378280792381931;0.0;2.43827853725555;-6.844933398264394;0.0;0.0;0.0;0.0;0.0;145.1444895764568;418.17759304635587;17.52987500226331;414.1989479024209;-3.9878773332120566e-8
7051.0;0.0;-0.0011959437714672318;0.0;5.487937220198733;0.0;0.0;0.0;0.0;0.0;0.028722040335503254;4.378280792381931;0.0;2.43827853725555;-6.844933398264394;0.0;0.0;0.0;0.0;0.0;145.1444895764568;418.17759304635587;17.52987500226331;414.1989479024209;-3.9878773332120566e-8
7052.0;0.0;-0.0011959437714672318;0.0;5.487937220198733;0.0;0.0;0.0;0.0;0.0;0.028722040335503254;4.378280792381931;0.0;2.43827853725555;-6.844933398264394;0.0;0.0;0.0;0.0;0.0;145.1444895764568;418.17759304635587;17.52987500226331;414.1989479024209;-3.9878773332120566e-8
7053.0;0.0;-0.0011959437714672318;0.0;5.487937220198733;0.0;0.0;0.0;0.0;0.0;0.028722040335503254;4.378280792381931;0.0;2.43827853725555;-6.844933398264394;0.0;0.0;0.0;0.0;0.0;145.1444895764568;418.17759304635587;17.52987500226331;414.1989479024209;-3.9878773332120566e-8
7054.0;0.0;-0.0011959437714672318;0.0;5.487937220198733;0.0;0.0;0.0;0.0;0.0;0.028722040335503254;4.378280792381931;0.0;2.43827853725555;-6.844933398264394;0.0;0.0;0.0;0.0;0.0;145.1444895764568;418.17759304635587;17.52987500226331;414.1989479024209;-3.9878773332120566e-8
7055.0;0.0;-0.0011959437714672318;0.0;5.487937220198733;0.0;0.0;0.0;0.0;0.0;0.028722040335503254;4.378280792381931;0.0;2.43827853725555;-6.844933398264394;0.0;0.0;0.0;0.0;0.0;145.1444895764568;418.17759304635587;17.52987500226331;414.1989479024209;-3.9878773332120566e-8
7056.0;0.0;-0.0011959437714672318;0.0;5.487937220198733;0.0;0.0;0.0;0.0;0.0;0.028722040335503254;4.378280792381931;0.0;2.43827853725555;-6.844933398264394;0.0;0.0;0.0;0.0;0.0;145.1444895764568;418.17759304635587;17.52987500226331;414.1989479024209;-3.9878773332120566e-8
7057.0;0.0;-0.0003144489357790653;0.0;5.487937220198733;0.0;0.0;0.0;0.0;0.0;0.0014913282893879332;4.277275121042014;8.56796940619673e-11;2.5706652554855998;-6.849624965733085;0.0;0.0;0.0;0.0;0.0;145.1444895764568;418.17759304635587;17.52987500226331;414.1989479024209;-3.9878773332120566e-8
7058.0;0.0;-0.0003144489357790653;0.0;5.487937220198733;0.0;0.0;0.0;0.0;0.0;0.0014913282893879332;4.277275121042014;8.56796940619673e-11;2.5706652554855998;-6.849624965733085;0.0;0.0;0.0;0.0;0.0;145.1444895764568;418.17759304635587;17.52987500226331;414.1989479024209;-3.9878773332120566e-8
7059.0;0.0;-0.0003144489357790653;0.0;5.487937220198733;0.0;0.0;0.0;0.0;0.0;0.0014913282893879332;4.277275121042014;8.56796940619673e-11;2.5706652554855998;-6.849624965733085;0.0;0.0;0.0;0.0;0.0;145.1444895764568;418.17759304635587;17.52987500226331;414.1989479024209;-3.9878773332120566e-8
7060.0;0.0;-0.0003144489357790653;0.0;5.487937220198733;0.0;0.0;0.0;0.0;0.0;0.0014913282893879332;4.277275121042014;8.56796940619673e-11;2.5706652554855998;-6.849624965733085;0.0;0.0;0.0;0.0;0.0;145.1444895764568;418.17759304635587;17.52987500226331;414.1989479024209;-3.9878773332120566e-8
7061.0;0.0;-0.0003144489357790653;0.0;5.487937220198733;0.0;0.0;0.0;0.0;0.0;0.0014913282893879332;4.277275121042014;8.56796940619673e-11;2.5706652554855998;-6.849624965733085;0.0;0.0;0.0;0.0;0.0;145.1444895764568;418.17759304635587;17.52987500226331;414.1989479024209;-3.9878773332120566e-8
7062.0;0.0;-0.0003144489357790653;0.0;5.487937220198733;0.0;0.0;0.0;0.0;0.0;0.0014913282893879332;4.277275121042014;8.56796940619673e-11;2.5706652554855998;-6.849624965733085;0.0;0.0;0.0;0.0;0.0;145.1444895764568;418.17759304635587;17.52987500226331;414.1989479024209;-3.9878773332120566e-8
7063.0;0.0;-0.0003144489357790653;0.0;5.487937220198733;0.0;0.0;0.0;0.0;0.0;0.0014913282893879332;4.277275121042014;8.56796940619673e-11;2.5706652554855998;-6.849624965733085;0.0;0.0;0.0;0.0;0.0;145.1444895764568;418.17759304635587;17.52987500226331;414.1989479024209;-3.9878773332120566e-8
7064.0;0.0;-0.0003144489357790653;0.0;5.487937220198733;0.0;0.0;0.0;0.0;0.0;0.0014913282893879332;4.277275121042014;8.56796940619673e-11;2.5706652554855998;-6.849624965733085;0.0;0.0;0.0;0.0;0.0;145.1444895764568;418.17759304635587;17.52987500226331;414.1989479024209;-3.9878773332120566e-8
7065.0;0.0;-0.0003144489357790653;0.0;5.487937220198733;0.0;0.0;0.0;0.0;0.0;0.0014913282893879332;4.277275121042014;8.56796940619673e-11;2.5706652554855998;-6.849624965733085;0.0;0.0;0.0;0.0;0.0;145.1444895764568;418.17759304635587;17.52987500226331;414.1989479024209;-3.9878773332120566e-8
7066.0;0.0;-0.0003144489357790653;0.0;5.487937220198733;0.0;0.0;0.0;0.0;0.0;0.0014913282893879332;4.277275121042014;8.56796940619673e-11;2.5706652554855998;-6.849624965733085;0.0;0.0;0.0;0.0;0.0;145.1444895764568;418.17759304635587;17.52987500226331;414.1989479024209;-3.9878773332120566e-8
7067.0;0.0;-0.0003144489357790653;0.0;5.487937220198733;0.0;0.0;0.0;0.0;0.0;0.0014913282893879332;4.277275121042014;8.56796940619673e-11;2.5706652554855998;-6.849624965733085;0.0;0.0;0.0;0.0;0.0;145.1444895764568;418.17759304635587;17.52987500226331;414.1989479024209;-3.9878773332120566e-8
7068.0;0.0;-0.0003144489357790653;0.0;5.487937220198733;0.0;0.0;0.0;0.0;0.0;0.0014913282893879332;4.277275121042014;8.56796940619673e-11;2.5706652554855998;-6.849624965733085;0.0;0.0;0.0;0.0;0.0;145.1444895764568;418.17759304635587;17.52987500226331;414.1989479024209;-3.9878773332120566e-8
7069.0;0.0;-0.0003144489357790653;0.0;5.487937220198733;0.0;0.0;0.0;0.0;0.0;0.0014913282893879332;4.277275121042014;8.56796940619673e-11;2.5706652554855998;-6.849624965733085;0.0;0.0;0.0;0.0;0.0;145.1444895764568;418.17759304635587;17.52987500226331;414.1989479024209;-3.9878773332120566e-8
7070.0;0.0;-0.0003144489357790653;0.0;5.487937220198733;0.0;0.0;0.0;0.0;0.0;0.0014913282893879332;4.277275121042014;8.56796940619673e-11;2.5706652554855998;-6.849624965733085;0.0;0.0;0.0;0.0;0.0;145.1444895764568;418.17759304635587;17.52987500226331;414.1989479024209;-3.9878773332120566e-8
7071.0;0.0;-0.0003144489357790653;0.0;5.487937220198733;0.0;0.0;0.0;0.0;0.0;0.0014913282893879332;4.277275121042014;8.56796940619673e-11;2.5706652554855998;-6.849624965733085;0.0;0.0;0.0;0.0;0.0;145.1444895764568;418.17759304635587;17.52987500226331;414.1989479024209;-3.9878773332120566e-8
7072.0;0.0;-0.0003144489357790653;0.0;5.487937220198733;0.0;0.0;0.0;0.0;0.0;0.0014913282893879332;4.277275121042014;8.56796940619673e-11;2.5706652554855998;-6.849624965733085;0.0;0.0;0.0;0.0;0.0;145.1444895764568;418.17759304635587;17.52987500226331;414.1989479024209;-3.9878773332120566e-8
7073.0;0.0;-0.0003144489357790653;0.0;5.487937220198733;0.0;0.0;0.0;0.0;0.0;0.0014913282893879332;4.277275121042014;8.56796940619673e-11;2.5706652554855998;-6.849624965733085;0.0;0.0;0.0;0.0;0.0;145.1444895764568;418.17759304635587;17.52987500226331;414.1989479024209;-3.9878773332120566e-8
7074.0;0.0;-0.0003144489357790653;0.0;5.487937220198733;0.0;0.0;0.0;0.0;0.0;0.0014913282893879332;4.277275121042014;8.56796940619673e-11;2.5706652554855998;-6.849624965733085;0.0;0.0;0.0;0.0;0.0;145.1444895764568;418.17759304635587;17.52987500226331;414.1989479024209;-3.9878773332120566e-8
7075.0;0.0;-0.0003144489357790653;0.0;5.487937220198733;0.0;0.0;0.0;0.0;0.0;0.0014913282893879332;4.277275121042014;8.56796940619673e-11;2.5706652554855998;-6.849624965733085;0.0;0.0;0.0;0.0;0.0;145.1444895764568;418.17759304635587;17.52987500226331;414.1989479024209;-3.9878773332120566e-8
7076.0;0.0;-0.0003144489357790653;0.0;5.487937220198733;0.0;0.0;0.0;0.0;0.0;0.0014913282893879332;4.277275121042014;8.56796940619673e-11;2.5706652554855998;-6.849624965733085;0.0;0.0;0.0;0.0;0.0;145.1444895764568;418.17759304635587;17.52987500226331;414.1989479024209;-3.9878773332120566e-8
7077.0;0.0;-0.0003144489357790653;0.0;5.487937220198733;0.0;0.0;0.0;0.0;0.0;0.0014913282893879332;4.277275121042014;8.56796940619673e-11;2.5706652554855998;-6.849624965733085;0.0;0.0;0.0;0.0;0.0;145.1444895764568;418.17759304635587;17.52987500226331;414.1989479024209;-3.9878773332120566e-8
7078.0;0.0;-0.0003144489357790653;0.0;5.487937220198733;0.0;0.0;0.0;0.0;0.0;0.0014913282893879332;4.277275121042014;8.56796940619673e-11;2.5706652554855998;-6.849624965733085;0.0;0.0;0.0;0.0;0.0;145.1444895764568;418.17759304635587;17.52987500226331;414.1989479024209;-3.9878773332120566e-8
7079.0;0.0;-0.0003144489357790653;0.0;5.487937220198733;0.0;0.0;0.0;0.0;0.0;0.0014913282893879332;4.277275121042014;8.56796940619673e-11;2.5706652554855998;-6.849624965733085;0.0;0.0;0.0;0.0;0.0;145.1444895764568;418.17759304635587;17.52987500226331;414.1989479024209;-3.9878773332120566e-8
7080.0;0.0;-0.0003144489357790653;0.0;5.487937220198733;0.0;0.0;0.0;0.0;0.0;0.0014913282893879332;4.277275121042014;8.56796940619673e-11;2.5706652554855998;-6.849624965733085;0.0;0.0;0.0;0.0;0.0;145.1444895764568;418.17759304635587;17.52987500226331;414.1989479024209;-3.9878773332120566e-8
7081.0;0.0;-0.0052093859974769036;0.0;5.487937220198733;0.0;0.0;0.0;0.0;0.0;0.0;3.8220660357728544;0.0;3.0646854988886862;-6.887228139909894;0.0;0.0;0.0;0.0;0.0;145.1444895764568;418.17759304635587;17.52987500226331;414.1989479024209;-3.9878773332120566e-8
7082.0;0.0;-0.0052093859974769036;0.0;5.487937220198733;0.0;0.0;0.0;0.0;0.0;0.0;3.8220660357728544;0.0;3.0646854988886862;-6.887228139909894;0.0;0.0;0.0;0.0;0.0;145.1444895764568;418.17759304635587;17.52987500226331;414.1989479024209;-3.9878773332120566e-8
7083.0;0.0;-0.0052093859974769036;0.0;5.487937220198733;0.0;0.0;0.0;0.0;0.0;0.0;3.8220660357728544;0.0;3.0646854988886862;-6.887228139909894;0.0;0.0;0.0;0.0;0.0;145.1444895764568;418.17759304635587;17.52987500226331;414.1989479024209;-3.9878773332120566e-8
7084.0;0.0;-0.0052093859974769036;0.0;5.487937220198733;0.0;0.0;0.0;0.0;0.0;0.0;3.8220660357728544;0.0;3.0646854988886862;-6.887228139909894;0.0;0.0;0.0;0.0;0.0;145.1444895764568;418.17759304635587;17.52987500226331;414.1989479024209;-3.9878773332120566e-8
7085.0;0.0;-0.0052093859974769036;0.0;5.487937220198733;0.0;0.0;0.0;0.0;0.0;0.0;3.8220660357728544;0.0;3.0646854988886862;-6.887228139909894;0.0;0.0;0.0;0.0;0.0;145.1444895764568;418.17759304635587;17.52987500226331;414.1989479024209;-3.9878773332120566e-8
7086.0;0.0;-0.0052093859974769036;0.0;5.487937220198733;0.0;0.0;0.0;0.0;0.0;0.0;3.8220660357728544;0.0;3.0646854988886862;-6.887228139909894;0.0;0.0;0.0;0.0;0.0;145.1444895764568;418.17759304635587;17.52987500226331;414.1989479024209;-3.9878773332120566e-8
7087.0;0.0;-0.0052093859974769036;0.0;5.487937220198733;0.0;0.0;0.0;0.0;0.0;0.0;3.8220660357728544;0.0;3.0646854988886862;-6.887228139909894;0.0;0.0;0.0;0.0;0.0;145.1444895764568;418.17759304635587;17.52987500226331;414.1989479024209;-3.9878773332120566e-8
7088.0;0.0;-0.0052093859974769036;0.0;5.487937220198733;0.0;0.0;0.0;0.0;0.0;0.0;3.8220660357728544;0.0;3.0646854988886862;-6.887228139909894;0.0;0.0;0.0;0.0;0.0;145.1444895764568;418.17759304635587;17.52987500226331;414.1989479024209;-3.9878773332120566e-8
7089.0;0.0;-0.0052093859974769036;0.0;5.487937220198733;0.0;0.0;0.0;0.0;0.0;0.0;3.8220660357728544;0.0;3.0646854988886862;-6.887228139909894;0.0;0.0;0.0;0.0;0.0;145.1444895764568;418.17759304635587;17.52987500226331;414.1989479024209;-3.9878773332120566e-8
7090.0;0.0;-0.0052093859974769036;0.0;5.487937220198733;0.0;0.0;0.0;0.0;0.0;0.0;3.8220660357728544;0.0;3.0646854988886862;-6.887228139909894;0.0;0.0;0.0;0.0;0.0;145.1444895764568;418.17759304635587;17.52987500226331;414.1989479024209;-3.9878773332120566e-8
7091.0;0.0;-0.0052093859974769036;0.0;5.487937220198733;0.0;0.0;0.0;0.0;0.0;0.0;3.8220660357728544;0.0;3.0646854988886862;-6.887228139909894;0.0;0.0;0.0;0.0;0.0;145.1444895764568;418.17759304635587;17.52987500226331;414.1989479024209;-3.9878773332120566e-8
7092.0;0.0;-0.0052093859974769036;0.0;5.487937220198733;0.0;0.0;0.0;0.0;0.0;0.0;3.8220660357728544;0.0;3.0646854988886862;-6.887228139909894;0.0;0.0;0.0;0.0;0.0;145.1444895764568;418.17759304635587;17.52987500226331;414.1989479024209;-3.9878773332120566e-8
7093.0;0.0;-0.0052093859974769036;0.0;5.487937220198733;0.0;0.0;0.0;0.0;0.0;0.0;3.8220660357728544;0.0;3.0646854988886862;-6.887228139909894;0.0;0.0;0.0;0.0;0.0;145.1444895764568;418.17759304635587;17.52987500226331;414.1989479024209;-3.9878773332120566e-8
7094.0;0.0;-0.0052093859974769036;0.0;5.487937220198733;0.0;0.0;0.0;0.0;0.0;0.0;3.8220660357728544;0.0;3.0646854988886862;-6.887228139909894;0.0;0.0;0.0;0.0;0.0;145.1444895764568;418.17759304635587;17.52987500226331;414.1989479024209;-3.9878773332120566e-8
7095.0;0.0;-0.0052093859974769036;0.0;5.487937220198733;0.0;0.0;0.0;0.0;0.0;0.0;3.8220660357728544;0.0;3.0646854988886862;-6.887228139909894;0.0;0.0;0.0;0.0;0.0;145.1444895764568;418.17759304635587;17.52987500226331;414.1989479024209;-3.9878773332120566e-8
7096.0;0.0;-0.0052093859974769036;0.0;5.487937220198733;0.0;0.0;0.0;0.0;0.0;0.0;3.8220660357728544;0.0;3.0646854988886862;-6.887228139909894;0.0;0.0;0.0;0.0;0.0;145.1444895764568;418.17759304635587;17.52987500226331;414.1989479024209;-3.9878773332120566e-8
7097.0;0.0;-0.0052093859974769036;0.0;5.487937220198733;0.0;0.0;0.0;0.0;0.0;0.0;3.8220660357728544;0.0;3.0646854988886862;-6.887228139909894;0.0;0.0;0.0;0.0;0.0;145.1444895764568;418.17759304635587;17.52987500226331;414.1989479024209;-3.9878773332120566e-8
7098.0;0.0;-0.0052093859974769036;0.0;5.487937220198733;0.0;0.0;0.0;0.0;0.0;0.0;3.8220660357728544;0.0;3.0646854988886862;-6.887228139909894;0.0;0.0;0.0;0.0;0.0;145.1444895764568;418.17759304635587;17.52987500226331;414.1989479024209;-3.9878773332120566e-8
7099.0;0.0;-0.0052093859974769036;0.0;5.487937220198733;0.0;0.0;0.0;0.0;0.0;0.0;3.8220660357728544;0.0;3.0646854988886862;-6.887228139909894;0.0;0.0;0.0;0.0;0.0;145.1444895764568;418.17759304635587;17.52987500226331;414.1989479024209;-3.9878773332120566e-8
7100.0;0.0;-0.0052093859974769036;0.0;5.487937220198733;0.0;0.0;0.0;0.0;0.0;0.0;3.8220660357728544;0.0;3.0646854988886862;-6.887228139909894;0.0;0.0;0.0;0.0;0.0;145.1444895764568;418.17759304635587;17.52987500226331;414.1989479024209;-3.9878773332120566e-8
7101.0;0.0;-0.0052093859974769036;0.0;5.487937220198733;0.0;0.0;0.0;0.0;0.0;0.0;3.8220660357728544;0.0;3.0646854988886862;-6.887228139909894;0.0;0.0;0.0;0.0;0.0;145.1444895764568;418.17759304635587;17.52987500226331;414.1989479024209;-3.9878773332120566e-8
7102.0;0.0;-0.0052093859974769036;0.0;5.487937220198733;0.0;0.0;0.0;0.0;0.0;0.0;3.8220660357728544;0.0;3.0646854988886862;-6.887228139909894;0.0;0.0;0.0;0.0;0.0;145.1444895764568;418.17759304635587;17.52987500226331;414.1989479024209;-3.9878773332120566e-8
7103.0;0.0;-0.0052093859974769036;0.0;5.487937220198733;0.0;0.0;0.0;0.0;0.0;0.0;3.8220660357728544;0.0;3.0646854988886862;-6.887228139909894;0.0;0.0;0.0;0.0;0.0;145.1444895764568;418.17759304635587;17.52987500226331;414.1989479024209;-3.9878773332120566e-8
7104.0;0.0;-0.0052093859974769036;0.0;5.487937220198733;0.0;0.0;0.0;0.0;0.0;0.0;3.8220660357728544;0.0;3.0646854988886862;-6.887228139909894;0.0;0.0;0.0;0.0;0.0;145.1444895764568;418.17759304635587;17.52987500226331;414.1989479024209;-3.9878773332120566e-8
7105.0;0.0;5.293690109601536e-5;0.0;6.230794446091385;0.0;0.0;0.0;0.0;0.0;0.0013190315434895732;2.0106282226190983;7.816343485029206e-11;4.837606876728999;-6.849587944172834;0.0;0.0;0.0;0.0;0.0;142.89471245891804;419.9976507402065;23.947061398322784;416.6743088308671;-2.9145200734389342e-8
7106.0;0.0;5.293690109601536e-5;0.0;6.230794446091385;0.0;0.0;0.0;0.0;0.0;0.0013190315434895732;2.0106282226190983;7.816343485029206e-11;4.837606876728999;-6.849587944172834;0.0;0.0;0.0;0.0;0.0;142.89471245891804;419.9976507402065;23.947061398322784;416.6743088308671;-2.9145200734389342e-8
7107.0;0.0;5.293690109601536e-5;0.0;6.230794446091385;0.0;0.0;0.0;0.0;0.0;0.0013190315434895732;2.0106282226190983;7.816343485029206e-11;4.837606876728999;-6.849587944172834;0.0;0.0;0.0;0.0;0.0;142.89471245891804;419.9976507402065;23.947061398322784;416.6743088308671;-2.9145200734389342e-8
7108.0;0.0;5.293690109601536e-5;0.0;6.230794446091385;0.0;0.0;0.0;0.0;0.0;0.0013190315434895732;2.0106282226190983;7.816343485029206e-11;4.837606876728999;-6.849587944172834;0.0;0.0;0.0;0.0;0.0;142.89471245891804;419.9976507402065;23.947061398322784;416.6743088308671;-2.9145200734389342e-8
7109.0;0.0;5.293690109601536e-5;0.0;6.230794446091385;0.0;0.0;0.0;0.0;0.0;0.0013190315434895732;2.0106282226190983;7.816343485029206e-11;4.837606876728999;-6.849587944172834;0.0;0.0;0.0;0.0;0.0;142.89471245891804;419.9976507402065;23.947061398322784;416.6743088308671;-2.9145200734389342e-8
7110.0;0.0;5.293690109601536e-5;0.0;6.230794446091385;0.0;0.0;0.0;0.0;0.0;0.0013190315434895732;2.0106282226190983;7.816343485029206e-11;4.837606876728999;-6.849587944172834;0.0;0.0;0.0;0.0;0.0;142.89471245891804;419.9976507402065;23.947061398322784;416.6743088308671;-2.9145200734389342e-8
7111.0;0.0;5.293690109601536e-5;0.0;6.230794446091385;0.0;0.0;0.0;0.0;0.0;0.0013190315434895732;2.0106282226190983;7.816343485029206e-11;4.837606876728999;-6.849587944172834;0.0;0.0;0.0;0.0;0.0;142.89471245891804;419.9976507402065;23.947061398322784;416.6743088308671;-2.9145200734389342e-8
7112.0;0.0;5.293690109601536e-5;0.0;6.230794446091385;0.0;0.0;0.0;0.0;0.0;0.0013190315434895732;2.0106282226190983;7.816343485029206e-11;4.837606876728999;-6.849587944172834;0.0;0.0;0.0;0.0;0.0;142.89471245891804;419.9976507402065;23.947061398322784;416.6743088308671;-2.9145200734389342e-8
7113.0;0.0;5.293690109601536e-5;0.0;6.230794446091385;0.0;0.0;0.0;0.0;0.0;0.0013190315434895732;2.0106282226190983;7.816343485029206e-11;4.837606876728999;-6.849587944172834;0.0;0.0;0.0;0.0;0.0;142.89471245891804;419.9976507402065;23.947061398322784;416.6743088308671;-2.9145200734389342e-8
7114.0;0.0;5.293690109601536e-5;0.0;6.230794446091385;0.0;0.0;0.0;0.0;0.0;0.0013190315434895732;2.0106282226190983;7.816343485029206e-11;4.837606876728999;-6.849587944172834;0.0;0.0;0.0;0.0;0.0;142.89471245891804;419.9976507402065;23.947061398322784;416.6743088308671;-2.9145200734389342e-8
7115.0;0.0;5.293690109601536e-5;0.0;6.230794446091385;0.0;0.0;0.0;0.0;0.0;0.0013190315434895732;2.0106282226190983;7.816343485029206e-11;4.837606876728999;-6.849587944172834;0.0;0.0;0.0;0.0;0.0;142.89471245891804;419.9976507402065;23.947061398322784;416.6743088308671;-2.9145200734389342e-8
7116.0;0.0;5.293690109601536e-5;0.0;6.230794446091385;0.0;0.0;0.0;0.0;0.0;0.0013190315434895732;2.0106282226190983;7.816343485029206e-11;4.837606876728999;-6.849587944172834;0.0;0.0;0.0;0.0;0.0;142.89471245891804;419.9976507402065;23.947061398322784;416.6743088308671;-2.9145200734389342e-8
7117.0;0.0;5.293690109601536e-5;0.0;6.230794446091385;0.0;0.0;0.0;0.0;0.0;0.0013190315434895732;2.0106282226190983;7.816343485029206e-11;4.837606876728999;-6.849587944172834;0.0;0.0;0.0;0.0;0.0;142.89471245891804;419.9976507402065;23.947061398322784;416.6743088308671;-2.9145200734389342e-8
7118.0;0.0;5.293690109601536e-5;0.0;6.230794446091385;0.0;0.0;0.0;0.0;0.0;0.0013190315434895732;2.0106282226190983;7.816343485029206e-11;4.837606876728999;-6.849587944172834;0.0;0.0;0.0;0.0;0.0;142.89471245891804;419.9976507402065;23.947061398322784;416.6743088308671;-2.9145200734389342e-8
7119.0;0.0;5.293690109601536e-5;0.0;6.230794446091385;0.0;0.0;0.0;0.0;0.0;0.0013190315434895732;2.0106282226190983;7.816343485029206e-11;4.837606876728999;-6.849587944172834;0.0;0.0;0.0;0.0;0.0;142.89471245891804;419.9976507402065;23.947061398322784;416.6743088308671;-2.9145200734389342e-8
7120.0;0.0;5.293690109601536e-5;0.0;6.230794446091385;0.0;0.0;0.0;0.0;0.0;0.0013190315434895732;2.0106282226190983;7.816343485029206e-11;4.837606876728999;-6.849587944172834;0.0;0.0;0.0;0.0;0.0;142.89471245891804;419.9976507402065;23.947061398322784;416.6743088308671;-2.9145200734389342e-8
7121.0;0.0;5.293690109601536e-5;0.0;6.230794446091385;0.0;0.0;0.0;0.0;0.0;0.0013190315434895732;2.0106282226190983;7.816343485029206e-11;4.837606876728999;-6.849587944172834;0.0;0.0;0.0;0.0;0.0;142.89471245891804;419.9976507402065;23.947061398322784;416.6743088308671;-2.9145200734389342e-8
7122.0;0.0;5.293690109601536e-5;0.0;6.230794446091385;0.0;0.0;0.0;0.0;0.0;0.0013190315434895732;2.0106282226190983;7.816343485029206e-11;4.837606876728999;-6.849587944172834;0.0;0.0;0.0;0.0;0.0;142.89471245891804;419.9976507402065;23.947061398322784;416.6743088308671;-2.9145200734389342e-8
7123.0;0.0;5.293690109601536e-5;0.0;6.230794446091385;0.0;0.0;0.0;0.0;0.0;0.0013190315434895732;2.0106282226190983;7.816343485029206e-11;4.837606876728999;-6.849587944172834;0.0;0.0;0.0;0.0;0.0;142.89471245891804;419.9976507402065;23.947061398322784;416.6743088308671;-2.9145200734389342e-8
7124.0;0.0;5.293690109601536e-5;0.0;6.230794446091385;0.0;0.0;0.0;0.0;0.0;0.0013190315434895732;2.0106282226190983;7.816343485029206e-11;4.837606876728999;-6.849587944172834;0.0;0.0;0.0;0.0;0.0;142.89471245891804;419.9976507402065;23.947061398322784;416.6743088308671;-2.9145200734389342e-8
7125.0;0.0;5.293690109601536e-5;0.0;6.230794446091385;0.0;0.0;0.0;0.0;0.0;0.0013190315434895732;2.0106282226190983;7.816343485029206e-11;4.837606876728999;-6.849587944172834;0.0;0.0;0.0;0.0;0.0;142.89471245891804;419.9976507402065;23.947061398322784;416.6743088308671;-2.9145200734389342e-8
7126.0;0.0;5.293690109601536e-5;0.0;6.230794446091385;0.0;0.0;0.0;0.0;0.0;0.0013190315434895732;2.0106282226190983;7.816343485029206e-11;4.837606876728999;-6.849587944172834;0.0;0.0;0.0;0.0;0.0;142.89471245891804;419.9976507402065;23.947061398322784;416.6743088308671;-2.9145200734389342e-8
7127.0;0.0;5.293690109601536e-5;0.0;6.230794446091385;0.0;0.0;0.0;0.0;0.0;0.0013190315434895732;2.0106282226190983;7.816343485029206e-11;4.837606876728999;-6.849587944172834;0.0;0.0;0.0;0.0;0.0;142.89471245891804;419.9976507402065;23.947061398322784;416.6743088308671;-2.9145200734389342e-8
7128.0;0.0;5.293690109601536e-5;0.0;6.230794446091385;0.0;0.0;0.0;0.0;0.0;0.0013190315434895732;2.0106282226190983;7.816343485029206e-11;4.837606876728999;-6.849587944172834;0.0;0.0;0.0;0.0;0.0;142.89471245891804;419.9976507402065;23.947061398322784;416.6743088308671;-2.9145200734389342e-8
7129.0;0.0;-0.0028821933915403643;0.0;6.230794446091385;0.0;0.0;0.0;0.0;0.0;0.000660941277534253;2.0219456042241157;6.193918292640243e-11;4.8254895659431725;-6.849008885691573;0.0;0.0;0.0;0.0;0.0;142.89471245891804;419.9976507402065;23.947061398322784;416.6743088308671;-2.9145200734389342e-8
7130.0;0.0;-0.0028821933915403643;0.0;6.230794446091385;0.0;0.0;0.0;0.0;0.0;0.000660941277534253;2.0219456042241157;6.193918292640243e-11;4.8254895659431725;-6.849008885691573;0.0;0.0;0.0;0.0;0.0;142.89471245891804;419.9976507402065;23.947061398322784;416.6743088308671;-2.9145200734389342e-8
7131.0;0.0;-0.0028821933915403643;0.0;6.230794446091385;0.0;0.0;0.0;0.0;0.0;0.000660941277534253;2.0219456042241157;6.193918292640243e-11;4.8254895659431725;-6.849008885691573;0.0;0.0;0.0;0.0;0.0;142.89471245891804;419.9976507402065;23.947061398322784;416.6743088308671;-2.9145200734389342e-8
7132.0;0.0;-0.0028821933915403643;0.0;6.230794446091385;0.0;0.0;0.0;0.0;0.0;0.000660941277534253;2.0219456042241157;6.193918292640243e-11;4.8254895659431725;-6.849008885691573;0.0;0.0;0.0;0.0;0.0;142.89471245891804;419.9976507402065;23.947061398322784;416.6743088308671;-2.9145200734389342e-8
7133.0;0.0;-0.0028821933915403643;0.0;6.230794446091385;0.0;0.0;0.0;0.0;0.0;0.000660941277534253;2.0219456042241157;6.193918292640243e-11;4.8254895659431725;-6.849008885691573;0.0;0.0;0.0;0.0;0.0;142.89471245891804;419.9976507402065;23.947061398322784;416.6743088308671;-2.9145200734389342e-8
7134.0;0.0;-0.0028821933915403643;0.0;6.230794446091385;0.0;0.0;0.0;0.0;0.0;0.000660941277534253;2.0219456042241157;6.193918292640243e-11;4.8254895659431725;-6.849008885691573;0.0;0.0;0.0;0.0;0.0;142.89471245891804;419.9976507402065;23.947061398322784;416.6743088308671;-2.9145200734389342e-8
7135.0;0.0;-0.0028821933915403643;0.0;6.230794446091385;0.0;0.0;0.0;0.0;0.0;0.000660941277534253;2.0219456042241157;6.193918292640243e-11;4.8254895659431725;-6.849008885691573;0.0;0.0;0.0;0.0;0.0;142.89471245891804;419.9976507402065;23.947061398322784;416.6743088308671;-2.9145200734389342e-8
7136.0;0.0;-0.0028821933915403643;0.0;6.230794446091385;0.0;0.0;0.0;0.0;0.0;0.000660941277534253;2.0219456042241157;6.193918292640243e-11;4.8254895659431725;-6.849008885691573;0.0;0.0;0.0;0.0;0.0;142.89471245891804;419.9976507402065;23.947061398322784;416.6743088308671;-2.9145200734389342e-8
7137.0;0.0;-0.0028821933915403643;0.0;6.230794446091385;0.0;0.0;0.0;0.0;0.0;0.000660941277534253;2.0219456042241157;6.193918292640243e-11;4.8254895659431725;-6.849008885691573;0.0;0.0;0.0;0.0;0.0;142.89471245891804;419.9976507402065;23.947061398322784;416.6743088308671;-2.9145200734389342e-8
7138.0;0.0;-0.0028821933915403643;0.0;6.230794446091385;0.0;0.0;0.0;0.0;0.0;0.000660941277534253;2.0219456042241157;6.193918292640243e-11;4.8254895659431725;-6.849008885691573;0.0;0.0;0.0;0.0;0.0;142.89471245891804;419.9976507402065;23.947061398322784;416.6743088308671;-2.9145200734389342e-8
7139.0;0.0;-0.0028821933915403643;0.0;6.230794446091385;0.0;0.0;0.0;0.0;0.0;0.000660941277534253;2.0219456042241157;6.193918292640243e-11;4.8254895659431725;-6.849008885691573;0.0;0.0;0.0;0.0;0.0;142.89471245891804;419.9976507402065;23.947061398322784;416.6743088308671;-2.9145200734389342e-8
7140.0;0.0;-0.0028821933915403643;0.0;6.230794446091385;0.0;0.0;0.0;0.0;0.0;0.000660941277534253;2.0219456042241157;6.193918292640243e-11;4.8254895659431725;-6.849008885691573;0.0;0.0;0.0;0.0;0.0;142.89471245891804;419.9976507402065;23.947061398322784;416.6743088308671;-2.9145200734389342e-8
7141.0;0.0;-0.0028821933915403643;0.0;6.230794446091385;0.0;0.0;0.0;0.0;0.0;0.000660941277534253;2.0219456042241157;6.193918292640243e-11;4.8254895659431725;-6.849008885691573;0.0;0.0;0.0;0.0;0.0;142.89471245891804;419.9976507402065;23.947061398322784;416.6743088308671;-2.9145200734389342e-8
7142.0;0.0;-0.0028821933915403643;0.0;6.230794446091385;0.0;0.0;0.0;0.0;0.0;0.000660941277534253;2.0219456042241157;6.193918292640243e-11;4.8254895659431725;-6.849008885691573;0.0;0.0;0.0;0.0;0.0;142.89471245891804;419.9976507402065;23.947061398322784;416.6743088308671;-2.9145200734389342e-8
7143.0;0.0;-0.0028821933915403643;0.0;6.230794446091385;0.0;0.0;0.0;0.0;0.0;0.000660941277534253;2.0219456042241157;6.193918292640243e-11;4.8254895659431725;-6.849008885691573;0.0;0.0;0.0;0.0;0.0;142.89471245891804;419.9976507402065;23.947061398322784;416.6743088308671;-2.9145200734389342e-8
7144.0;0.0;-0.0028821933915403643;0.0;6.230794446091385;0.0;0.0;0.0;0.0;0.0;0.000660941277534253;2.0219456042241157;6.193918292640243e-11;4.8254895659431725;-6.849008885691573;0.0;0.0;0.0;0.0;0.0;142.89471245891804;419.9976507402065;23.947061398322784;416.6743088308671;-2.9145200734389342e-8
7145.0;0.0;-0.0028821933915403643;0.0;6.230794446091385;0.0;0.0;0.0;0.0;0.0;0.000660941277534253;2.0219456042241157;6.193918292640243e-11;4.8254895659431725;-6.849008885691573;0.0;0.0;0.0;0.0;0.0;142.89471245891804;419.9976507402065;23.947061398322784;416.6743088308671;-2.9145200734389342e-8
7146.0;0.0;-0.0028821933915403643;0.0;6.230794446091385;0.0;0.0;0.0;0.0;0.0;0.000660941277534253;2.0219456042241157;6.193918292640243e-11;4.8254895659431725;-6.849008885691573;0.0;0.0;0.0;0.0;0.0;142.89471245891804;419.9976507402065;23.947061398322784;416.6743088308671;-2.9145200734389342e-8
7147.0;0.0;-0.0028821933915403643;0.0;6.230794446091385;0.0;0.0;0.0;0.0;0.0;0.000660941277534253;2.0219456042241157;6.193918292640243e-11;4.8254895659431725;-6.849008885691573;0.0;0.0;0.0;0.0;0.0;142.89471245891804;419.9976507402065;23.947061398322784;416.6743088308671;-2.9145200734389342e-8
7148.0;0.0;-0.0028821933915403643;0.0;6.230794446091385;0.0;0.0;0.0;0.0;0.0;0.000660941277534253;2.0219456042241157;6.193918292640243e-11;4.8254895659431725;-6.849008885691573;0.0;0.0;0.0;0.0;0.0;142.89471245891804;419.9976507402065;23.947061398322784;416.6743088308671;-2.9145200734389342e-8
7149.0;0.0;-0.0028821933915403643;0.0;6.230794446091385;0.0;0.0;0.0;0.0;0.0;0.000660941277534253;2.0219456042241157;6.193918292640243e-11;4.8254895659431725;-6.849008885691573;0.0;0.0;0.0;0.0;0.0;142.89471245891804;419.9976507402065;23.947061398322784;416.6743088308671;-2.9145200734389342e-8
7150.0;0.0;-0.0028821933915403643;0.0;6.230794446091385;0.0;0.0;0.0;0.0;0.0;0.000660941277534253;2.0219456042241157;6.193918292640243e-11;4.8254895659431725;-6.849008885691573;0.0;0.0;0.0;0.0;0.0;142.89471245891804;419.9976507402065;23.947061398322784;416.6743088308671;-2.9145200734389342e-8
7151.0;0.0;-0.0028821933915403643;0.0;6.230794446091385;0.0;0.0;0.0;0.0;0.0;0.000660941277534253;2.0219456042241157;6.193918292640243e-11;4.8254895659431725;-6.849008885691573;0.0;0.0;0.0;0.0;0.0;142.89471245891804;419.9976507402065;23.947061398322784;416.6743088308671;-2.9145200734389342e-8
7152.0;0.0;-0.0028821933915403643;0.0;6.230794446091385;0.0;0.0;0.0;0.0;0.0;0.000660941277534253;2.0219456042241157;6.193918292640243e-11;4.8254895659431725;-6.849008885691573;0.0;0.0;0.0;0.0;0.0;142.89471245891804;419.9976507402065;23.947061398322784;416.6743088308671;-2.9145200734389342e-8
7153.0;0.0;0.0005925295272735004;0.0;6.230794446091385;0.0;0.0;0.0;0.0;0.0;0.026590217789576768;4.227640655402083;0.0;2.6299960594090956;-6.883894484189732;0.0;0.0;0.0;0.0;0.0;142.89471245891804;419.9976507402065;23.947061398322784;416.6743088308671;-2.9145200734389342e-8
7154.0;0.0;0.0005925295272735004;0.0;6.230794446091385;0.0;0.0;0.0;0.0;0.0;0.026590217789576768;4.227640655402083;0.0;2.6299960594090956;-6.883894484189732;0.0;0.0;0.0;0.0;0.0;142.89471245891804;419.9976507402065;23.947061398322784;416.6743088308671;-2.9145200734389342e-8
7155.0;0.0;0.0005925295272735004;0.0;6.230794446091385;0.0;0.0;0.0;0.0;0.0;0.026590217789576768;4.227640655402083;0.0;2.6299960594090956;-6.883894484189732;0.0;0.0;0.0;0.0;0.0;142.89471245891804;419.9976507402065;23.947061398322784;416.6743088308671;-2.9145200734389342e-8
7156.0;0.0;0.0005925295272735004;0.0;6.230794446091385;0.0;0.0;0.0;0.0;0.0;0.026590217789576768;4.227640655402083;0.0;2.6299960594090956;-6.883894484189732;0.0;0.0;0.0;0.0;0.0;142.89471245891804;419.9976507402065;23.947061398322784;416.6743088308671;-2.9145200734389342e-8
7157.0;0.0;0.0005925295272735004;0.0;6.230794446091385;0.0;0.0;0.0;0.0;0.0;0.026590217789576768;4.227640655402083;0.0;2.6299960594090956;-6.883894484189732;0.0;0.0;0.0;0.0;0.0;142.89471245891804;419.9976507402065;23.947061398322784;416.6743088308671;-2.9145200734389342e-8
7158.0;0.0;0.0005925295272735004;0.0;6.230794446091385;0.0;0.0;0.0;0.0;0.0;0.026590217789576768;4.227640655402083;0.0;2.6299960594090956;-6.883894484189732;0.0;0.0;0.0;0.0;0.0;142.89471245891804;419.9976507402065;23.947061398322784;416.6743088308671;-2.9145200734389342e-8
7159.0;0.0;0.0005925295272735004;0.0;6.230794446091385;0.0;0.0;0.0;0.0;0.0;0.026590217789576768;4.227640655402083;0.0;2.6299960594090956;-6.883894484189732;0.0;0.0;0.0;0.0;0.0;142.89471245891804;419.9976507402065;23.947061398322784;416.6743088308671;-2.9145200734389342e-8
7160.0;0.0;0.0005925295272735004;0.0;6.230794446091385;0.0;0.0;0.0;0.0;0.0;0.026590217789576768;4.227640655402083;0.0;2.6299960594090956;-6.883894484189732;0.0;0.0;0.0;0.0;0.0;142.89471245891804;419.9976507402065;23.947061398322784;416.6743088308671;-2.9145200734389342e-8
7161.0;0.0;0.0005925295272735004;0.0;6.230794446091385;0.0;0.0;0.0;0.0;0.0;0.026590217789576768;4.227640655402083;0.0;2.6299960594090956;-6.883894484189732;0.0;0.0;0.0;0.0;0.0;142.89471245891804;419.9976507402065;23.947061398322784;416.6743088308671;-2.9145200734389342e-8
7162.0;0.0;0.0005925295272735004;0.0;6.230794446091385;0.0;0.0;0.0;0.0;0.0;0.026590217789576768;4.227640655402083;0.0;2.6299960594090956;-6.883894484189732;0.0;0.0;0.0;0.0;0.0;142.89471245891804;419.9976507402065;23.947061398322784;416.6743088308671;-2.9145200734389342e-8
7163.0;0.0;0.0005925295272735004;0.0;6.230794446091385;0.0;0.0;0.0;0.0;0.0;0.026590217789576768;4.227640655402083;0.0;2.6299960594090956;-6.883894484189732;0.0;0.0;0.0;0.0;0.0;142.89471245891804;419.9976507402065;23.947061398322784;416.6743088308671;-2.9145200734389342e-8
7164.0;0.0;0.0005925295272735004;0.0;6.230794446091385;0.0;0.0;0.0;0.0;0.0;0.026590217789576768;4.227640655402083;0.0;2.6299960594090956;-6.883894484189732;0.0;0.0;0.0;0.0;0.0;142.89471245891804;419.9976507402065;23.947061398322784;416.6743088308671;-2.9145200734389342e-8
7165.0;0.0;0.0005925295272735004;0.0;6.230794446091385;0.0;0.0;0.0;0.0;0.0;0.026590217789576768;4.227640655402083;0.0;2.6299960594090956;-6.883894484189732;0.0;0.0;0.0;0.0;0.0;142.89471245891804;419.9976507402065;23.947061398322784;416.6743088308671;-2.9145200734389342e-8
7166.0;0.0;0.0005925295272735004;0.0;6.230794446091385;0.0;0.0;0.0;0.0;0.0;0.026590217789576768;4.227640655402083;0.0;2.6299960594090956;-6.883894484189732;0.0;0.0;0.0;0.0;0.0;142.89471245891804;419.9976507402065;23.947061398322784;416.6743088308671;-2.9145200734389342e-8
7167.0;0.0;0.0005925295272735004;0.0;6.230794446091385;0.0;0.0;0.0;0.0;0.0;0.026590217789576768;4.227640655402083;0.0;2.6299960594090956;-6.883894484189732;0.0;0.0;0.0;0.0;0.0;142.89471245891804;419.9976507402065;23.947061398322784;416.6743088308671;-2.9145200734389342e-8
7168.0;0.0;0.0005925295272735004;0.0;6.230794446091385;0.0;0.0;0.0;0.0;0.0;0.026590217789576768;4.227640655402083;0.0;2.6299960594090956;-6.883894484189732;0.0;0.0;0.0;0.0;0.0;142.89471245891804;419.9976507402065;23.947061398322784;416.6743088308671;-2.9145200734389342e-8
7169.0;0.0;0.0005925295272735004;0.0;6.230794446091385;0.0;0.0;0.0;0.0;0.0;0.026590217789576768;4.227640655402083;0.0;2.6299960594090956;-6.883894484189732;0.0;0.0;0.0;0.0;0.0;142.89471245891804;419.9976507402065;23.947061398322784;416.6743088308671;-2.9145200734389342e-8
7170.0;0.0;0.0005925295272735004;0.0;6.230794446091385;0.0;0.0;0.0;0.0;0.0;0.026590217789576768;4.227640655402083;0.0;2.6299960594090956;-6.883894484189732;0.0;0.0;0.0;0.0;0.0;142.89471245891804;419.9976507402065;23.947061398322784;416.6743088308671;-2.9145200734389342e-8
7171.0;0.0;0.0005925295272735004;0.0;6.230794446091385;0.0;0.0;0.0;0.0;0.0;0.026590217789576768;4.227640655402083;0.0;2.6299960594090956;-6.883894484189732;0.0;0.0;0.0;0.0;0.0;142.89471245891804;419.9976507402065;23.947061398322784;416.6743088308671;-2.9145200734389342e-8
7172.0;0.0;0.0005925295272735004;0.0;6.230794446091385;0.0;0.0;0.0;0.0;0.0;0.026590217789576768;4.227640655402083;0.0;2.6299960594090956;-6.883894484189732;0.0;0.0;0.0;0.0;0.0;142.89471245891804;419.9976507402065;23.947061398322784;416.6743088308671;-2.9145200734389342e-8
7173.0;0.0;0.0005925295272735004;0.0;6.230794446091385;0.0;0.0;0.0;0.0;0.0;0.026590217789576768;4.227640655402083;0.0;2.6299960594090956;-6.883894484189732;0.0;0.0;0.0;0.0;0.0;142.89471245891804;419.9976507402065;23.947061398322784;416.6743088308671;-2.9145200734389342e-8
7174.0;0.0;0.0005925295272735004;0.0;6.230794446091385;0.0;0.0;0.0;0.0;0.0;0.026590217789576768;4.227640655402083;0.0;2.6299960594090956;-6.883894484189732;0.0;0.0;0.0;0.0;0.0;142.89471245891804;419.9976507402065;23.947061398322784;416.6743088308671;-2.9145200734389342e-8
7175.0;0.0;0.0005925295272735004;0.0;6.230794446091385;0.0;0.0;0.0;0.0;0.0;0.026590217789576768;4.227640655402083;0.0;2.6299960594090956;-6.883894484189732;0.0;0.0;0.0;0.0;0.0;142.89471245891804;419.9976507402065;23.947061398322784;416.6743088308671;-2.9145200734389342e-8
7176.0;0.0;0.0005925295272735004;0.0;6.230794446091385;0.0;0.0;0.0;0.0;0.0;0.026590217789576768;4.227640655402083;0.0;2.6299960594090956;-6.883894484189732;0.0;0.0;0.0;0.0;0.0;142.89471245891804;419.9976507402065;23.947061398322784;416.6743088308671;-2.9145200734389342e-8
7177.0;0.0;-0.0022497390208997582;0.0;6.230794446091385;0.0;0.0;0.0;0.0;0.0;0.0;4.328753305048093;0.0;2.709760692565472;-7.03856021863915;0.0;0.0;0.0;0.0;0.0;142.89471245891804;419.9976507402065;23.947061398322784;416.6743088308671;-2.9145200734389342e-8
7178.0;0.0;-0.0022497390208997582;0.0;6.230794446091385;0.0;0.0;0.0;0.0;0.0;0.0;4.328753305048093;0.0;2.709760692565472;-7.03856021863915;0.0;0.0;0.0;0.0;0.0;142.89471245891804;419.9976507402065;23.947061398322784;416.6743088308671;-2.9145200734389342e-8
7179.0;0.0;-0.0022497390208997582;0.0;6.230794446091385;0.0;0.0;0.0;0.0;0.0;0.0;4.328753305048093;0.0;2.709760692565472;-7.03856021863915;0.0;0.0;0.0;0.0;0.0;142.89471245891804;419.9976507402065;23.947061398322784;416.6743088308671;-2.9145200734389342e-8
7180.0;0.0;-0.0022497390208997582;0.0;6.230794446091385;0.0;0.0;0.0;0.0;0.0;0.0;4.328753305048093;0.0;2.709760692565472;-7.03856021863915;0.0;0.0;0.0;0.0;0.0;142.89471245891804;419.9976507402065;23.947061398322784;416.6743088308671;-2.9145200734389342e-8
7181.0;0.0;-0.0022497390208997582;0.0;6.230794446091385;0.0;0.0;0.0;0.0;0.0;0.0;4.328753305048093;0.0;2.709760692565472;-7.03856021863915;0.0;0.0;0.0;0.0;0.0;142.89471245891804;419.9976507402065;23.947061398322784;416.6743088308671;-2.9145200734389342e-8
7182.0;0.0;-0.0022497390208997582;0.0;6.230794446091385;0.0;0.0;0.0;0.0;0.0;0.0;4.328753305048093;0.0;2.709760692565472;-7.03856021863915;0.0;0.0;0.0;0.0;0.0;142.89471245891804;419.9976507402065;23.947061398322784;416.6743088308671;-2.9145200734389342e-8
7183.0;0.0;-0.0022497390208997582;0.0;6.230794446091385;0.0;0.0;0.0;0.0;0.0;0.0;4.328753305048093;0.0;2.709760692565472;-7.03856021863915;0.0;0.0;0.0;0.0;0.0;142.89471245891804;419.9976507402065;23.947061398322784;416.6743088308671;-2.9145200734389342e-8
7184.0;0.0;-0.0022497390208997582;0.0;6.230794446091385;0.0;0.0;0.0;0.0;0.0;0.0;4.328753305048093;0.0;2.709760692565472;-7.03856021863915;0.0;0.0;0.0;0.0;0.0;142.89471245891804;419.9976507402065;23.947061398322784;416.6743088308671;-2.9145200734389342e-8
7185.0;0.0;-0.0022497390208997582;0.0;6.230794446091385;0.0;0.0;0.0;0.0;0.0;0.0;4.328753305048093;0.0;2.709760692565472;-7.03856021863915;0.0;0.0;0.0;0.0;0.0;142.89471245891804;419.9976507402065;23.947061398322784;416.6743088308671;-2.9145200734389342e-8
7186.0;0.0;-0.0022497390208997582;0.0;6.230794446091385;0.0;0.0;0.0;0.0;0.0;0.0;4.328753305048093;0.0;2.709760692565472;-7.03856021863915;0.0;0.0;0.0;0.0;0.0;142.89471245891804;419.9976507402065;23.947061398322784;416.6743088308671;-2.9145200734389342e-8
7187.0;0.0;-0.0022497390208997582;0.0;6.230794446091385;0.0;0.0;0.0;0.0;0.0;0.0;4.328753305048093;0.0;2.709760692565472;-7.03856021863915;0.0;0.0;0.0;0.0;0.0;142.89471245891804;419.9976507402065;23.947061398322784;416.6743088308671;-2.9145200734389342e-8
7188.0;0.0;-0.0022497390208997582;0.0;6.230794446091385;0.0;0.0;0.0;0.0;0.0;0.0;4.328753305048093;0.0;2.709760692565472;-7.03856021863915;0.0;0.0;0.0;0.0;0.0;142.89471245891804;419.9976507402065;23.947061398322784;416.6743088308671;-2.9145200734389342e-8
7189.0;0.0;-0.0022497390208997582;0.0;6.230794446091385;0.0;0.0;0.0;0.0;0.0;0.0;4.328753305048093;0.0;2.709760692565472;-7.03856021863915;0.0;0.0;0.0;0.0;0.0;142.89471245891804;419.9976507402065;23.947061398322784;416.6743088308671;-2.9145200734389342e-8
7190.0;0.0;-0.0022497390208997582;0.0;6.230794446091385;0.0;0.0;0.0;0.0;0.0;0.0;4.328753305048093;0.0;2.709760692565472;-7.03856021863915;0.0;0.0;0.0;0.0;0.0;142.89471245891804;419.9976507402065;23.947061398322784;416.6743088308671;-2.9145200734389342e-8
7191.0;0.0;-0.0022497390208997582;0.0;6.230794446091385;0.0;0.0;0.0;0.0;0.0;0.0;4.328753305048093;0.0;2.709760692565472;-7.03856021863915;0.0;0.0;0.0;0.0;0.0;142.89471245891804;419.9976507402065;23.947061398322784;416.6743088308671;-2.9145200734389342e-8
7192.0;0.0;-0.0022497390208997582;0.0;6.230794446091385;0.0;0.0;0.0;0.0;0.0;0.0;4.328753305048093;0.0;2.709760692565472;-7.03856021863915;0.0;0.0;0.0;0.0;0.0;142.89471245891804;419.9976507402065;23.947061398322784;416.6743088308671;-2.9145200734389342e-8
7193.0;0.0;-0.0022497390208997582;0.0;6.230794446091385;0.0;0.0;0.0;0.0;0.0;0.0;4.328753305048093;0.0;2.709760692565472;-7.03856021863915;0.0;0.0;0.0;0.0;0.0;142.89471245891804;419.9976507402065;23.947061398322784;416.6743088308671;-2.9145200734389342e-8
7194.0;0.0;-0.0022497390208997582;0.0;6.230794446091385;0.0;0.0;0.0;0.0;0.0;0.0;4.328753305048093;0.0;2.709760692565472;-7.03856021863915;0.0;0.0;0.0;0.0;0.0;142.89471245891804;419.9976507402065;23.947061398322784;416.6743088308671;-2.9145200734389342e-8
7195.0;0.0;-0.0022497390208997582;0.0;6.230794446091385;0.0;0.0;0.0;0.0;0.0;0.0;4.328753305048093;0.0;2.709760692565472;-7.03856021863915;0.0;0.0;0.0;0.0;0.0;142.89471245891804;419.9976507402065;23.947061398322784;416.6743088308671;-2.9145200734389342e-8
7196.0;0.0;-0.0022497390208997582;0.0;6.230794446091385;0.0;0.0;0.0;0.0;0.0;0.0;4.328753305048093;0.0;2.709760692565472;-7.03856021863915;0.0;0.0;0.0;0.0;0.0;142.89471245891804;419.9976507402065;23.947061398322784;416.6743088308671;-2.9145200734389342e-8
7197.0;0.0;-0.0022497390208997582;0.0;6.230794446091385;0.0;0.0;0.0;0.0;0.0;0.0;4.328753305048093;0.0;2.709760692565472;-7.03856021863915;0.0;0.0;0.0;0.0;0.0;142.89471245891804;419.9976507402065;23.947061398322784;416.6743088308671;-2.9145200734389342e-8
7198.0;0.0;-0.0022497390208997582;0.0;6.230794446091385;0.0;0.0;0.0;0.0;0.0;0.0;4.328753305048093;0.0;2.709760692565472;-7.03856021863915;0.0;0.0;0.0;0.0;0.0;142.89471245891804;419.9976507402065;23.947061398322784;416.6743088308671;-2.9145200734389342e-8
7199.0;0.0;-0.0022497390208997582;0.0;6.230794446091385;0.0;0.0;0.0;0.0;0.0;0.0;4.328753305048093;0.0;2.709760692565472;-7.03856021863915;0.0;0.0;0.0;0.0;0.0;142.89471245891804;419.9976507402065;23.947061398322784;416.6743088308671;-2.9145200734389342e-8
7200.0;0.0;-0.0022497390208997582;0.0;6.230794446091385;0.0;0.0;0.0;0.0;0.0;0.0;4.328753305048093;0.0;2.709760692565472;-7.03856021863915;0.0;0.0;0.0;0.0;0.0;142.89471245891804;419.9976507402065;23.947061398322784;416.6743088308671;-2.9145200734389342e-8
7201.0;0.0;-0.0016063410350567737;0.0;6.230794446091385;0.0;0.0;0.0;0.0;0.0;0.0;4.317102437042554;0.0;2.7072269613521014;-7.024407945384332;0.0;0.0;0.0;0.0;0.0;142.89471245891804;419.9976507402065;23.947061398322784;416.6743088308671;-2.9145200734389342e-8
7202.0;0.0;-0.0016063410350567737;0.0;6.230794446091385;0.0;0.0;0.0;0.0;0.0;0.0;4.317102437042554;0.0;2.7072269613521014;-7.024407945384332;0.0;0.0;0.0;0.0;0.0;142.89471245891804;419.9976507402065;23.947061398322784;416.6743088308671;-2.9145200734389342e-8
7203.0;0.0;-0.0016063410350567737;0.0;6.230794446091385;0.0;0.0;0.0;0.0;0.0;0.0;4.317102437042554;0.0;2.7072269613521014;-7.024407945384332;0.0;0.0;0.0;0.0;0.0;142.89471245891804;419.9976507402065;23.947061398322784;416.6743088308671;-2.9145200734389342e-8
7204.0;0.0;-0.0016063410350567737;0.0;6.230794446091385;0.0;0.0;0.0;0.0;0.0;0.0;4.317102437042554;0.0;2.7072269613521014;-7.024407945384332;0.0;0.0;0.0;0.0;0.0;142.89471245891804;419.9976507402065;23.947061398322784;416.6743088308671;-2.9145200734389342e-8
7205.0;0.0;-0.0016063410350567737;0.0;6.230794446091385;0.0;0.0;0.0;0.0;0.0;0.0;4.317102437042554;0.0;2.7072269613521014;-7.024407945384332;0.0;0.0;0.0;0.0;0.0;142.89471245891804;419.9976507402065;23.947061398322784;416.6743088308671;-2.9145200734389342e-8
7206.0;0.0;-0.0016063410350567737;0.0;6.230794446091385;0.0;0.0;0.0;0.0;0.0;0.0;4.317102437042554;0.0;2.7072269613521014;-7.024407945384332;0.0;0.0;0.0;0.0;0.0;142.89471245891804;419.9976507402065;23.947061398322784;416.6743088308671;-2.9145200734389342e-8
7207.0;0.0;-0.0016063410350567737;0.0;6.230794446091385;0.0;0.0;0.0;0.0;0.0;0.0;4.317102437042554;0.0;2.7072269613521014;-7.024407945384332;0.0;0.0;0.0;0.0;0.0;142.89471245891804;419.9976507402065;23.947061398322784;416.6743088308671;-2.9145200734389342e-8
7208.0;0.0;-0.0016063410350567737;0.0;6.230794446091385;0.0;0.0;0.0;0.0;0.0;0.0;4.317102437042554;0.0;2.7072269613521014;-7.024407945384332;0.0;0.0;0.0;0.0;0.0;142.89471245891804;419.9976507402065;23.947061398322784;416.6743088308671;-2.9145200734389342e-8
7209.0;0.0;-0.0016063410350567737;0.0;6.230794446091385;0.0;0.0;0.0;0.0;0.0;0.0;4.317102437042554;0.0;2.7072269613521014;-7.024407945384332;0.0;0.0;0.0;0.0;0.0;142.89471245891804;419.9976507402065;23.947061398322784;416.6743088308671;-2.9145200734389342e-8
7210.0;0.0;-0.0016063410350567737;0.0;6.230794446091385;0.0;0.0;0.0;0.0;0.0;0.0;4.317102437042554;0.0;2.7072269613521014;-7.024407945384332;0.0;0.0;0.0;0.0;0.0;142.89471245891804;419.9976507402065;23.947061398322784;416.6743088308671;-2.9145200734389342e-8
7211.0;0.0;-0.0016063410350567737;0.0;6.230794446091385;0.0;0.0;0.0;0.0;0.0;0.0;4.317102437042554;0.0;2.7072269613521014;-7.024407945384332;0.0;0.0;0.0;0.0;0.0;142.89471245891804;419.9976507402065;23.947061398322784;416.6743088308671;-2.9145200734389342e-8
7212.0;0.0;-0.0016063410350567737;0.0;6.230794446091385;0.0;0.0;0.0;0.0;0.0;0.0;4.317102437042554;0.0;2.7072269613521014;-7.024407945384332;0.0;0.0;0.0;0.0;0.0;142.89471245891804;419.9976507402065;23.947061398322784;416.6743088308671;-2.9145200734389342e-8
7213.0;0.0;-0.0016063410350567737;0.0;6.230794446091385;0.0;0.0;0.0;0.0;0.0;0.0;4.317102437042554;0.0;2.7072269613521014;-7.024407945384332;0.0;0.0;0.0;0.0;0.0;142.89471245891804;419.9976507402065;23.947061398322784;416.6743088308671;-2.9145200734389342e-8
7214.0;0.0;-0.0016063410350567737;0.0;6.230794446091385;0.0;0.0;0.0;0.0;0.0;0.0;4.317102437042554;0.0;2.7072269613521014;-7.024407945384332;0.0;0.0;0.0;0.0;0.0;142.89471245891804;419.9976507402065;23.947061398322784;416.6743088308671;-2.9145200734389342e-8
7215.0;0.0;-0.0016063410350567737;0.0;6.230794446091385;0.0;0.0;0.0;0.0;0.0;0.0;4.317102437042554;0.0;2.7072269613521014;-7.024407945384332;0.0;0.0;0.0;0.0;0.0;142.89471245891804;419.9976507402065;23.947061398322784;416.6743088308671;-2.9145200734389342e-8
7216.0;0.0;-0.0016063410350567737;0.0;6.230794446091385;0.0;0.0;0.0;0.0;0.0;0.0;4.317102437042554;0.0;2.7072269613521014;-7.024407945384332;0.0;0.0;0.0;0.0;0.0;142.89471245891804;419.9976507402065;23.947061398322784;416.6743088308671;-2.9145200734389342e-8
7217.0;0.0;-0.0016063410350567737;0.0;6.230794446091385;0.0;0.0;0.0;0.0;0.0;0.0;4.317102437042554;0.0;2.7072269613521014;-7.024407945384332;0.0;0.0;0.0;0.0;0.0;142.89471245891804;419.9976507402065;23.947061398322784;416.6743088308671;-2.9145200734389342e-8
7218.0;0.0;-0.0016063410350567737;0.0;6.230794446091385;0.0;0.0;0.0;0.0;0.0;0.0;4.317102437042554;0.0;2.7072269613521014;-7.024407945384332;0.0;0.0;0.0;0.0;0.0;142.89471245891804;419.9976507402065;23.947061398322784;416.6743088308671;-2.9145200734389342e-8
7219.0;0.0;-0.0016063410350567737;0.0;6.230794446091385;0.0;0.0;0.0;0.0;0.0;0.0;4.317102437042554;0.0;2.7072269613521014;-7.024407945384332;0.0;0.0;0.0;0.0;0.0;142.89471245891804;419.9976507402065;23.947061398322784;416.6743088308671;-2.9145200734389342e-8
7220.0;0.0;-0.0016063410350567737;0.0;6.230794446091385;0.0;0.0;0.0;0.0;0.0;0.0;4.317102437042554;0.0;2.7072269613521014;-7.024407945384332;0.0;0.0;0.0;0.0;0.0;142.89471245891804;419.9976507402065;23.947061398322784;416.6743088308671;-2.9145200734389342e-8
7221.0;0.0;-0.0016063410350567737;0.0;6.230794446091385;0.0;0.0;0.0;0.0;0.0;0.0;4.317102437042554;0.0;2.7072269613521014;-7.024407945384332;0.0;0.0;0.0;0.0;0.0;142.89471245891804;419.9976507402065;23.947061398322784;416.6743088308671;-2.9145200734389342e-8
7222.0;0.0;-0.0016063410350567737;0.0;6.230794446091385;0.0;0.0;0.0;0.0;0.0;0.0;4.317102437042554;0.0;2.7072269613521014;-7.024407945384332;0.0;0.0;0.0;0.0;0.0;142.89471245891804;419.9976507402065;23.947061398322784;416.6743088308671;-2.9145200734389342e-8
7223.0;0.0;-0.0016063410350567737;0.0;6.230794446091385;0.0;0.0;0.0;0.0;0.0;0.0;4.317102437042554;0.0;2.7072269613521014;-7.024407945384332;0.0;0.0;0.0;0.0;0.0;142.89471245891804;419.9976507402065;23.947061398322784;416.6743088308671;-2.9145200734389342e-8
7224.0;0.0;-0.0016063410350567737;0.0;6.230794446091385;0.0;0.0;0.0;0.0;0.0;0.0;4.317102437042554;0.0;2.7072269613521014;-7.024407945384332;0.0;0.0;0.0;0.0;0.0;142.89471245891804;419.9976507402065;23.947061398322784;416.6743088308671;-2.9145200734389342e-8
7225.0;0.0;0.00013258797889710743;0.0;6.230794446091385;0.0;0.0;0.0;0.0;0.0;0.022085018120141464;4.3644593574194745;7.360217049986171e-11;2.442346232708527;-6.8292714096750915;0.0;0.0;0.0;0.0;0.0;142.89471245891804;419.9976507402065;23.947061398322784;416.6743088308671;-2.9145200734389342e-8
7226.0;0.0;0.00013258797889710743;0.0;6.230794446091385;0.0;0.0;0.0;0.0;0.0;0.022085018120141464;4.3644593574194745;7.360217049986171e-11;2.442346232708527;-6.8292714096750915;0.0;0.0;0.0;0.0;0.0;142.89471245891804;419.9976507402065;23.947061398322784;416.6743088308671;-2.9145200734389342e-8
7227.0;0.0;0.00013258797889710743;0.0;6.230794446091385;0.0;0.0;0.0;0.0;0.0;0.022085018120141464;4.3644593574194745;7.360217049986171e-11;2.442346232708527;-6.8292714096750915;0.0;0.0;0.0;0.0;0.0;142.89471245891804;419.9976507402065;23.947061398322784;416.6743088308671;-2.9145200734389342e-8
7228.0;0.0;0.00013258797889710743;0.0;6.230794446091385;0.0;0.0;0.0;0.0;0.0;0.022085018120141464;4.3644593574194745;7.360217049986171e-11;2.442346232708527;-6.8292714096750915;0.0;0.0;0.0;0.0;0.0;142.89471245891804;419.9976507402065;23.947061398322784;416.6743088308671;-2.9145200734389342e-8
7229.0;0.0;0.00013258797889710743;0.0;6.230794446091385;0.0;0.0;0.0;0.0;0.0;0.022085018120141464;4.3644593574194745;7.360217049986171e-11;2.442346232708527;-6.8292714096750915;0.0;0.0;0.0;0.0;0.0;142.89471245891804;419.9976507402065;23.947061398322784;416.6743088308671;-2.9145200734389342e-8
7230.0;0.0;0.00013258797889710743;0.0;6.230794446091385;0.0;0.0;0.0;0.0;0.0;0.022085018120141464;4.3644593574194745;7.360217049986171e-11;2.442346232708527;-6.8292714096750915;0.0;0.0;0.0;0.0;0.0;142.89471245891804;419.9976507402065;23.947061398322784;416.6743088308671;-2.9145200734389342e-8
7231.0;0.0;0.00013258797889710743;0.0;6.230794446091385;0.0;0.0;0.0;0.0;0.0;0.022085018120141464;4.3644593574194745;7.360217049986171e-11;2.442346232708527;-6.8292714096750915;0.0;0.0;0.0;0.0;0.0;142.89471245891804;419.9976507402065;23.947061398322784;416.6743088308671;-2.9145200734389342e-8
7232.0;0.0;0.00013258797889710743;0.0;6.230794446091385;0.0;0.0;0.0;0.0;0.0;0.022085018120141464;4.3644593574194745;7.360217049986171e-11;2.442346232708527;-6.8292714096750915;0.0;0.0;0.0;0.0;0.0;142.89471245891804;419.9976507402065;23.947061398322784;416.6743088308671;-2.9145200734389342e-8
7233.0;0.0;0.00013258797889710743;0.0;6.230794446091385;0.0;0.0;0.0;0.0;0.0;0.022085018120141464;4.3644593574194745;7.360217049986171e-11;2.442346232708527;-6.8292714096750915;0.0;0.0;0.0;0.0;0.0;142.89471245891804;419.9976507402065;23.947061398322784;416.6743088308671;-2.9145200734389342e-8
7234.0;0.0;0.00013258797889710743;0.0;6.230794446091385;0.0;0.0;0.0;0.0;0.0;0.022085018120141464;4.3644593574194745;7.360217049986171e-11;2.442346232708527;-6.8292714096750915;0.0;0.0;0.0;0.0;0.0;142.89471245891804;419.9976507402065;23.947061398322784;416.6743088308671;-2.9145200734389342e-8
7235.0;0.0;0.00013258797889710743;0.0;6.230794446091385;0.0;0.0;0.0;0.0;0.0;0.022085018120141464;4.3644593574194745;7.360217049986171e-11;2.442346232708527;-6.8292714096750915;0.0;0.0;0.0;0.0;0.0;142.89471245891804;419.9976507402065;23.947061398322784;416.6743088308671;-2.9145200734389342e-8
7236.0;0.0;0.00013258797889710743;0.0;6.230794446091385;0.0;0.0;0.0;0.0;0.0;0.022085018120141464;4.3644593574194745;7.360217049986171e-11;2.442346232708527;-6.8292714096750915;0.0;0.0;0.0;0.0;0.0;142.89471245891804;419.9976507402065;23.947061398322784;416.6743088308671;-2.9145200734389342e-8
7237.0;0.0;0.00013258797889710743;0.0;6.230794446091385;0.0;0.0;0.0;0.0;0.0;0.022085018120141464;4.3644593574194745;7.360217049986171e-11;2.442346232708527;-6.8292714096750915;0.0;0.0;0.0;0.0;0.0;142.89471245891804;419.9976507402065;23.947061398322784;416.6743088308671;-2.9145200734389342e-8
7238.0;0.0;0.00013258797889710743;0.0;6.230794446091385;0.0;0.0;0.0;0.0;0.0;0.022085018120141464;4.3644593574194745;7.360217049986171e-11;2.442346232708527;-6.8292714096750915;0.0;0.0;0.0;0.0;0.0;142.89471245891804;419.9976507402065;23.947061398322784;416.6743088308671;-2.9145200734389342e-8
7239.0;0.0;0.00013258797889710743;0.0;6.230794446091385;0.0;0.0;0.0;0.0;0.0;0.022085018120141464;4.3644593574194745;7.360217049986171e-11;2.442346232708527;-6.8292714096750915;0.0;0.0;0.0;0.0;0.0;142.89471245891804;419.9976507402065;23.947061398322784;416.6743088308671;-2.9145200734389342e-8
7240.0;0.0;0.00013258797889710743;0.0;6.230794446091385;0.0;0.0;0.0;0.0;0.0;0.022085018120141464;4.3644593574194745;7.360217049986171e-11;2.442346232708527;-6.8292714096750915;0.0;0.0;0.0;0.0;0.0;142.89471245891804;419.9976507402065;23.947061398322784;416.6743088308671;-2.9145200734389342e-8
7241.0;0.0;0.00013258797889710743;0.0;6.230794446091385;0.0;0.0;0.0;0.0;0.0;0.022085018120141464;4.3644593574194745;7.360217049986171e-11;2.442346232708527;-6.8292714096750915;0.0;0.0;0.0;0.0;0.0;142.89471245891804;419.9976507402065;23.947061398322784;416.6743088308671;-2.9145200734389342e-8
7242.0;0.0;0.00013258797889710743;0.0;6.230794446091385;0.0;0.0;0.0;0.0;0.0;0.022085018120141464;4.3644593574194745;7.360217049986171e-11;2.442346232708527;-6.8292714096750915;0.0;0.0;0.0;0.0;0.0;142.89471245891804;419.9976507402065;23.947061398322784;416.6743088308671;-2.9145200734389342e-8
7243.0;0.0;0.00013258797889710743;0.0;6.230794446091385;0.0;0.0;0.0;0.0;0.0;0.022085018120141464;4.3644593574194745;7.360217049986171e-11;2.442346232708527;-6.8292714096750915;0.0;0.0;0.0;0.0;0.0;142.89471245891804;419.9976507402065;23.947061398322784;416.6743088308671;-2.9145200734389342e-8
7244.0;0.0;0.00013258797889710743;0.0;6.230794446091385;0.0;0.0;0.0;0.0;0.0;0.022085018120141464;4.3644593574194745;7.360217049986171e-11;2.442346232708527;-6.8292714096750915;0.0;0.0;0.0;0.0;0.0;142.89471245891804;419.9976507402065;23.947061398322784;416.6743088308671;-2.9145200734389342e-8
7245.0;0.0;0.00013258797889710743;0.0;6.230794446091385;0.0;0.0;0.0;0.0;0.0;0.022085018120141464;4.3644593574194745;7.360217049986171e-11;2.442346232708527;-6.8292714096750915;0.0;0.0;0.0;0.0;0.0;142.89471245891804;419.9976507402065;23.947061398322784;416.6743088308671;-2.9145200734389342e-8
7246.0;0.0;0.00013258797889710743;0.0;6.230794446091385;0.0;0.0;0.0;0.0;0.0;0.022085018120141464;4.3644593574194745;7.360217049986171e-11;2.442346232708527;-6.8292714096750915;0.0;0.0;0.0;0.0;0.0;142.89471245891804;419.9976507402065;23.947061398322784;416.6743088308671;-2.9145200734389342e-8
7247.0;0.0;0.00013258797889710743;0.0;6.230794446091385;0.0;0.0;0.0;0.0;0.0;0.022085018120141464;4.3644593574194745;7.360217049986171e-11;2.442346232708527;-6.8292714096750915;0.0;0.0;0.0;0.0;0.0;142.89471245891804;419.9976507402065;23.947061398322784;416.6743088308671;-2.9145200734389342e-8
7248.0;0.0;0.00013258797889710743;0.0;6.230794446091385;0.0;0.0;0.0;0.0;0.0;0.022085018120141464;4.3644593574194745;7.360217049986171e-11;2.442346232708527;-6.8292714096750915;0.0;0.0;0.0;0.0;0.0;142.89471245891804;419.9976507402065;23.947061398322784;416.6743088308671;-2.9145200734389342e-8
7249.0;0.0;-0.0005456509383648834;0.0;6.230794446091385;0.0;0.0;0.0;0.0;0.0;0.001120117170620216;4.226774692208139;6.267558535688885e-11;2.6212665332515694;-6.84937425983387;0.0;0.0;0.0;0.0;0.0;142.89471245891804;419.9976507402065;23.947061398322784;416.6743088308671;-2.9145200734389342e-8
7250.0;0.0;-0.0005456509383648834;0.0;6.230794446091385;0.0;0.0;0.0;0.0;0.0;0.001120117170620216;4.226774692208139;6.267558535688885e-11;2.6212665332515694;-6.84937425983387;0.0;0.0;0.0;0.0;0.0;142.89471245891804;419.9976507402065;23.947061398322784;416.6743088308671;-2.9145200734389342e-8
7251.0;0.0;-0.0005456509383648834;0.0;6.230794446091385;0.0;0.0;0.0;0.0;0.0;0.001120117170620216;4.226774692208139;6.267558535688885e-11;2.6212665332515694;-6.84937425983387;0.0;0.0;0.0;0.0;0.0;142.89471245891804;419.9976507402065;23.947061398322784;416.6743088308671;-2.9145200734389342e-8
7252.0;0.0;-0.0005456509383648834;0.0;6.230794446091385;0.0;0.0;0.0;0.0;0.0;0.001120117170620216;4.226774692208139;6.267558535688885e-11;2.6212665332515694;-6.84937425983387;0.0;0.0;0.0;0.0;0.0;142.89471245891804;419.9976507402065;23.947061398322784;416.6743088308671;-2.9145200734389342e-8
7253.0;0.0;-0.0005456509383648834;0.0;6.230794446091385;0.0;0.0;0.0;0.0;0.0;0.001120117170620216;4.226774692208139;6.267558535688885e-11;2.6212665332515694;-6.84937425983387;0.0;0.0;0.0;0.0;0.0;142.89471245891804;419.9976507402065;23.947061398322784;416.6743088308671;-2.9145200734389342e-8
7254.0;0.0;-0.0005456509383648834;0.0;6.230794446091385;0.0;0.0;0.0;0.0;0.0;0.001120117170620216;4.226774692208139;6.267558535688885e-11;2.6212665332515694;-6.84937425983387;0.0;0.0;0.0;0.0;0.0;142.89471245891804;419.9976507402065;23.947061398322784;416.6743088308671;-2.9145200734389342e-8
7255.0;0.0;-0.0005456509383648834;0.0;6.230794446091385;0.0;0.0;0.0;0.0;0.0;0.001120117170620216;4.226774692208139;6.267558535688885e-11;2.6212665332515694;-6.84937425983387;0.0;0.0;0.0;0.0;0.0;142.89471245891804;419.9976507402065;23.947061398322784;416.6743088308671;-2.9145200734389342e-8
7256.0;0.0;-0.0005456509383648834;0.0;6.230794446091385;0.0;0.0;0.0;0.0;0.0;0.001120117170620216;4.226774692208139;6.267558535688885e-11;2.6212665332515694;-6.84937425983387;0.0;0.0;0.0;0.0;0.0;142.89471245891804;419.9976507402065;23.947061398322784;416.6743088308671;-2.9145200734389342e-8
7257.0;0.0;-0.0005456509383648834;0.0;6.230794446091385;0.0;0.0;0.0;0.0;0.0;0.001120117170620216;4.226774692208139;6.267558535688885e-11;2.6212665332515694;-6.84937425983387;0.0;0.0;0.0;0.0;0.0;142.89471245891804;419.9976507402065;23.947061398322784;416.6743088308671;-2.9145200734389342e-8
7258.0;0.0;-0.0005456509383648834;0.0;6.230794446091385;0.0;0.0;0.0;0.0;0.0;0.001120117170620216;4.226774692208139;6.267558535688885e-11;2.6212665332515694;-6.84937425983387;0.0;0.0;0.0;0.0;0.0;142.89471245891804;419.9976507402065;23.947061398322784;416.6743088308671;-2.9145200734389342e-8
7259.0;0.0;-0.0005456509383648834;0.0;6.230794446091385;0.0;0.0;0.0;0.0;0.0;0.001120117170620216;4.226774692208139;6.267558535688885e-11;2.6212665332515694;-6.84937425983387;0.0;0.0;0.0;0.0;0.0;142.89471245891804;419.9976507402065;23.947061398322784;416.6743088308671;-2.9145200734389342e-8
7260.0;0.0;-0.0005456509383648834;0.0;6.230794446091385;0.0;0.0;0.0;0.0;0.0;0.001120117170620216;4.226774692208139;6.267558535688885e-11;2.6212665332515694;-6.84937425983387;0.0;0.0;0.0;0.0;0.0;142.89471245891804;419.9976507402065;23.947061398322784;416.6743088308671;-2.9145200734389342e-8
7261.0;0.0;-0.0005456509383648834;0.0;6.230794446091385;0.0;0.0;0.0;0.0;0.0;0.001120117170620216;4.226774692208139;6.267558535688885e-11;2.6212665332515694;-6.84937425983387;0.0;0.0;0.0;0.0;0.0;142.89471245891804;419.9976507402065;23.947061398322784;416.6743088308671;-2.9145200734389342e-8
7262.0;0.0;-0.0005456509383648834;0.0;6.230794446091385;0.0;0.0;0.0;0.0;0.0;0.001120117170620216;4.226774692208139;6.267558535688885e-11;2.6212665332515694;-6.84937425983387;0.0;0.0;0.0;0.0;0.0;142.89471245891804;419.9976507402065;23.947061398322784;416.6743088308671;-2.9145200734389342e-8
7263.0;0.0;-0.0005456509383648834;0.0;6.230794446091385;0.0;0.0;0.0;0.0;0.0;0.001120117170620216;4.226774692208139;6.267558535688885e-11;2.6212665332515694;-6.84937425983387;0.0;0.0;0.0;0.0;0.0;142.89471245891804;419.9976507402065;23.947061398322784;416.6743088308671;-2.9145200734389342e-8
7264.0;0.0;-0.0005456509383648834;0.0;6.230794446091385;0.0;0.0;0.0;0.0;0.0;0.001120117170620216;4.226774692208139;6.267558535688885e-11;2.6212665332515694;-6.84937425983387;0.0;0.0;0.0;0.0;0.0;142.89471245891804;419.9976507402065;23.947061398322784;416.6743088308671;-2.9145200734389342e-8
7265.0;0.0;-0.0005456509383648834;0.0;6.230794446091385;0.0;0.0;0.0;0.0;0.0;0.001120117170620216;4.226774692208139;6.267558535688885e-11;2.6212665332515694;-6.84937425983387;0.0;0.0;0.0;0.0;0.0;142.89471245891804;419.9976507402065;23.947061398322784;416.6743088308671;-2.9145200734389342e-8
7266.0;0.0;-0.0005456509383648834;0.0;6.230794446091385;0.0;0.0;0.0;0.0;0.0;0.001120117170620216;4.226774692208139;6.267558535688885e-11;2.6212665332515694;-6.84937425983387;0.0;0.0;0.0;0.0;0.0;142.89471245891804;419.9976507402065;23.947061398322784;416.6743088308671;-2.9145200734389342e-8
7267.0;0.0;-0.0005456509383648834;0.0;6.230794446091385;0.0;0.0;0.0;0.0;0.0;0.001120117170620216;4.226774692208139;6.267558535688885e-11;2.6212665332515694;-6.84937425983387;0.0;0.0;0.0;0.0;0.0;142.89471245891804;419.9976507402065;23.947061398322784;416.6743088308671;-2.9145200734389342e-8
7268.0;0.0;-0.0005456509383648834;0.0;6.230794446091385;0.0;0.0;0.0;0.0;0.0;0.001120117170620216;4.226774692208139;6.267558535688885e-11;2.6212665332515694;-6.84937425983387;0.0;0.0;0.0;0.0;0.0;142.89471245891804;419.9976507402065;23.947061398322784;416.6743088308671;-2.9145200734389342e-8
7269.0;0.0;-0.0005456509383648834;0.0;6.230794446091385;0.0;0.0;0.0;0.0;0.0;0.001120117170620216;4.226774692208139;6.267558535688885e-11;2.6212665332515694;-6.84937425983387;0.0;0.0;0.0;0.0;0.0;142.89471245891804;419.9976507402065;23.947061398322784;416.6743088308671;-2.9145200734389342e-8
7270.0;0.0;-0.0005456509383648834;0.0;6.230794446091385;0.0;0.0;0.0;0.0;0.0;0.001120117170620216;4.226774692208139;6.267558535688885e-11;2.6212665332515694;-6.84937425983387;0.0;0.0;0.0;0.0;0.0;142.89471245891804;419.9976507402065;23.947061398322784;416.6743088308671;-2.9145200734389342e-8
7271.0;0.0;-0.0005456509383648834;0.0;6.230794446091385;0.0;0.0;0.0;0.0;0.0;0.001120117170620216;4.226774692208139;6.267558535688885e-11;2.6212665332515694;-6.84937425983387;0.0;0.0;0.0;0.0;0.0;142.89471245891804;419.9976507402065;23.947061398322784;416.6743088308671;-2.9145200734389342e-8
7272.0;0.0;-0.0005456509383648834;0.0;6.230794446091385;0.0;0.0;0.0;0.0;0.0;0.001120117170620216;4.226774692208139;6.267558535688885e-11;2.6212665332515694;-6.84937425983387;0.0;0.0;0.0;0.0;0.0;142.89471245891804;419.9976507402065;23.947061398322784;416.6743088308671;-2.9145200734389342e-8
7273.0;0.0;-0.006186992221586813;0.0;6.230794446091385;0.0;0.0;0.0;0.0;0.0;0.0;3.796044701869786;0.0;3.0991737499916763;-6.895697827428783;0.0;0.0;0.0;0.0;0.0;142.89471245891804;419.9976507402065;23.947061398322784;416.6743088308671;-2.9145200734389342e-8
7274.0;0.0;-0.006186992221586813;0.0;6.230794446091385;0.0;0.0;0.0;0.0;0.0;0.0;3.796044701869786;0.0;3.0991737499916763;-6.895697827428783;0.0;0.0;0.0;0.0;0.0;142.89471245891804;419.9976507402065;23.947061398322784;416.6743088308671;-2.9145200734389342e-8
7275.0;0.0;-0.006186992221586813;0.0;6.230794446091385;0.0;0.0;0.0;0.0;0.0;0.0;3.796044701869786;0.0;3.0991737499916763;-6.895697827428783;0.0;0.0;0.0;0.0;0.0;142.89471245891804;419.9976507402065;23.947061398322784;416.6743088308671;-2.9145200734389342e-8
7276.0;0.0;-0.006186992221586813;0.0;6.230794446091385;0.0;0.0;0.0;0.0;0.0;0.0;3.796044701869786;0.0;3.0991737499916763;-6.895697827428783;0.0;0.0;0.0;0.0;0.0;142.89471245891804;419.9976507402065;23.947061398322784;416.6743088308671;-2.9145200734389342e-8
7277.0;0.0;-0.006186992221586813;0.0;6.230794446091385;0.0;0.0;0.0;0.0;0.0;0.0;3.796044701869786;0.0;3.0991737499916763;-6.895697827428783;0.0;0.0;0.0;0.0;0.0;142.89471245891804;419.9976507402065;23.947061398322784;416.6743088308671;-2.9145200734389342e-8
7278.0;0.0;-0.006186992221586813;0.0;6.230794446091385;0.0;0.0;0.0;0.0;0.0;0.0;3.796044701869786;0.0;3.0991737499916763;-6.895697827428783;0.0;0.0;0.0;0.0;0.0;142.89471245891804;419.9976507402065;23.947061398322784;416.6743088308671;-2.9145200734389342e-8
7279.0;0.0;-0.006186992221586813;0.0;6.230794446091385;0.0;0.0;0.0;0.0;0.0;0.0;3.796044701869786;0.0;3.0991737499916763;-6.895697827428783;0.0;0.0;0.0;0.0;0.0;142.89471245891804;419.9976507402065;23.947061398322784;416.6743088308671;-2.9145200734389342e-8
7280.0;0.0;-0.006186992221586813;0.0;6.230794446091385;0.0;0.0;0.0;0.0;0.0;0.0;3.796044701869786;0.0;3.0991737499916763;-6.895697827428783;0.0;0.0;0.0;0.0;0.0;142.89471245891804;419.9976507402065;23.947061398322784;416.6743088308671;-2.9145200734389342e-8
7281.0;0.0;-0.006186992221586813;0.0;6.230794446091385;0.0;0.0;0.0;0.0;0.0;0.0;3.796044701869786;0.0;3.0991737499916763;-6.895697827428783;0.0;0.0;0.0;0.0;0.0;142.89471245891804;419.9976507402065;23.947061398322784;416.6743088308671;-2.9145200734389342e-8
7282.0;0.0;-0.006186992221586813;0.0;6.230794446091385;0.0;0.0;0.0;0.0;0.0;0.0;3.796044701869786;0.0;3.0991737499916763;-6.895697827428783;0.0;0.0;0.0;0.0;0.0;142.89471245891804;419.9976507402065;23.947061398322784;416.6743088308671;-2.9145200734389342e-8
7283.0;0.0;-0.006186992221586813;0.0;6.230794446091385;0.0;0.0;0.0;0.0;0.0;0.0;3.796044701869786;0.0;3.0991737499916763;-6.895697827428783;0.0;0.0;0.0;0.0;0.0;142.89471245891804;419.9976507402065;23.947061398322784;416.6743088308671;-2.9145200734389342e-8
7284.0;0.0;-0.006186992221586813;0.0;6.230794446091385;0.0;0.0;0.0;0.0;0.0;0.0;3.796044701869786;0.0;3.0991737499916763;-6.895697827428783;0.0;0.0;0.0;0.0;0.0;142.89471245891804;419.9976507402065;23.947061398322784;416.6743088308671;-2.9145200734389342e-8
7285.0;0.0;-0.006186992221586813;0.0;6.230794446091385;0.0;0.0;0.0;0.0;0.0;0.0;3.796044701869786;0.0;3.0991737499916763;-6.895697827428783;0.0;0.0;0.0;0.0;0.0;142.89471245891804;419.9976507402065;23.947061398322784;416.6743088308671;-2.9145200734389342e-8
7286.0;0.0;-0.006186992221586813;0.0;6.230794446091385;0.0;0.0;0.0;0.0;0.0;0.0;3.796044701869786;0.0;3.0991737499916763;-6.895697827428783;0.0;0.0;0.0;0.0;0.0;142.89471245891804;419.9976507402065;23.947061398322784;416.6743088308671;-2.9145200734389342e-8
7287.0;0.0;-0.006186992221586813;0.0;6.230794446091385;0.0;0.0;0.0;0.0;0.0;0.0;3.796044701869786;0.0;3.0991737499916763;-6.895697827428783;0.0;0.0;0.0;0.0;0.0;142.89471245891804;419.9976507402065;23.947061398322784;416.6743088308671;-2.9145200734389342e-8
7288.0;0.0;-0.006186992221586813;0.0;6.230794446091385;0.0;0.0;0.0;0.0;0.0;0.0;3.796044701869786;0.0;3.0991737499916763;-6.895697827428783;0.0;0.0;0.0;0.0;0.0;142.89471245891804;419.9976507402065;23.947061398322784;416.6743088308671;-2.9145200734389342e-8
7289.0;0.0;-0.006186992221586813;0.0;6.230794446091385;0.0;0.0;0.0;0.0;0.0;0.0;3.796044701869786;0.0;3.0991737499916763;-6.895697827428783;0.0;0.0;0.0;0.0;0.0;142.89471245891804;419.9976507402065;23.947061398322784;416.6743088308671;-2.9145200734389342e-8
7290.0;0.0;-0.006186992221586813;0.0;6.230794446091385;0.0;0.0;0.0;0.0;0.0;0.0;3.796044701869786;0.0;3.0991737499916763;-6.895697827428783;0.0;0.0;0.0;0.0;0.0;142.89471245891804;419.9976507402065;23.947061398322784;416.6743088308671;-2.9145200734389342e-8
7291.0;0.0;-0.006186992221586813;0.0;6.230794446091385;0.0;0.0;0.0;0.0;0.0;0.0;3.796044701869786;0.0;3.0991737499916763;-6.895697827428783;0.0;0.0;0.0;0.0;0.0;142.89471245891804;419.9976507402065;23.947061398322784;416.6743088308671;-2.9145200734389342e-8
7292.0;0.0;-0.006186992221586813;0.0;6.230794446091385;0.0;0.0;0.0;0.0;0.0;0.0;3.796044701869786;0.0;3.0991737499916763;-6.895697827428783;0.0;0.0;0.0;0.0;0.0;142.89471245891804;419.9976507402065;23.947061398322784;416.6743088308671;-2.9145200734389342e-8
7293.0;0.0;-0.006186992221586813;0.0;6.230794446091385;0.0;0.0;0.0;0.0;0.0;0.0;3.796044701869786;0.0;3.0991737499916763;-6.895697827428783;0.0;0.0;0.0;0.0;0.0;142.89471245891804;419.9976507402065;23.947061398322784;416.6743088308671;-2.9145200734389342e-8
7294.0;0.0;-0.006186992221586813;0.0;6.230794446091385;0.0;0.0;0.0;0.0;0.0;0.0;3.796044701869786;0.0;3.0991737499916763;-6.895697827428783;0.0;0.0;0.0;0.0;0.0;142.89471245891804;419.9976507402065;23.947061398322784;416.6743088308671;-2.9145200734389342e-8
7295.0;0.0;-0.006186992221586813;0.0;6.230794446091385;0.0;0.0;0.0;0.0;0.0;0.0;3.796044701869786;0.0;3.0991737499916763;-6.895697827428783;0.0;0.0;0.0;0.0;0.0;142.89471245891804;419.9976507402065;23.947061398322784;416.6743088308671;-2.9145200734389342e-8
7296.0;0.0;-0.006186992221586813;0.0;6.230794446091385;0.0;0.0;0.0;0.0;0.0;0.0;3.796044701869786;0.0;3.0991737499916763;-6.895697827428783;0.0;0.0;0.0;0.0;0.0;142.89471245891804;419.9976507402065;23.947061398322784;416.6743088308671;-2.9145200734389342e-8
7297.0;0.0;0.0006706487041668415;0.0;6.893370187998279;0.0;0.0;0.0;0.0;0.0;0.002693307885072385;2.109209940965724;5.719859375996591e-11;4.736530387525846;-6.848794559107163;0.0;0.0;0.0;0.0;0.0;139.82993486530498;420.466497961679;32.71199891745384;418.8207394844289;-2.122152904009575e-8
7298.0;0.0;0.0006706487041668415;0.0;6.893370187998279;0.0;0.0;0.0;0.0;0.0;0.002693307885072385;2.109209940965724;5.719859375996591e-11;4.736530387525846;-6.848794559107163;0.0;0.0;0.0;0.0;0.0;139.82993486530498;420.466497961679;32.71199891745384;418.8207394844289;-2.122152904009575e-8
7299.0;0.0;0.0006706487041668415;0.0;6.893370187998279;0.0;0.0;0.0;0.0;0.0;0.002693307885072385;2.109209940965724;5.719859375996591e-11;4.736530387525846;-6.848794559107163;0.0;0.0;0.0;0.0;0.0;139.82993486530498;420.466497961679;32.71199891745384;418.8207394844289;-2.122152904009575e-8
7300.0;0.0;0.0006706487041668415;0.0;6.893370187998279;0.0;0.0;0.0;0.0;0.0;0.002693307885072385;2.109209940965724;5.719859375996591e-11;4.736530387525846;-6.848794559107163;0.0;0.0;0.0;0.0;0.0;139.82993486530498;420.466497961679;32.71199891745384;418.8207394844289;-2.122152904009575e-8
7301.0;0.0;0.0006706487041668415;0.0;6.893370187998279;0.0;0.0;0.0;0.0;0.0;0.002693307885072385;2.109209940965724;5.719859375996591e-11;4.736530387525846;-6.848794559107163;0.0;0.0;0.0;0.0;0.0;139.82993486530498;420.466497961679;32.71199891745384;418.8207394844289;-2.122152904009575e-8
7302.0;0.0;0.0006706487041668415;0.0;6.893370187998279;0.0;0.0;0.0;0.0;0.0;0.002693307885072385;2.109209940965724;5.719859375996591e-11;4.736530387525846;-6.848794559107163;0.0;0.0;0.0;0.0;0.0;139.82993486530498;420.466497961679;32.71199891745384;418.8207394844289;-2.122152904009575e-8
7303.0;0.0;0.0006706487041668415;0.0;6.893370187998279;0.0;0.0;0.0;0.0;0.0;0.002693307885072385;2.109209940965724;5.719859375996591e-11;4.736530387525846;-6.848794559107163;0.0;0.0;0.0;0.0;0.0;139.82993486530498;420.466497961679;32.71199891745384;418.8207394844289;-2.122152904009575e-8
7304.0;0.0;0.0006706487041668415;0.0;6.893370187998279;0.0;0.0;0.0;0.0;0.0;0.002693307885072385;2.109209940965724;5.719859375996591e-11;4.736530387525846;-6.848794559107163;0.0;0.0;0.0;0.0;0.0;139.82993486530498;420.466497961679;32.71199891745384;418.8207394844289;-2.122152904009575e-8
7305.0;0.0;0.0006706487041668415;0.0;6.893370187998279;0.0;0.0;0.0;0.0;0.0;0.002693307885072385;2.109209940965724;5.719859375996591e-11;4.736530387525846;-6.848794559107163;0.0;0.0;0.0;0.0;0.0;139.82993486530498;420.466497961679;32.71199891745384;418.8207394844289;-2.122152904009575e-8
7306.0;0.0;0.0006706487041668415;0.0;6.893370187998279;0.0;0.0;0.0;0.0;0.0;0.002693307885072385;2.109209940965724;5.719859375996591e-11;4.736530387525846;-6.848794559107163;0.0;0.0;0.0;0.0;0.0;139.82993486530498;420.466497961679;32.71199891745384;418.8207394844289;-2.122152904009575e-8
7307.0;0.0;0.0006706487041668415;0.0;6.893370187998279;0.0;0.0;0.0;0.0;0.0;0.002693307885072385;2.109209940965724;5.719859375996591e-11;4.736530387525846;-6.848794559107163;0.0;0.0;0.0;0.0;0.0;139.82993486530498;420.466497961679;32.71199891745384;418.8207394844289;-2.122152904009575e-8
7308.0;0.0;0.0006706487041668415;0.0;6.893370187998279;0.0;0.0;0.0;0.0;0.0;0.002693307885072385;2.109209940965724;5.719859375996591e-11;4.736530387525846;-6.848794559107163;0.0;0.0;0.0;0.0;0.0;139.82993486530498;420.466497961679;32.71199891745384;418.8207394844289;-2.122152904009575e-8
7309.0;0.0;0.0006706487041668415;0.0;6.893370187998279;0.0;0.0;0.0;0.0;0.0;0.002693307885072385;2.109209940965724;5.719859375996591e-11;4.736530387525846;-6.848794559107163;0.0;0.0;0.0;0.0;0.0;139.82993486530498;420.466497961679;32.71199891745384;418.8207394844289;-2.122152904009575e-8
7310.0;0.0;0.0006706487041668415;0.0;6.893370187998279;0.0;0.0;0.0;0.0;0.0;0.002693307885072385;2.109209940965724;5.719859375996591e-11;4.736530387525846;-6.848794559107163;0.0;0.0;0.0;0.0;0.0;139.82993486530498;420.466497961679;32.71199891745384;418.8207394844289;-2.122152904009575e-8
7311.0;0.0;0.0006706487041668415;0.0;6.893370187998279;0.0;0.0;0.0;0.0;0.0;0.002693307885072385;2.109209940965724;5.719859375996591e-11;4.736530387525846;-6.848794559107163;0.0;0.0;0.0;0.0;0.0;139.82993486530498;420.466497961679;32.71199891745384;418.8207394844289;-2.122152904009575e-8
7312.0;0.0;0.0006706487041668415;0.0;6.893370187998279;0.0;0.0;0.0;0.0;0.0;0.002693307885072385;2.109209940965724;5.719859375996591e-11;4.736530387525846;-6.848794559107163;0.0;0.0;0.0;0.0;0.0;139.82993486530498;420.466497961679;32.71199891745384;418.8207394844289;-2.122152904009575e-8
7313.0;0.0;0.0006706487041668415;0.0;6.893370187998279;0.0;0.0;0.0;0.0;0.0;0.002693307885072385;2.109209940965724;5.719859375996591e-11;4.736530387525846;-6.848794559107163;0.0;0.0;0.0;0.0;0.0;139.82993486530498;420.466497961679;32.71199891745384;418.8207394844289;-2.122152904009575e-8
7314.0;0.0;0.0006706487041668415;0.0;6.893370187998279;0.0;0.0;0.0;0.0;0.0;0.002693307885072385;2.109209940965724;5.719859375996591e-11;4.736530387525846;-6.848794559107163;0.0;0.0;0.0;0.0;0.0;139.82993486530498;420.466497961679;32.71199891745384;418.8207394844289;-2.122152904009575e-8
7315.0;0.0;0.0006706487041668415;0.0;6.893370187998279;0.0;0.0;0.0;0.0;0.0;0.002693307885072385;2.109209940965724;5.719859375996591e-11;4.736530387525846;-6.848794559107163;0.0;0.0;0.0;0.0;0.0;139.82993486530498;420.466497961679;32.71199891745384;418.8207394844289;-2.122152904009575e-8
7316.0;0.0;0.0006706487041668415;0.0;6.893370187998279;0.0;0.0;0.0;0.0;0.0;0.002693307885072385;2.109209940965724;5.719859375996591e-11;4.736530387525846;-6.848794559107163;0.0;0.0;0.0;0.0;0.0;139.82993486530498;420.466497961679;32.71199891745384;418.8207394844289;-2.122152904009575e-8
7317.0;0.0;0.0006706487041668415;0.0;6.893370187998279;0.0;0.0;0.0;0.0;0.0;0.002693307885072385;2.109209940965724;5.719859375996591e-11;4.736530387525846;-6.848794559107163;0.0;0.0;0.0;0.0;0.0;139.82993486530498;420.466497961679;32.71199891745384;418.8207394844289;-2.122152904009575e-8
7318.0;0.0;0.0006706487041668415;0.0;6.893370187998279;0.0;0.0;0.0;0.0;0.0;0.002693307885072385;2.109209940965724;5.719859375996591e-11;4.736530387525846;-6.848794559107163;0.0;0.0;0.0;0.0;0.0;139.82993486530498;420.466497961679;32.71199891745384;418.8207394844289;-2.122152904009575e-8
7319.0;0.0;0.0006706487041668415;0.0;6.893370187998279;0.0;0.0;0.0;0.0;0.0;0.002693307885072385;2.109209940965724;5.719859375996591e-11;4.736530387525846;-6.848794559107163;0.0;0.0;0.0;0.0;0.0;139.82993486530498;420.466497961679;32.71199891745384;418.8207394844289;-2.122152904009575e-8
7320.0;0.0;0.0006706487041668415;0.0;6.893370187998279;0.0;0.0;0.0;0.0;0.0;0.002693307885072385;2.109209940965724;5.719859375996591e-11;4.736530387525846;-6.848794559107163;0.0;0.0;0.0;0.0;0.0;139.82993486530498;420.466497961679;32.71199891745384;418.8207394844289;-2.122152904009575e-8
7321.0;0.0;-0.00868534336646239;0.0;6.893370187998279;0.0;0.0;0.0;0.0;0.0;0.0;2.1309532527735486;0.0;4.817789126966564;-6.948089211181135;0.0;0.0;0.0;0.0;0.0;139.82993486530498;420.466497961679;32.71199891745384;418.8207394844289;-2.122152904009575e-8
7322.0;0.0;-0.00868534336646239;0.0;6.893370187998279;0.0;0.0;0.0;0.0;0.0;0.0;2.1309532527735486;0.0;4.817789126966564;-6.948089211181135;0.0;0.0;0.0;0.0;0.0;139.82993486530498;420.466497961679;32.71199891745384;418.8207394844289;-2.122152904009575e-8
7323.0;0.0;-0.00868534336646239;0.0;6.893370187998279;0.0;0.0;0.0;0.0;0.0;0.0;2.1309532527735486;0.0;4.817789126966564;-6.948089211181135;0.0;0.0;0.0;0.0;0.0;139.82993486530498;420.466497961679;32.71199891745384;418.8207394844289;-2.122152904009575e-8
7324.0;0.0;-0.00868534336646239;0.0;6.893370187998279;0.0;0.0;0.0;0.0;0.0;0.0;2.1309532527735486;0.0;4.817789126966564;-6.948089211181135;0.0;0.0;0.0;0.0;0.0;139.82993486530498;420.466497961679;32.71199891745384;418.8207394844289;-2.122152904009575e-8
7325.0;0.0;-0.00868534336646239;0.0;6.893370187998279;0.0;0.0;0.0;0.0;0.0;0.0;2.1309532527735486;0.0;4.817789126966564;-6.948089211181135;0.0;0.0;0.0;0.0;0.0;139.82993486530498;420.466497961679;32.71199891745384;418.8207394844289;-2.122152904009575e-8
7326.0;0.0;-0.00868534336646239;0.0;6.893370187998279;0.0;0.0;0.0;0.0;0.0;0.0;2.1309532527735486;0.0;4.817789126966564;-6.948089211181135;0.0;0.0;0.0;0.0;0.0;139.82993486530498;420.466497961679;32.71199891745384;418.8207394844289;-2.122152904009575e-8
7327.0;0.0;-0.00868534336646239;0.0;6.893370187998279;0.0;0.0;0.0;0.0;0.0;0.0;2.1309532527735486;0.0;4.817789126966564;-6.948089211181135;0.0;0.0;0.0;0.0;0.0;139.82993486530498;420.466497961679;32.71199891745384;418.8207394844289;-2.122152904009575e-8
7328.0;0.0;-0.00868534336646239;0.0;6.893370187998279;0.0;0.0;0.0;0.0;0.0;0.0;2.1309532527735486;0.0;4.817789126966564;-6.948089211181135;0.0;0.0;0.0;0.0;0.0;139.82993486530498;420.466497961679;32.71199891745384;418.8207394844289;-2.122152904009575e-8
7329.0;0.0;-0.00868534336646239;0.0;6.893370187998279;0.0;0.0;0.0;0.0;0.0;0.0;2.1309532527735486;0.0;4.817789126966564;-6.948089211181135;0.0;0.0;0.0;0.0;0.0;139.82993486530498;420.466497961679;32.71199891745384;418.8207394844289;-2.122152904009575e-8
7330.0;0.0;-0.00868534336646239;0.0;6.893370187998279;0.0;0.0;0.0;0.0;0.0;0.0;2.1309532527735486;0.0;4.817789126966564;-6.948089211181135;0.0;0.0;0.0;0.0;0.0;139.82993486530498;420.466497961679;32.71199891745384;418.8207394844289;-2.122152904009575e-8
7331.0;0.0;-0.00868534336646239;0.0;6.893370187998279;0.0;0.0;0.0;0.0;0.0;0.0;2.1309532527735486;0.0;4.817789126966564;-6.948089211181135;0.0;0.0;0.0;0.0;0.0;139.82993486530498;420.466497961679;32.71199891745384;418.8207394844289;-2.122152904009575e-8
7332.0;0.0;-0.00868534336646239;0.0;6.893370187998279;0.0;0.0;0.0;0.0;0.0;0.0;2.1309532527735486;0.0;4.817789126966564;-6.948089211181135;0.0;0.0;0.0;0.0;0.0;139.82993486530498;420.466497961679;32.71199891745384;418.8207394844289;-2.122152904009575e-8
7333.0;0.0;-0.00868534336646239;0.0;6.893370187998279;0.0;0.0;0.0;0.0;0.0;0.0;2.1309532527735486;0.0;4.817789126966564;-6.948089211181135;0.0;0.0;0.0;0.0;0.0;139.82993486530498;420.466497961679;32.71199891745384;418.8207394844289;-2.122152904009575e-8
7334.0;0.0;-0.00868534336646239;0.0;6.893370187998279;0.0;0.0;0.0;0.0;0.0;0.0;2.1309532527735486;0.0;4.817789126966564;-6.948089211181135;0.0;0.0;0.0;0.0;0.0;139.82993486530498;420.466497961679;32.71199891745384;418.8207394844289;-2.122152904009575e-8
7335.0;0.0;-0.00868534336646239;0.0;6.893370187998279;0.0;0.0;0.0;0.0;0.0;0.0;2.1309532527735486;0.0;4.817789126966564;-6.948089211181135;0.0;0.0;0.0;0.0;0.0;139.82993486530498;420.466497961679;32.71199891745384;418.8207394844289;-2.122152904009575e-8
7336.0;0.0;-0.00868534336646239;0.0;6.893370187998279;0.0;0.0;0.0;0.0;0.0;0.0;2.1309532527735486;0.0;4.817789126966564;-6.948089211181135;0.0;0.0;0.0;0.0;0.0;139.82993486530498;420.466497961679;32.71199891745384;418.8207394844289;-2.122152904009575e-8
7337.0;0.0;-0.00868534336646239;0.0;6.893370187998279;0.0;0.0;0.0;0.0;0.0;0.0;2.1309532527735486;0.0;4.817789126966564;-6.948089211181135;0.0;0.0;0.0;0.0;0.0;139.82993486530498;420.466497961679;32.71199891745384;418.8207394844289;-2.122152904009575e-8
7338.0;0.0;-0.00868534336646239;0.0;6.893370187998279;0.0;0.0;0.0;0.0;0.0;0.0;2.1309532527735486;0.0;4.817789126966564;-6.948089211181135;0.0;0.0;0.0;0.0;0.0;139.82993486530498;420.466497961679;32.71199891745384;418.8207394844289;-2.122152904009575e-8
7339.0;0.0;-0.00868534336646239;0.0;6.893370187998279;0.0;0.0;0.0;0.0;0.0;0.0;2.1309532527735486;0.0;4.817789126966564;-6.948089211181135;0.0;0.0;0.0;0.0;0.0;139.82993486530498;420.466497961679;32.71199891745384;418.8207394844289;-2.122152904009575e-8
7340.0;0.0;-0.00868534336646239;0.0;6.893370187998279;0.0;0.0;0.0;0.0;0.0;0.0;2.1309532527735486;0.0;4.817789126966564;-6.948089211181135;0.0;0.0;0.0;0.0;0.0;139.82993486530498;420.466497961679;32.71199891745384;418.8207394844289;-2.122152904009575e-8
7341.0;0.0;-0.00868534336646239;0.0;6.893370187998279;0.0;0.0;0.0;0.0;0.0;0.0;2.1309532527735486;0.0;4.817789126966564;-6.948089211181135;0.0;0.0;0.0;0.0;0.0;139.82993486530498;420.466497961679;32.71199891745384;418.8207394844289;-2.122152904009575e-8
7342.0;0.0;-0.00868534336646239;0.0;6.893370187998279;0.0;0.0;0.0;0.0;0.0;0.0;2.1309532527735486;0.0;4.817789126966564;-6.948089211181135;0.0;0.0;0.0;0.0;0.0;139.82993486530498;420.466497961679;32.71199891745384;418.8207394844289;-2.122152904009575e-8
7343.0;0.0;-0.00868534336646239;0.0;6.893370187998279;0.0;0.0;0.0;0.0;0.0;0.0;2.1309532527735486;0.0;4.817789126966564;-6.948089211181135;0.0;0.0;0.0;0.0;0.0;139.82993486530498;420.466497961679;32.71199891745384;418.8207394844289;-2.122152904009575e-8
7344.0;0.0;-0.00868534336646239;0.0;6.893370187998279;0.0;0.0;0.0;0.0;0.0;0.0;2.1309532527735486;0.0;4.817789126966564;-6.948089211181135;0.0;0.0;0.0;0.0;0.0;139.82993486530498;420.466497961679;32.71199891745384;418.8207394844289;-2.122152904009575e-8
7345.0;0.0;-0.0054433672596709125;0.0;6.893370187998279;0.0;0.0;0.0;0.0;0.0;0.0;4.352702955808741;0.0;2.585151546386004;-6.937954717334529;0.0;0.0;0.0;0.0;0.0;139.82993486530498;420.466497961679;32.71199891745384;418.8207394844289;-2.122152904009575e-8
7346.0;0.0;-0.0054433672596709125;0.0;6.893370187998279;0.0;0.0;0.0;0.0;0.0;0.0;4.352702955808741;0.0;2.585151546386004;-6.937954717334529;0.0;0.0;0.0;0.0;0.0;139.82993486530498;420.466497961679;32.71199891745384;418.8207394844289;-2.122152904009575e-8
7347.0;0.0;-0.0054433672596709125;0.0;6.893370187998279;0.0;0.0;0.0;0.0;0.0;0.0;4.352702955808741;0.0;2.585151546386004;-6.937954717334529;0.0;0.0;0.0;0.0;0.0;139.82993486530498;420.466497961679;32.71199891745384;418.8207394844289;-2.122152904009575e-8
7348.0;0.0;-0.0054433672596709125;0.0;6.893370187998279;0.0;0.0;0.0;0.0;0.0;0.0;4.352702955808741;0.0;2.585151546386004;-6.937954717334529;0.0;0.0;0.0;0.0;0.0;139.82993486530498;420.466497961679;32.71199891745384;418.8207394844289;-2.122152904009575e-8
7349.0;0.0;-0.0054433672596709125;0.0;6.893370187998279;0.0;0.0;0.0;0.0;0.0;0.0;4.352702955808741;0.0;2.585151546386004;-6.937954717334529;0.0;0.0;0.0;0.0;0.0;139.82993486530498;420.466497961679;32.71199891745384;418.8207394844289;-2.122152904009575e-8
7350.0;0.0;-0.0054433672596709125;0.0;6.893370187998279;0.0;0.0;0.0;0.0;0.0;0.0;4.352702955808741;0.0;2.585151546386004;-6.937954717334529;0.0;0.0;0.0;0.0;0.0;139.82993486530498;420.466497961679;32.71199891745384;418.8207394844289;-2.122152904009575e-8
7351.0;0.0;-0.0054433672596709125;0.0;6.893370187998279;0.0;0.0;0.0;0.0;0.0;0.0;4.352702955808741;0.0;2.585151546386004;-6.937954717334529;0.0;0.0;0.0;0.0;0.0;139.82993486530498;420.466497961679;32.71199891745384;418.8207394844289;-2.122152904009575e-8
7352.0;0.0;-0.0054433672596709125;0.0;6.893370187998279;0.0;0.0;0.0;0.0;0.0;0.0;4.352702955808741;0.0;2.585151546386004;-6.937954717334529;0.0;0.0;0.0;0.0;0.0;139.82993486530498;420.466497961679;32.71199891745384;418.8207394844289;-2.122152904009575e-8
7353.0;0.0;-0.0054433672596709125;0.0;6.893370187998279;0.0;0.0;0.0;0.0;0.0;0.0;4.352702955808741;0.0;2.585151546386004;-6.937954717334529;0.0;0.0;0.0;0.0;0.0;139.82993486530498;420.466497961679;32.71199891745384;418.8207394844289;-2.122152904009575e-8
7354.0;0.0;-0.0054433672596709125;0.0;6.893370187998279;0.0;0.0;0.0;0.0;0.0;0.0;4.352702955808741;0.0;2.585151546386004;-6.937954717334529;0.0;0.0;0.0;0.0;0.0;139.82993486530498;420.466497961679;32.71199891745384;418.8207394844289;-2.122152904009575e-8
7355.0;0.0;-0.0054433672596709125;0.0;6.893370187998279;0.0;0.0;0.0;0.0;0.0;0.0;4.352702955808741;0.0;2.585151546386004;-6.937954717334529;0.0;0.0;0.0;0.0;0.0;139.82993486530498;420.466497961679;32.71199891745384;418.8207394844289;-2.122152904009575e-8
7356.0;0.0;-0.0054433672596709125;0.0;6.893370187998279;0.0;0.0;0.0;0.0;0.0;0.0;4.352702955808741;0.0;2.585151546386004;-6.937954717334529;0.0;0.0;0.0;0.0;0.0;139.82993486530498;420.466497961679;32.71199891745384;418.8207394844289;-2.122152904009575e-8
7357.0;0.0;-0.0054433672596709125;0.0;6.893370187998279;0.0;0.0;0.0;0.0;0.0;0.0;4.352702955808741;0.0;2.585151546386004;-6.937954717334529;0.0;0.0;0.0;0.0;0.0;139.82993486530498;420.466497961679;32.71199891745384;418.8207394844289;-2.122152904009575e-8
7358.0;0.0;-0.0054433672596709125;0.0;6.893370187998279;0.0;0.0;0.0;0.0;0.0;0.0;4.352702955808741;0.0;2.585151546386004;-6.937954717334529;0.0;0.0;0.0;0.0;0.0;139.82993486530498;420.466497961679;32.71199891745384;418.8207394844289;-2.122152904009575e-8
7359.0;0.0;-0.0054433672596709125;0.0;6.893370187998279;0.0;0.0;0.0;0.0;0.0;0.0;4.352702955808741;0.0;2.585151546386004;-6.937954717334529;0.0;0.0;0.0;0.0;0.0;139.82993486530498;420.466497961679;32.71199891745384;418.8207394844289;-2.122152904009575e-8
7360.0;0.0;-0.0054433672596709125;0.0;6.893370187998279;0.0;0.0;0.0;0.0;0.0;0.0;4.352702955808741;0.0;2.585151546386004;-6.937954717334529;0.0;0.0;0.0;0.0;0.0;139.82993486530498;420.466497961679;32.71199891745384;418.8207394844289;-2.122152904009575e-8
7361.0;0.0;-0.0054433672596709125;0.0;6.893370187998279;0.0;0.0;0.0;0.0;0.0;0.0;4.352702955808741;0.0;2.585151546386004;-6.937954717334529;0.0;0.0;0.0;0.0;0.0;139.82993486530498;420.466497961679;32.71199891745384;418.8207394844289;-2.122152904009575e-8
7362.0;0.0;-0.0054433672596709125;0.0;6.893370187998279;0.0;0.0;0.0;0.0;0.0;0.0;4.352702955808741;0.0;2.585151546386004;-6.937954717334529;0.0;0.0;0.0;0.0;0.0;139.82993486530498;420.466497961679;32.71199891745384;418.8207394844289;-2.122152904009575e-8
7363.0;0.0;-0.0054433672596709125;0.0;6.893370187998279;0.0;0.0;0.0;0.0;0.0;0.0;4.352702955808741;0.0;2.585151546386004;-6.937954717334529;0.0;0.0;0.0;0.0;0.0;139.82993486530498;420.466497961679;32.71199891745384;418.8207394844289;-2.122152904009575e-8
7364.0;0.0;-0.0054433672596709125;0.0;6.893370187998279;0.0;0.0;0.0;0.0;0.0;0.0;4.352702955808741;0.0;2.585151546386004;-6.937954717334529;0.0;0.0;0.0;0.0;0.0;139.82993486530498;420.466497961679;32.71199891745384;418.8207394844289;-2.122152904009575e-8
7365.0;0.0;-0.0054433672596709125;0.0;6.893370187998279;0.0;0.0;0.0;0.0;0.0;0.0;4.352702955808741;0.0;2.585151546386004;-6.937954717334529;0.0;0.0;0.0;0.0;0.0;139.82993486530498;420.466497961679;32.71199891745384;418.8207394844289;-2.122152904009575e-8
7366.0;0.0;-0.0054433672596709125;0.0;6.893370187998279;0.0;0.0;0.0;0.0;0.0;0.0;4.352702955808741;0.0;2.585151546386004;-6.937954717334529;0.0;0.0;0.0;0.0;0.0;139.82993486530498;420.466497961679;32.71199891745384;418.8207394844289;-2.122152904009575e-8
7367.0;0.0;-0.0054433672596709125;0.0;6.893370187998279;0.0;0.0;0.0;0.0;0.0;0.0;4.352702955808741;0.0;2.585151546386004;-6.937954717334529;0.0;0.0;0.0;0.0;0.0;139.82993486530498;420.466497961679;32.71199891745384;418.8207394844289;-2.122152904009575e-8
7368.0;0.0;-0.0054433672596709125;0.0;6.893370187998279;0.0;0.0;0.0;0.0;0.0;0.0;4.352702955808741;0.0;2.585151546386004;-6.937954717334529;0.0;0.0;0.0;0.0;0.0;139.82993486530498;420.466497961679;32.71199891745384;418.8207394844289;-2.122152904009575e-8
7369.0;0.0;-0.0043735927501775;0.0;6.893370187998279;0.0;0.0;0.0;0.0;0.0;0.0;4.428296170362256;0.0;2.6607447632188257;-7.088929519994563;0.0;0.0;0.0;0.0;0.0;139.82993486530498;420.466497961679;32.71199891745384;418.8207394844289;-2.122152904009575e-8
7370.0;0.0;-0.0043735927501775;0.0;6.893370187998279;0.0;0.0;0.0;0.0;0.0;0.0;4.428296170362256;0.0;2.6607447632188257;-7.088929519994563;0.0;0.0;0.0;0.0;0.0;139.82993486530498;420.466497961679;32.71199891745384;418.8207394844289;-2.122152904009575e-8
7371.0;0.0;-0.0043735927501775;0.0;6.893370187998279;0.0;0.0;0.0;0.0;0.0;0.0;4.428296170362256;0.0;2.6607447632188257;-7.088929519994563;0.0;0.0;0.0;0.0;0.0;139.82993486530498;420.466497961679;32.71199891745384;418.8207394844289;-2.122152904009575e-8
7372.0;0.0;-0.0043735927501775;0.0;6.893370187998279;0.0;0.0;0.0;0.0;0.0;0.0;4.428296170362256;0.0;2.6607447632188257;-7.088929519994563;0.0;0.0;0.0;0.0;0.0;139.82993486530498;420.466497961679;32.71199891745384;418.8207394844289;-2.122152904009575e-8
7373.0;0.0;-0.0043735927501775;0.0;6.893370187998279;0.0;0.0;0.0;0.0;0.0;0.0;4.428296170362256;0.0;2.6607447632188257;-7.088929519994563;0.0;0.0;0.0;0.0;0.0;139.82993486530498;420.466497961679;32.71199891745384;418.8207394844289;-2.122152904009575e-8
7374.0;0.0;-0.0043735927501775;0.0;6.893370187998279;0.0;0.0;0.0;0.0;0.0;0.0;4.428296170362256;0.0;2.6607447632188257;-7.088929519994563;0.0;0.0;0.0;0.0;0.0;139.82993486530498;420.466497961679;32.71199891745384;418.8207394844289;-2.122152904009575e-8
7375.0;0.0;-0.0043735927501775;0.0;6.893370187998279;0.0;0.0;0.0;0.0;0.0;0.0;4.428296170362256;0.0;2.6607447632188257;-7.088929519994563;0.0;0.0;0.0;0.0;0.0;139.82993486530498;420.466497961679;32.71199891745384;418.8207394844289;-2.122152904009575e-8
7376.0;0.0;-0.0043735927501775;0.0;6.893370187998279;0.0;0.0;0.0;0.0;0.0;0.0;4.428296170362256;0.0;2.6607447632188257;-7.088929519994563;0.0;0.0;0.0;0.0;0.0;139.82993486530498;420.466497961679;32.71199891745384;418.8207394844289;-2.122152904009575e-8
7377.0;0.0;-0.0043735927501775;0.0;6.893370187998279;0.0;0.0;0.0;0.0;0.0;0.0;4.428296170362256;0.0;2.6607447632188257;-7.088929519994563;0.0;0.0;0.0;0.0;0.0;139.82993486530498;420.466497961679;32.71199891745384;418.8207394844289;-2.122152904009575e-8
7378.0;0.0;-0.0043735927501775;0.0;6.893370187998279;0.0;0.0;0.0;0.0;0.0;0.0;4.428296170362256;0.0;2.6607447632188257;-7.088929519994563;0.0;0.0;0.0;0.0;0.0;139.82993486530498;420.466497961679;32.71199891745384;418.8207394844289;-2.122152904009575e-8
7379.0;0.0;-0.0043735927501775;0.0;6.893370187998279;0.0;0.0;0.0;0.0;0.0;0.0;4.428296170362256;0.0;2.6607447632188257;-7.088929519994563;0.0;0.0;0.0;0.0;0.0;139.82993486530498;420.466497961679;32.71199891745384;418.8207394844289;-2.122152904009575e-8
7380.0;0.0;-0.0043735927501775;0.0;6.893370187998279;0.0;0.0;0.0;0.0;0.0;0.0;4.428296170362256;0.0;2.6607447632188257;-7.088929519994563;0.0;0.0;0.0;0.0;0.0;139.82993486530498;420.466497961679;32.71199891745384;418.8207394844289;-2.122152904009575e-8
7381.0;0.0;-0.0043735927501775;0.0;6.893370187998279;0.0;0.0;0.0;0.0;0.0;0.0;4.428296170362256;0.0;2.6607447632188257;-7.088929519994563;0.0;0.0;0.0;0.0;0.0;139.82993486530498;420.466497961679;32.71199891745384;418.8207394844289;-2.122152904009575e-8
7382.0;0.0;-0.0043735927501775;0.0;6.893370187998279;0.0;0.0;0.0;0.0;0.0;0.0;4.428296170362256;0.0;2.6607447632188257;-7.088929519994563;0.0;0.0;0.0;0.0;0.0;139.82993486530498;420.466497961679;32.71199891745384;418.8207394844289;-2.122152904009575e-8
7383.0;0.0;-0.0043735927501775;0.0;6.893370187998279;0.0;0.0;0.0;0.0;0.0;0.0;4.428296170362256;0.0;2.6607447632188257;-7.088929519994563;0.0;0.0;0.0;0.0;0.0;139.82993486530498;420.466497961679;32.71199891745384;418.8207394844289;-2.122152904009575e-8
7384.0;0.0;-0.0043735927501775;0.0;6.893370187998279;0.0;0.0;0.0;0.0;0.0;0.0;4.428296170362256;0.0;2.6607447632188257;-7.088929519994563;0.0;0.0;0.0;0.0;0.0;139.82993486530498;420.466497961679;32.71199891745384;418.8207394844289;-2.122152904009575e-8
7385.0;0.0;-0.0043735927501775;0.0;6.893370187998279;0.0;0.0;0.0;0.0;0.0;0.0;4.428296170362256;0.0;2.6607447632188257;-7.088929519994563;0.0;0.0;0.0;0.0;0.0;139.82993486530498;420.466497961679;32.71199891745384;418.8207394844289;-2.122152904009575e-8
7386.0;0.0;-0.0043735927501775;0.0;6.893370187998279;0.0;0.0;0.0;0.0;0.0;0.0;4.428296170362256;0.0;2.6607447632188257;-7.088929519994563;0.0;0.0;0.0;0.0;0.0;139.82993486530498;420.466497961679;32.71199891745384;418.8207394844289;-2.122152904009575e-8
7387.0;0.0;-0.0043735927501775;0.0;6.893370187998279;0.0;0.0;0.0;0.0;0.0;0.0;4.428296170362256;0.0;2.6607447632188257;-7.088929519994563;0.0;0.0;0.0;0.0;0.0;139.82993486530498;420.466497961679;32.71199891745384;418.8207394844289;-2.122152904009575e-8
7388.0;0.0;-0.0043735927501775;0.0;6.893370187998279;0.0;0.0;0.0;0.0;0.0;0.0;4.428296170362256;0.0;2.6607447632188257;-7.088929519994563;0.0;0.0;0.0;0.0;0.0;139.82993486530498;420.466497961679;32.71199891745384;418.8207394844289;-2.122152904009575e-8
7389.0;0.0;-0.0043735927501775;0.0;6.893370187998279;0.0;0.0;0.0;0.0;0.0;0.0;4.428296170362256;0.0;2.6607447632188257;-7.088929519994563;0.0;0.0;0.0;0.0;0.0;139.82993486530498;420.466497961679;32.71199891745384;418.8207394844289;-2.122152904009575e-8
7390.0;0.0;-0.0043735927501775;0.0;6.893370187998279;0.0;0.0;0.0;0.0;0.0;0.0;4.428296170362256;0.0;2.6607447632188257;-7.088929519994563;0.0;0.0;0.0;0.0;0.0;139.82993486530498;420.466497961679;32.71199891745384;418.8207394844289;-2.122152904009575e-8
7391.0;0.0;-0.0043735927501775;0.0;6.893370187998279;0.0;0.0;0.0;0.0;0.0;0.0;4.428296170362256;0.0;2.6607447632188257;-7.088929519994563;0.0;0.0;0.0;0.0;0.0;139.82993486530498;420.466497961679;32.71199891745384;418.8207394844289;-2.122152904009575e-8
7392.0;0.0;-0.0043735927501775;0.0;6.893370187998279;0.0;0.0;0.0;0.0;0.0;0.0;4.428296170362256;0.0;2.6607447632188257;-7.088929519994563;0.0;0.0;0.0;0.0;0.0;139.82993486530498;420.466497961679;32.71199891745384;418.8207394844289;-2.122152904009575e-8
7393.0;0.0;-0.001546874906524764;0.0;6.893370187998279;0.0;0.0;0.0;0.0;0.0;0.0;4.419979070560912;0.0;2.6524276618321103;-7.072251938747717;0.0;0.0;0.0;0.0;0.0;139.82993486530498;420.466497961679;32.71199891745384;418.8207394844289;-2.122152904009575e-8
7394.0;0.0;-0.001546874906524764;0.0;6.893370187998279;0.0;0.0;0.0;0.0;0.0;0.0;4.419979070560912;0.0;2.6524276618321103;-7.072251938747717;0.0;0.0;0.0;0.0;0.0;139.82993486530498;420.466497961679;32.71199891745384;418.8207394844289;-2.122152904009575e-8
7395.0;0.0;-0.001546874906524764;0.0;6.893370187998279;0.0;0.0;0.0;0.0;0.0;0.0;4.419979070560912;0.0;2.6524276618321103;-7.072251938747717;0.0;0.0;0.0;0.0;0.0;139.82993486530498;420.466497961679;32.71199891745384;418.8207394844289;-2.122152904009575e-8
7396.0;0.0;-0.001546874906524764;0.0;6.893370187998279;0.0;0.0;0.0;0.0;0.0;0.0;4.419979070560912;0.0;2.6524276618321103;-7.072251938747717;0.0;0.0;0.0;0.0;0.0;139.82993486530498;420.466497961679;32.71199891745384;418.8207394844289;-2.122152904009575e-8
7397.0;0.0;-0.001546874906524764;0.0;6.893370187998279;0.0;0.0;0.0;0.0;0.0;0.0;4.419979070560912;0.0;2.6524276618321103;-7.072251938747717;0.0;0.0;0.0;0.0;0.0;139.82993486530498;420.466497961679;32.71199891745384;418.8207394844289;-2.122152904009575e-8
7398.0;0.0;-0.001546874906524764;0.0;6.893370187998279;0.0;0.0;0.0;0.0;0.0;0.0;4.419979070560912;0.0;2.6524276618321103;-7.072251938747717;0.0;0.0;0.0;0.0;0.0;139.82993486530498;420.466497961679;32.71199891745384;418.8207394844289;-2.122152904009575e-8
7399.0;0.0;-0.001546874906524764;0.0;6.893370187998279;0.0;0.0;0.0;0.0;0.0;0.0;4.419979070560912;0.0;2.6524276618321103;-7.072251938747717;0.0;0.0;0.0;0.0;0.0;139.82993486530498;420.466497961679;32.71199891745384;418.8207394844289;-2.122152904009575e-8
7400.0;0.0;-0.001546874906524764;0.0;6.893370187998279;0.0;0.0;0.0;0.0;0.0;0.0;4.419979070560912;0.0;2.6524276618321103;-7.072251938747717;0.0;0.0;0.0;0.0;0.0;139.82993486530498;420.466497961679;32.71199891745384;418.8207394844289;-2.122152904009575e-8
7401.0;0.0;-0.001546874906524764;0.0;6.893370187998279;0.0;0.0;0.0;0.0;0.0;0.0;4.419979070560912;0.0;2.6524276618321103;-7.072251938747717;0.0;0.0;0.0;0.0;0.0;139.82993486530498;420.466497961679;32.71199891745384;418.8207394844289;-2.122152904009575e-8
7402.0;0.0;-0.001546874906524764;0.0;6.893370187998279;0.0;0.0;0.0;0.0;0.0;0.0;4.419979070560912;0.0;2.6524276618321103;-7.072251938747717;0.0;0.0;0.0;0.0;0.0;139.82993486530498;420.466497961679;32.71199891745384;418.8207394844289;-2.122152904009575e-8
7403.0;0.0;-0.001546874906524764;0.0;6.893370187998279;0.0;0.0;0.0;0.0;0.0;0.0;4.419979070560912;0.0;2.6524276618321103;-7.072251938747717;0.0;0.0;0.0;0.0;0.0;139.82993486530498;420.466497961679;32.71199891745384;418.8207394844289;-2.122152904009575e-8
7404.0;0.0;-0.001546874906524764;0.0;6.893370187998279;0.0;0.0;0.0;0.0;0.0;0.0;4.419979070560912;0.0;2.6524276618321103;-7.072251938747717;0.0;0.0;0.0;0.0;0.0;139.82993486530498;420.466497961679;32.71199891745384;418.8207394844289;-2.122152904009575e-8
7405.0;0.0;-0.001546874906524764;0.0;6.893370187998279;0.0;0.0;0.0;0.0;0.0;0.0;4.419979070560912;0.0;2.6524276618321103;-7.072251938747717;0.0;0.0;0.0;0.0;0.0;139.82993486530498;420.466497961679;32.71199891745384;418.8207394844289;-2.122152904009575e-8
7406.0;0.0;-0.001546874906524764;0.0;6.893370187998279;0.0;0.0;0.0;0.0;0.0;0.0;4.419979070560912;0.0;2.6524276618321103;-7.072251938747717;0.0;0.0;0.0;0.0;0.0;139.82993486530498;420.466497961679;32.71199891745384;418.8207394844289;-2.122152904009575e-8
7407.0;0.0;-0.001546874906524764;0.0;6.893370187998279;0.0;0.0;0.0;0.0;0.0;0.0;4.419979070560912;0.0;2.6524276618321103;-7.072251938747717;0.0;0.0;0.0;0.0;0.0;139.82993486530498;420.466497961679;32.71199891745384;418.8207394844289;-2.122152904009575e-8
7408.0;0.0;-0.001546874906524764;0.0;6.893370187998279;0.0;0.0;0.0;0.0;0.0;0.0;4.419979070560912;0.0;2.6524276618321103;-7.072251938747717;0.0;0.0;0.0;0.0;0.0;139.82993486530498;420.466497961679;32.71199891745384;418.8207394844289;-2.122152904009575e-8
7409.0;0.0;-0.001546874906524764;0.0;6.893370187998279;0.0;0.0;0.0;0.0;0.0;0.0;4.419979070560912;0.0;2.6524276618321103;-7.072251938747717;0.0;0.0;0.0;0.0;0.0;139.82993486530498;420.466497961679;32.71199891745384;418.8207394844289;-2.122152904009575e-8
7410.0;0.0;-0.001546874906524764;0.0;6.893370187998279;0.0;0.0;0.0;0.0;0.0;0.0;4.419979070560912;0.0;2.6524276618321103;-7.072251938747717;0.0;0.0;0.0;0.0;0.0;139.82993486530498;420.466497961679;32.71199891745384;418.8207394844289;-2.122152904009575e-8
7411.0;0.0;-0.001546874906524764;0.0;6.893370187998279;0.0;0.0;0.0;0.0;0.0;0.0;4.419979070560912;0.0;2.6524276618321103;-7.072251938747717;0.0;0.0;0.0;0.0;0.0;139.82993486530498;420.466497961679;32.71199891745384;418.8207394844289;-2.122152904009575e-8
7412.0;0.0;-0.001546874906524764;0.0;6.893370187998279;0.0;0.0;0.0;0.0;0.0;0.0;4.419979070560912;0.0;2.6524276618321103;-7.072251938747717;0.0;0.0;0.0;0.0;0.0;139.82993486530498;420.466497961679;32.71199891745384;418.8207394844289;-2.122152904009575e-8
7413.0;0.0;-0.001546874906524764;0.0;6.893370187998279;0.0;0.0;0.0;0.0;0.0;0.0;4.419979070560912;0.0;2.6524276618321103;-7.072251938747717;0.0;0.0;0.0;0.0;0.0;139.82993486530498;420.466497961679;32.71199891745384;418.8207394844289;-2.122152904009575e-8
7414.0;0.0;-0.001546874906524764;0.0;6.893370187998279;0.0;0.0;0.0;0.0;0.0;0.0;4.419979070560912;0.0;2.6524276618321103;-7.072251938747717;0.0;0.0;0.0;0.0;0.0;139.82993486530498;420.466497961679;32.71199891745384;418.8207394844289;-2.122152904009575e-8
7415.0;0.0;-0.001546874906524764;0.0;6.893370187998279;0.0;0.0;0.0;0.0;0.0;0.0;4.419979070560912;0.0;2.6524276618321103;-7.072251938747717;0.0;0.0;0.0;0.0;0.0;139.82993486530498;420.466497961679;32.71199891745384;418.8207394844289;-2.122152904009575e-8
7416.0;0.0;-0.001546874906524764;0.0;6.893370187998279;0.0;0.0;0.0;0.0;0.0;0.0;4.419979070560912;0.0;2.6524276618321103;-7.072251938747717;0.0;0.0;0.0;0.0;0.0;139.82993486530498;420.466497961679;32.71199891745384;418.8207394844289;-2.122152904009575e-8
7417.0;0.0;-0.0008255385619172964;0.0;6.893370187998279;0.0;0.0;0.0;0.0;0.0;0.009091545253459534;4.396278645303696;0.0;2.4285182048118896;-6.833333161486307;0.0;0.0;0.0;0.0;0.0;139.82993486530498;420.466497961679;32.71199891745384;418.8207394844289;-2.122152904009575e-8
7418.0;0.0;-0.0008255385619172964;0.0;6.893370187998279;0.0;0.0;0.0;0.0;0.0;0.009091545253459534;4.396278645303696;0.0;2.4285182048118896;-6.833333161486307;0.0;0.0;0.0;0.0;0.0;139.82993486530498;420.466497961679;32.71199891745384;418.8207394844289;-2.122152904009575e-8
7419.0;0.0;-0.0008255385619172964;0.0;6.893370187998279;0.0;0.0;0.0;0.0;0.0;0.009091545253459534;4.396278645303696;0.0;2.4285182048118896;-6.833333161486307;0.0;0.0;0.0;0.0;0.0;139.82993486530498;420.466497961679;32.71199891745384;418.8207394844289;-2.122152904009575e-8
7420.0;0.0;-0.0008255385619172964;0.0;6.893370187998279;0.0;0.0;0.0;0.0;0.0;0.009091545253459534;4.396278645303696;0.0;2.4285182048118896;-6.833333161486307;0.0;0.0;0.0;0.0;0.0;139.82993486530498;420.466497961679;32.71199891745384;418.8207394844289;-2.122152904009575e-8
7421.0;0.0;-0.0008255385619172964;0.0;6.893370187998279;0.0;0.0;0.0;0.0;0.0;0.009091545253459534;4.396278645303696;0.0;2.4285182048118896;-6.833333161486307;0.0;0.0;0.0;0.0;0.0;139.82993486530498;420.466497961679;32.71199891745384;418.8207394844289;-2.122152904009575e-8
7422.0;0.0;-0.0008255385619172964;0.0;6.893370187998279;0.0;0.0;0.0;0.0;0.0;0.009091545253459534;4.396278645303696;0.0;2.4285182048118896;-6.833333161486307;0.0;0.0;0.0;0.0;0.0;139.82993486530498;420.466497961679;32.71199891745384;418.8207394844289;-2.122152904009575e-8
7423.0;0.0;-0.0008255385619172964;0.0;6.893370187998279;0.0;0.0;0.0;0.0;0.0;0.009091545253459534;4.396278645303696;0.0;2.4285182048118896;-6.833333161486307;0.0;0.0;0.0;0.0;0.0;139.82993486530498;420.466497961679;32.71199891745384;418.8207394844289;-2.122152904009575e-8
7424.0;0.0;-0.0008255385619172964;0.0;6.893370187998279;0.0;0.0;0.0;0.0;0.0;0.009091545253459534;4.396278645303696;0.0;2.4285182048118896;-6.833333161486307;0.0;0.0;0.0;0.0;0.0;139.82993486530498;420.466497961679;32.71199891745384;418.8207394844289;-2.122152904009575e-8
7425.0;0.0;-0.0008255385619172964;0.0;6.893370187998279;0.0;0.0;0.0;0.0;0.0;0.009091545253459534;4.396278645303696;0.0;2.4285182048118896;-6.833333161486307;0.0;0.0;0.0;0.0;0.0;139.82993486530498;420.466497961679;32.71199891745384;418.8207394844289;-2.122152904009575e-8
7426.0;0.0;-0.0008255385619172964;0.0;6.893370187998279;0.0;0.0;0.0;0.0;0.0;0.009091545253459534;4.396278645303696;0.0;2.4285182048118896;-6.833333161486307;0.0;0.0;0.0;0.0;0.0;139.82993486530498;420.466497961679;32.71199891745384;418.8207394844289;-2.122152904009575e-8
7427.0;0.0;-0.0008255385619172964;0.0;6.893370187998279;0.0;0.0;0.0;0.0;0.0;0.009091545253459534;4.396278645303696;0.0;2.4285182048118896;-6.833333161486307;0.0;0.0;0.0;0.0;0.0;139.82993486530498;420.466497961679;32.71199891745384;418.8207394844289;-2.122152904009575e-8
7428.0;0.0;-0.0008255385619172964;0.0;6.893370187998279;0.0;0.0;0.0;0.0;0.0;0.009091545253459534;4.396278645303696;0.0;2.4285182048118896;-6.833333161486307;0.0;0.0;0.0;0.0;0.0;139.82993486530498;420.466497961679;32.71199891745384;418.8207394844289;-2.122152904009575e-8
7429.0;0.0;-0.0008255385619172964;0.0;6.893370187998279;0.0;0.0;0.0;0.0;0.0;0.009091545253459534;4.396278645303696;0.0;2.4285182048118896;-6.833333161486307;0.0;0.0;0.0;0.0;0.0;139.82993486530498;420.466497961679;32.71199891745384;418.8207394844289;-2.122152904009575e-8
7430.0;0.0;-0.0008255385619172964;0.0;6.893370187998279;0.0;0.0;0.0;0.0;0.0;0.009091545253459534;4.396278645303696;0.0;2.4285182048118896;-6.833333161486307;0.0;0.0;0.0;0.0;0.0;139.82993486530498;420.466497961679;32.71199891745384;418.8207394844289;-2.122152904009575e-8
7431.0;0.0;-0.0008255385619172964;0.0;6.893370187998279;0.0;0.0;0.0;0.0;0.0;0.009091545253459534;4.396278645303696;0.0;2.4285182048118896;-6.833333161486307;0.0;0.0;0.0;0.0;0.0;139.82993486530498;420.466497961679;32.71199891745384;418.8207394844289;-2.122152904009575e-8
7432.0;0.0;-0.0008255385619172964;0.0;6.893370187998279;0.0;0.0;0.0;0.0;0.0;0.009091545253459534;4.396278645303696;0.0;2.4285182048118896;-6.833333161486307;0.0;0.0;0.0;0.0;0.0;139.82993486530498;420.466497961679;32.71199891745384;418.8207394844289;-2.122152904009575e-8
7433.0;0.0;-0.0008255385619172964;0.0;6.893370187998279;0.0;0.0;0.0;0.0;0.0;0.009091545253459534;4.396278645303696;0.0;2.4285182048118896;-6.833333161486307;0.0;0.0;0.0;0.0;0.0;139.82993486530498;420.466497961679;32.71199891745384;418.8207394844289;-2.122152904009575e-8
7434.0;0.0;-0.0008255385619172964;0.0;6.893370187998279;0.0;0.0;0.0;0.0;0.0;0.009091545253459534;4.396278645303696;0.0;2.4285182048118896;-6.833333161486307;0.0;0.0;0.0;0.0;0.0;139.82993486530498;420.466497961679;32.71199891745384;418.8207394844289;-2.122152904009575e-8
7435.0;0.0;-0.0008255385619172964;0.0;6.893370187998279;0.0;0.0;0.0;0.0;0.0;0.009091545253459534;4.396278645303696;0.0;2.4285182048118896;-6.833333161486307;0.0;0.0;0.0;0.0;0.0;139.82993486530498;420.466497961679;32.71199891745384;418.8207394844289;-2.122152904009575e-8
7436.0;0.0;-0.0008255385619172964;0.0;6.893370187998279;0.0;0.0;0.0;0.0;0.0;0.009091545253459534;4.396278645303696;0.0;2.4285182048118896;-6.833333161486307;0.0;0.0;0.0;0.0;0.0;139.82993486530498;420.466497961679;32.71199891745384;418.8207394844289;-2.122152904009575e-8
7437.0;0.0;-0.0008255385619172964;0.0;6.893370187998279;0.0;0.0;0.0;0.0;0.0;0.009091545253459534;4.396278645303696;0.0;2.4285182048118896;-6.833333161486307;0.0;0.0;0.0;0.0;0.0;139.82993486530498;420.466497961679;32.71199891745384;418.8207394844289;-2.122152904009575e-8
7438.0;0.0;-0.0008255385619172964;0.0;6.893370187998279;0.0;0.0;0.0;0.0;0.0;0.009091545253459534;4.396278645303696;0.0;2.4285182048118896;-6.833333161486307;0.0;0.0;0.0;0.0;0.0;139.82993486530498;420.466497961679;32.71199891745384;418.8207394844289;-2.122152904009575e-8
7439.0;0.0;-0.0008255385619172964;0.0;6.893370187998279;0.0;0.0;0.0;0.0;0.0;0.009091545253459534;4.396278645303696;0.0;2.4285182048118896;-6.833333161486307;0.0;0.0;0.0;0.0;0.0;139.82993486530498;420.466497961679;32.71199891745384;418.8207394844289;-2.122152904009575e-8
7440.0;0.0;-0.0008255385619172964;0.0;6.893370187998279;0.0;0.0;0.0;0.0;0.0;0.009091545253459534;4.396278645303696;0.0;2.4285182048118896;-6.833333161486307;0.0;0.0;0.0;0.0;0.0;139.82993486530498;420.466497961679;32.71199891745384;418.8207394844289;-2.122152904009575e-8
7441.0;0.0;-0.009151296430420359;0.0;6.893370187998279;0.0;0.0;0.0;0.0;0.0;0.0;4.326836201950082;0.0;2.5592847956905653;-6.885665909075068;0.0;0.0;0.0;0.0;0.0;139.82993486530498;420.466497961679;32.71199891745384;418.8207394844289;-2.122152904009575e-8
7442.0;0.0;-0.009151296430420359;0.0;6.893370187998279;0.0;0.0;0.0;0.0;0.0;0.0;4.326836201950082;0.0;2.5592847956905653;-6.885665909075068;0.0;0.0;0.0;0.0;0.0;139.82993486530498;420.466497961679;32.71199891745384;418.8207394844289;-2.122152904009575e-8
7443.0;0.0;-0.009151296430420359;0.0;6.893370187998279;0.0;0.0;0.0;0.0;0.0;0.0;4.326836201950082;0.0;2.5592847956905653;-6.885665909075068;0.0;0.0;0.0;0.0;0.0;139.82993486530498;420.466497961679;32.71199891745384;418.8207394844289;-2.122152904009575e-8
7444.0;0.0;-0.009151296430420359;0.0;6.893370187998279;0.0;0.0;0.0;0.0;0.0;0.0;4.326836201950082;0.0;2.5592847956905653;-6.885665909075068;0.0;0.0;0.0;0.0;0.0;139.82993486530498;420.466497961679;32.71199891745384;418.8207394844289;-2.122152904009575e-8
7445.0;0.0;-0.009151296430420359;0.0;6.893370187998279;0.0;0.0;0.0;0.0;0.0;0.0;4.326836201950082;0.0;2.5592847956905653;-6.885665909075068;0.0;0.0;0.0;0.0;0.0;139.82993486530498;420.466497961679;32.71199891745384;418.8207394844289;-2.122152904009575e-8
7446.0;0.0;-0.009151296430420359;0.0;6.893370187998279;0.0;0.0;0.0;0.0;0.0;0.0;4.326836201950082;0.0;2.5592847956905653;-6.885665909075068;0.0;0.0;0.0;0.0;0.0;139.82993486530498;420.466497961679;32.71199891745384;418.8207394844289;-2.122152904009575e-8
7447.0;0.0;-0.009151296430420359;0.0;6.893370187998279;0.0;0.0;0.0;0.0;0.0;0.0;4.326836201950082;0.0;2.5592847956905653;-6.885665909075068;0.0;0.0;0.0;0.0;0.0;139.82993486530498;420.466497961679;32.71199891745384;418.8207394844289;-2.122152904009575e-8
7448.0;0.0;-0.009151296430420359;0.0;6.893370187998279;0.0;0.0;0.0;0.0;0.0;0.0;4.326836201950082;0.0;2.5592847956905653;-6.885665909075068;0.0;0.0;0.0;0.0;0.0;139.82993486530498;420.466497961679;32.71199891745384;418.8207394844289;-2.122152904009575e-8
7449.0;0.0;-0.009151296430420359;0.0;6.893370187998279;0.0;0.0;0.0;0.0;0.0;0.0;4.326836201950082;0.0;2.5592847956905653;-6.885665909075068;0.0;0.0;0.0;0.0;0.0;139.82993486530498;420.466497961679;32.71199891745384;418.8207394844289;-2.122152904009575e-8
7450.0;0.0;-0.009151296430420359;0.0;6.893370187998279;0.0;0.0;0.0;0.0;0.0;0.0;4.326836201950082;0.0;2.5592847956905653;-6.885665909075068;0.0;0.0;0.0;0.0;0.0;139.82993486530498;420.466497961679;32.71199891745384;418.8207394844289;-2.122152904009575e-8
7451.0;0.0;-0.009151296430420359;0.0;6.893370187998279;0.0;0.0;0.0;0.0;0.0;0.0;4.326836201950082;0.0;2.5592847956905653;-6.885665909075068;0.0;0.0;0.0;0.0;0.0;139.82993486530498;420.466497961679;32.71199891745384;418.8207394844289;-2.122152904009575e-8
7452.0;0.0;-0.009151296430420359;0.0;6.893370187998279;0.0;0.0;0.0;0.0;0.0;0.0;4.326836201950082;0.0;2.5592847956905653;-6.885665909075068;0.0;0.0;0.0;0.0;0.0;139.82993486530498;420.466497961679;32.71199891745384;418.8207394844289;-2.122152904009575e-8
7453.0;0.0;-0.009151296430420359;0.0;6.893370187998279;0.0;0.0;0.0;0.0;0.0;0.0;4.326836201950082;0.0;2.5592847956905653;-6.885665909075068;0.0;0.0;0.0;0.0;0.0;139.82993486530498;420.466497961679;32.71199891745384;418.8207394844289;-2.122152904009575e-8
7454.0;0.0;-0.009151296430420359;0.0;6.893370187998279;0.0;0.0;0.0;0.0;0.0;0.0;4.326836201950082;0.0;2.5592847956905653;-6.885665909075068;0.0;0.0;0.0;0.0;0.0;139.82993486530498;420.466497961679;32.71199891745384;418.8207394844289;-2.122152904009575e-8
7455.0;0.0;-0.009151296430420359;0.0;6.893370187998279;0.0;0.0;0.0;0.0;0.0;0.0;4.326836201950082;0.0;2.5592847956905653;-6.885665909075068;0.0;0.0;0.0;0.0;0.0;139.82993486530498;420.466497961679;32.71199891745384;418.8207394844289;-2.122152904009575e-8
7456.0;0.0;-0.009151296430420359;0.0;6.893370187998279;0.0;0.0;0.0;0.0;0.0;0.0;4.326836201950082;0.0;2.5592847956905653;-6.885665909075068;0.0;0.0;0.0;0.0;0.0;139.82993486530498;420.466497961679;32.71199891745384;418.8207394844289;-2.122152904009575e-8
7457.0;0.0;-0.009151296430420359;0.0;6.893370187998279;0.0;0.0;0.0;0.0;0.0;0.0;4.326836201950082;0.0;2.5592847956905653;-6.885665909075068;0.0;0.0;0.0;0.0;0.0;139.82993486530498;420.466497961679;32.71199891745384;418.8207394844289;-2.122152904009575e-8
7458.0;0.0;-0.009151296430420359;0.0;6.893370187998279;0.0;0.0;0.0;0.0;0.0;0.0;4.326836201950082;0.0;2.5592847956905653;-6.885665909075068;0.0;0.0;0.0;0.0;0.0;139.82993486530498;420.466497961679;32.71199891745384;418.8207394844289;-2.122152904009575e-8
7459.0;0.0;-0.009151296430420359;0.0;6.893370187998279;0.0;0.0;0.0;0.0;0.0;0.0;4.326836201950082;0.0;2.5592847956905653;-6.885665909075068;0.0;0.0;0.0;0.0;0.0;139.82993486530498;420.466497961679;32.71199891745384;418.8207394844289;-2.122152904009575e-8
7460.0;0.0;-0.009151296430420359;0.0;6.893370187998279;0.0;0.0;0.0;0.0;0.0;0.0;4.326836201950082;0.0;2.5592847956905653;-6.885665909075068;0.0;0.0;0.0;0.0;0.0;139.82993486530498;420.466497961679;32.71199891745384;418.8207394844289;-2.122152904009575e-8
7461.0;0.0;-0.009151296430420359;0.0;6.893370187998279;0.0;0.0;0.0;0.0;0.0;0.0;4.326836201950082;0.0;2.5592847956905653;-6.885665909075068;0.0;0.0;0.0;0.0;0.0;139.82993486530498;420.466497961679;32.71199891745384;418.8207394844289;-2.122152904009575e-8
7462.0;0.0;-0.009151296430420359;0.0;6.893370187998279;0.0;0.0;0.0;0.0;0.0;0.0;4.326836201950082;0.0;2.5592847956905653;-6.885665909075068;0.0;0.0;0.0;0.0;0.0;139.82993486530498;420.466497961679;32.71199891745384;418.8207394844289;-2.122152904009575e-8
7463.0;0.0;-0.009151296430420359;0.0;6.893370187998279;0.0;0.0;0.0;0.0;0.0;0.0;4.326836201950082;0.0;2.5592847956905653;-6.885665909075068;0.0;0.0;0.0;0.0;0.0;139.82993486530498;420.466497961679;32.71199891745384;418.8207394844289;-2.122152904009575e-8
7464.0;0.0;-0.009151296430420359;0.0;6.893370187998279;0.0;0.0;0.0;0.0;0.0;0.0;4.326836201950082;0.0;2.5592847956905653;-6.885665909075068;0.0;0.0;0.0;0.0;0.0;139.82993486530498;420.466497961679;32.71199891745384;418.8207394844289;-2.122152904009575e-8
7465.0;0.0;-0.0077150543860283255;0.0;6.893370187998279;0.0;0.0;0.0;0.0;0.0;0.0;3.8922030447491305;0.0;3.151183532973302;-7.042892041402259;0.0;0.0;0.0;0.0;0.0;139.82993486530498;420.466497961679;32.71199891745384;418.8207394844289;-2.122152904009575e-8
7466.0;0.0;-0.0077150543860283255;0.0;6.893370187998279;0.0;0.0;0.0;0.0;0.0;0.0;3.8922030447491305;0.0;3.151183532973302;-7.042892041402259;0.0;0.0;0.0;0.0;0.0;139.82993486530498;420.466497961679;32.71199891745384;418.8207394844289;-2.122152904009575e-8
7467.0;0.0;-0.0077150543860283255;0.0;6.893370187998279;0.0;0.0;0.0;0.0;0.0;0.0;3.8922030447491305;0.0;3.151183532973302;-7.042892041402259;0.0;0.0;0.0;0.0;0.0;139.82993486530498;420.466497961679;32.71199891745384;418.8207394844289;-2.122152904009575e-8
7468.0;0.0;-0.0077150543860283255;0.0;6.893370187998279;0.0;0.0;0.0;0.0;0.0;0.0;3.8922030447491305;0.0;3.151183532973302;-7.042892041402259;0.0;0.0;0.0;0.0;0.0;139.82993486530498;420.466497961679;32.71199891745384;418.8207394844289;-2.122152904009575e-8
7469.0;0.0;-0.0077150543860283255;0.0;6.893370187998279;0.0;0.0;0.0;0.0;0.0;0.0;3.8922030447491305;0.0;3.151183532973302;-7.042892041402259;0.0;0.0;0.0;0.0;0.0;139.82993486530498;420.466497961679;32.71199891745384;418.8207394844289;-2.122152904009575e-8
7470.0;0.0;-0.0077150543860283255;0.0;6.893370187998279;0.0;0.0;0.0;0.0;0.0;0.0;3.8922030447491305;0.0;3.151183532973302;-7.042892041402259;0.0;0.0;0.0;0.0;0.0;139.82993486530498;420.466497961679;32.71199891745384;418.8207394844289;-2.122152904009575e-8
7471.0;0.0;-0.0077150543860283255;0.0;6.893370187998279;0.0;0.0;0.0;0.0;0.0;0.0;3.8922030447491305;0.0;3.151183532973302;-7.042892041402259;0.0;0.0;0.0;0.0;0.0;139.82993486530498;420.466497961679;32.71199891745384;418.8207394844289;-2.122152904009575e-8
7472.0;0.0;-0.0077150543860283255;0.0;6.893370187998279;0.0;0.0;0.0;0.0;0.0;0.0;3.8922030447491305;0.0;3.151183532973302;-7.042892041402259;0.0;0.0;0.0;0.0;0.0;139.82993486530498;420.466497961679;32.71199891745384;418.8207394844289;-2.122152904009575e-8
7473.0;0.0;-0.0077150543860283255;0.0;6.893370187998279;0.0;0.0;0.0;0.0;0.0;0.0;3.8922030447491305;0.0;3.151183532973302;-7.042892041402259;0.0;0.0;0.0;0.0;0.0;139.82993486530498;420.466497961679;32.71199891745384;418.8207394844289;-2.122152904009575e-8
7474.0;0.0;-0.0077150543860283255;0.0;6.893370187998279;0.0;0.0;0.0;0.0;0.0;0.0;3.8922030447491305;0.0;3.151183532973302;-7.042892041402259;0.0;0.0;0.0;0.0;0.0;139.82993486530498;420.466497961679;32.71199891745384;418.8207394844289;-2.122152904009575e-8
7475.0;0.0;-0.0077150543860283255;0.0;6.893370187998279;0.0;0.0;0.0;0.0;0.0;0.0;3.8922030447491305;0.0;3.151183532973302;-7.042892041402259;0.0;0.0;0.0;0.0;0.0;139.82993486530498;420.466497961679;32.71199891745384;418.8207394844289;-2.122152904009575e-8
7476.0;0.0;-0.0077150543860283255;0.0;6.893370187998279;0.0;0.0;0.0;0.0;0.0;0.0;3.8922030447491305;0.0;3.151183532973302;-7.042892041402259;0.0;0.0;0.0;0.0;0.0;139.82993486530498;420.466497961679;32.71199891745384;418.8207394844289;-2.122152904009575e-8
7477.0;0.0;-0.0077150543860283255;0.0;6.893370187998279;0.0;0.0;0.0;0.0;0.0;0.0;3.8922030447491305;0.0;3.151183532973302;-7.042892041402259;0.0;0.0;0.0;0.0;0.0;139.82993486530498;420.466497961679;32.71199891745384;418.8207394844289;-2.122152904009575e-8
7478.0;0.0;-0.0077150543860283255;0.0;6.893370187998279;0.0;0.0;0.0;0.0;0.0;0.0;3.8922030447491305;0.0;3.151183532973302;-7.042892041402259;0.0;0.0;0.0;0.0;0.0;139.82993486530498;420.466497961679;32.71199891745384;418.8207394844289;-2.122152904009575e-8
7479.0;0.0;-0.0077150543860283255;0.0;6.893370187998279;0.0;0.0;0.0;0.0;0.0;0.0;3.8922030447491305;0.0;3.151183532973302;-7.042892041402259;0.0;0.0;0.0;0.0;0.0;139.82993486530498;420.466497961679;32.71199891745384;418.8207394844289;-2.122152904009575e-8
7480.0;0.0;-0.0077150543860283255;0.0;6.893370187998279;0.0;0.0;0.0;0.0;0.0;0.0;3.8922030447491305;0.0;3.151183532973302;-7.042892041402259;0.0;0.0;0.0;0.0;0.0;139.82993486530498;420.466497961679;32.71199891745384;418.8207394844289;-2.122152904009575e-8
7481.0;0.0;-0.0077150543860283255;0.0;6.893370187998279;0.0;0.0;0.0;0.0;0.0;0.0;3.8922030447491305;0.0;3.151183532973302;-7.042892041402259;0.0;0.0;0.0;0.0;0.0;139.82993486530498;420.466497961679;32.71199891745384;418.8207394844289;-2.122152904009575e-8
7482.0;0.0;-0.0077150543860283255;0.0;6.893370187998279;0.0;0.0;0.0;0.0;0.0;0.0;3.8922030447491305;0.0;3.151183532973302;-7.042892041402259;0.0;0.0;0.0;0.0;0.0;139.82993486530498;420.466497961679;32.71199891745384;418.8207394844289;-2.122152904009575e-8
7483.0;0.0;-0.0077150543860283255;0.0;6.893370187998279;0.0;0.0;0.0;0.0;0.0;0.0;3.8922030447491305;0.0;3.151183532973302;-7.042892041402259;0.0;0.0;0.0;0.0;0.0;139.82993486530498;420.466497961679;32.71199891745384;418.8207394844289;-2.122152904009575e-8
7484.0;0.0;-0.0077150543860283255;0.0;6.893370187998279;0.0;0.0;0.0;0.0;0.0;0.0;3.8922030447491305;0.0;3.151183532973302;-7.042892041402259;0.0;0.0;0.0;0.0;0.0;139.82993486530498;420.466497961679;32.71199891745384;418.8207394844289;-2.122152904009575e-8
7485.0;0.0;-0.0077150543860283255;0.0;6.893370187998279;0.0;0.0;0.0;0.0;0.0;0.0;3.8922030447491305;0.0;3.151183532973302;-7.042892041402259;0.0;0.0;0.0;0.0;0.0;139.82993486530498;420.466497961679;32.71199891745384;418.8207394844289;-2.122152904009575e-8
7486.0;0.0;-0.0077150543860283255;0.0;6.893370187998279;0.0;0.0;0.0;0.0;0.0;0.0;3.8922030447491305;0.0;3.151183532973302;-7.042892041402259;0.0;0.0;0.0;0.0;0.0;139.82993486530498;420.466497961679;32.71199891745384;418.8207394844289;-2.122152904009575e-8
7487.0;0.0;-0.0077150543860283255;0.0;6.893370187998279;0.0;0.0;0.0;0.0;0.0;0.0;3.8922030447491305;0.0;3.151183532973302;-7.042892041402259;0.0;0.0;0.0;0.0;0.0;139.82993486530498;420.466497961679;32.71199891745384;418.8207394844289;-2.122152904009575e-8
7488.0;0.0;-0.0077150543860283255;0.0;6.893370187998279;0.0;0.0;0.0;0.0;0.0;0.0;3.8922030447491305;0.0;3.151183532973302;-7.042892041402259;0.0;0.0;0.0;0.0;0.0;139.82993486530498;420.466497961679;32.71199891745384;418.8207394844289;-2.122152904009575e-8
7489.0;0.0;-0.0005701462351638809;0.0;7.741384898671258;0.0;0.0;0.0;0.0;0.0;0.00760641585467954;2.0532045138375237;0.0;4.923505279571439;-6.983093312372764;0.0;0.0;0.0;0.0;0.0;139.8497386304364;426.9093719757315;32.71199891480627;421.1126515082361;-2.1266177417134008e-8
7490.0;0.0;-0.0005701462351638809;0.0;7.741384898671258;0.0;0.0;0.0;0.0;0.0;0.00760641585467954;2.0532045138375237;0.0;4.923505279571439;-6.983093312372764;0.0;0.0;0.0;0.0;0.0;139.8497386304364;426.9093719757315;32.71199891480627;421.1126515082361;-2.1266177417134008e-8
7491.0;0.0;-0.0005701462351638809;0.0;7.741384898671258;0.0;0.0;0.0;0.0;0.0;0.00760641585467954;2.0532045138375237;0.0;4.923505279571439;-6.983093312372764;0.0;0.0;0.0;0.0;0.0;139.8497386304364;426.9093719757315;32.71199891480627;421.1126515082361;-2.1266177417134008e-8
7492.0;0.0;-0.0005701462351638809;0.0;7.741384898671258;0.0;0.0;0.0;0.0;0.0;0.00760641585467954;2.0532045138375237;0.0;4.923505279571439;-6.983093312372764;0.0;0.0;0.0;0.0;0.0;139.8497386304364;426.9093719757315;32.71199891480627;421.1126515082361;-2.1266177417134008e-8
7493.0;0.0;-0.0005701462351638809;0.0;7.741384898671258;0.0;0.0;0.0;0.0;0.0;0.00760641585467954;2.0532045138375237;0.0;4.923505279571439;-6.983093312372764;0.0;0.0;0.0;0.0;0.0;139.8497386304364;426.9093719757315;32.71199891480627;421.1126515082361;-2.1266177417134008e-8
7494.0;0.0;-0.0005701462351638809;0.0;7.741384898671258;0.0;0.0;0.0;0.0;0.0;0.00760641585467954;2.0532045138375237;0.0;4.923505279571439;-6.983093312372764;0.0;0.0;0.0;0.0;0.0;139.8497386304364;426.9093719757315;32.71199891480627;421.1126515082361;-2.1266177417134008e-8
7495.0;0.0;-0.0005701462351638809;0.0;7.741384898671258;0.0;0.0;0.0;0.0;0.0;0.00760641585467954;2.0532045138375237;0.0;4.923505279571439;-6.983093312372764;0.0;0.0;0.0;0.0;0.0;139.8497386304364;426.9093719757315;32.71199891480627;421.1126515082361;-2.1266177417134008e-8
7496.0;0.0;-0.0005701462351638809;0.0;7.741384898671258;0.0;0.0;0.0;0.0;0.0;0.00760641585467954;2.0532045138375237;0.0;4.923505279571439;-6.983093312372764;0.0;0.0;0.0;0.0;0.0;139.8497386304364;426.9093719757315;32.71199891480627;421.1126515082361;-2.1266177417134008e-8
7497.0;0.0;-0.0005701462351638809;0.0;7.741384898671258;0.0;0.0;0.0;0.0;0.0;0.00760641585467954;2.0532045138375237;0.0;4.923505279571439;-6.983093312372764;0.0;0.0;0.0;0.0;0.0;139.8497386304364;426.9093719757315;32.71199891480627;421.1126515082361;-2.1266177417134008e-8
7498.0;0.0;-0.0005701462351638809;0.0;7.741384898671258;0.0;0.0;0.0;0.0;0.0;0.00760641585467954;2.0532045138375237;0.0;4.923505279571439;-6.983093312372764;0.0;0.0;0.0;0.0;0.0;139.8497386304364;426.9093719757315;32.71199891480627;421.1126515082361;-2.1266177417134008e-8
7499.0;0.0;-0.0005701462351638809;0.0;7.741384898671258;0.0;0.0;0.0;0.0;0.0;0.00760641585467954;2.0532045138375237;0.0;4.923505279571439;-6.983093312372764;0.0;0.0;0.0;0.0;0.0;139.8497386304364;426.9093719757315;32.71199891480627;421.1126515082361;-2.1266177417134008e-8
7500.0;0.0;-0.0005701462351638809;0.0;7.741384898671258;0.0;0.0;0.0;0.0;0.0;0.00760641585467954;2.0532045138375237;0.0;4.923505279571439;-6.983093312372764;0.0;0.0;0.0;0.0;0.0;139.8497386304364;426.9093719757315;32.71199891480627;421.1126515082361;-2.1266177417134008e-8
7501.0;0.0;-0.0005701462351638809;0.0;7.741384898671258;0.0;0.0;0.0;0.0;0.0;0.00760641585467954;2.0532045138375237;0.0;4.923505279571439;-6.983093312372764;0.0;0.0;0.0;0.0;0.0;139.8497386304364;426.9093719757315;32.71199891480627;421.1126515082361;-2.1266177417134008e-8
7502.0;0.0;-0.0005701462351638809;0.0;7.741384898671258;0.0;0.0;0.0;0.0;0.0;0.00760641585467954;2.0532045138375237;0.0;4.923505279571439;-6.983093312372764;0.0;0.0;0.0;0.0;0.0;139.8497386304364;426.9093719757315;32.71199891480627;421.1126515082361;-2.1266177417134008e-8
7503.0;0.0;-0.0005701462351638809;0.0;7.741384898671258;0.0;0.0;0.0;0.0;0.0;0.00760641585467954;2.0532045138375237;0.0;4.923505279571439;-6.983093312372764;0.0;0.0;0.0;0.0;0.0;139.8497386304364;426.9093719757315;32.71199891480627;421.1126515082361;-2.1266177417134008e-8
7504.0;0.0;-0.0005701462351638809;0.0;7.741384898671258;0.0;0.0;0.0;0.0;0.0;0.00760641585467954;2.0532045138375237;0.0;4.923505279571439;-6.983093312372764;0.0;0.0;0.0;0.0;0.0;139.8497386304364;426.9093719757315;32.71199891480627;421.1126515082361;-2.1266177417134008e-8
7505.0;0.0;-0.0005701462351638809;0.0;7.741384898671258;0.0;0.0;0.0;0.0;0.0;0.00760641585467954;2.0532045138375237;0.0;4.923505279571439;-6.983093312372764;0.0;0.0;0.0;0.0;0.0;139.8497386304364;426.9093719757315;32.71199891480627;421.1126515082361;-2.1266177417134008e-8
7506.0;0.0;-0.0005701462351638809;0.0;7.741384898671258;0.0;0.0;0.0;0.0;0.0;0.00760641585467954;2.0532045138375237;0.0;4.923505279571439;-6.983093312372764;0.0;0.0;0.0;0.0;0.0;139.8497386304364;426.9093719757315;32.71199891480627;421.1126515082361;-2.1266177417134008e-8
7507.0;0.0;-0.0005701462351638809;0.0;7.741384898671258;0.0;0.0;0.0;0.0;0.0;0.00760641585467954;2.0532045138375237;0.0;4.923505279571439;-6.983093312372764;0.0;0.0;0.0;0.0;0.0;139.8497386304364;426.9093719757315;32.71199891480627;421.1126515082361;-2.1266177417134008e-8
7508.0;0.0;-0.0005701462351638809;0.0;7.741384898671258;0.0;0.0;0.0;0.0;0.0;0.00760641585467954;2.0532045138375237;0.0;4.923505279571439;-6.983093312372764;0.0;0.0;0.0;0.0;0.0;139.8497386304364;426.9093719757315;32.71199891480627;421.1126515082361;-2.1266177417134008e-8
7509.0;0.0;-0.0005701462351638809;0.0;7.741384898671258;0.0;0.0;0.0;0.0;0.0;0.00760641585467954;2.0532045138375237;0.0;4.923505279571439;-6.983093312372764;0.0;0.0;0.0;0.0;0.0;139.8497386304364;426.9093719757315;32.71199891480627;421.1126515082361;-2.1266177417134008e-8
7510.0;0.0;-0.0005701462351638809;0.0;7.741384898671258;0.0;0.0;0.0;0.0;0.0;0.00760641585467954;2.0532045138375237;0.0;4.923505279571439;-6.983093312372764;0.0;0.0;0.0;0.0;0.0;139.8497386304364;426.9093719757315;32.71199891480627;421.1126515082361;-2.1266177417134008e-8
7511.0;0.0;-0.0005701462351638809;0.0;7.741384898671258;0.0;0.0;0.0;0.0;0.0;0.00760641585467954;2.0532045138375237;0.0;4.923505279571439;-6.983093312372764;0.0;0.0;0.0;0.0;0.0;139.8497386304364;426.9093719757315;32.71199891480627;421.1126515082361;-2.1266177417134008e-8
7512.0;0.0;-0.0005701462351638809;0.0;7.741384898671258;0.0;0.0;0.0;0.0;0.0;0.00760641585467954;2.0532045138375237;0.0;4.923505279571439;-6.983093312372764;0.0;0.0;0.0;0.0;0.0;139.8497386304364;426.9093719757315;32.71199891480627;421.1126515082361;-2.1266177417134008e-8
7513.0;0.0;-0.004074810244672259;0.0;7.741384898671258;0.0;0.0;0.0;0.0;0.0;0.00024099181080897;2.011025721247909;4.53235250767304e-11;4.836683115644991;-6.848902845282162;0.0;0.0;0.0;0.0;0.0;139.8497386304364;426.9093719757315;32.71199891480627;421.1126515082361;-2.1266177417134008e-8
7514.0;0.0;-0.004074810244672259;0.0;7.741384898671258;0.0;0.0;0.0;0.0;0.0;0.00024099181080897;2.011025721247909;4.53235250767304e-11;4.836683115644991;-6.848902845282162;0.0;0.0;0.0;0.0;0.0;139.8497386304364;426.9093719757315;32.71199891480627;421.1126515082361;-2.1266177417134008e-8
7515.0;0.0;-0.004074810244672259;0.0;7.741384898671258;0.0;0.0;0.0;0.0;0.0;0.00024099181080897;2.011025721247909;4.53235250767304e-11;4.836683115644991;-6.848902845282162;0.0;0.0;0.0;0.0;0.0;139.8497386304364;426.9093719757315;32.71199891480627;421.1126515082361;-2.1266177417134008e-8
7516.0;0.0;-0.004074810244672259;0.0;7.741384898671258;0.0;0.0;0.0;0.0;0.0;0.00024099181080897;2.011025721247909;4.53235250767304e-11;4.836683115644991;-6.848902845282162;0.0;0.0;0.0;0.0;0.0;139.8497386304364;426.9093719757315;32.71199891480627;421.1126515082361;-2.1266177417134008e-8
7517.0;0.0;-0.004074810244672259;0.0;7.741384898671258;0.0;0.0;0.0;0.0;0.0;0.00024099181080897;2.011025721247909;4.53235250767304e-11;4.836683115644991;-6.848902845282162;0.0;0.0;0.0;0.0;0.0;139.8497386304364;426.9093719757315;32.71199891480627;421.1126515082361;-2.1266177417134008e-8
7518.0;0.0;-0.004074810244672259;0.0;7.741384898671258;0.0;0.0;0.0;0.0;0.0;0.00024099181080897;2.011025721247909;4.53235250767304e-11;4.836683115644991;-6.848902845282162;0.0;0.0;0.0;0.0;0.0;139.8497386304364;426.9093719757315;32.71199891480627;421.1126515082361;-2.1266177417134008e-8
7519.0;0.0;-0.004074810244672259;0.0;7.741384898671258;0.0;0.0;0.0;0.0;0.0;0.00024099181080897;2.011025721247909;4.53235250767304e-11;4.836683115644991;-6.848902845282162;0.0;0.0;0.0;0.0;0.0;139.8497386304364;426.9093719757315;32.71199891480627;421.1126515082361;-2.1266177417134008e-8
7520.0;0.0;-0.004074810244672259;0.0;7.741384898671258;0.0;0.0;0.0;0.0;0.0;0.00024099181080897;2.011025721247909;4.53235250767304e-11;4.836683115644991;-6.848902845282162;0.0;0.0;0.0;0.0;0.0;139.8497386304364;426.9093719757315;32.71199891480627;421.1126515082361;-2.1266177417134008e-8
7521.0;0.0;-0.004074810244672259;0.0;7.741384898671258;0.0;0.0;0.0;0.0;0.0;0.00024099181080897;2.011025721247909;4.53235250767304e-11;4.836683115644991;-6.848902845282162;0.0;0.0;0.0;0.0;0.0;139.8497386304364;426.9093719757315;32.71199891480627;421.1126515082361;-2.1266177417134008e-8
7522.0;0.0;-0.004074810244672259;0.0;7.741384898671258;0.0;0.0;0.0;0.0;0.0;0.00024099181080897;2.011025721247909;4.53235250767304e-11;4.836683115644991;-6.848902845282162;0.0;0.0;0.0;0.0;0.0;139.8497386304364;426.9093719757315;32.71199891480627;421.1126515082361;-2.1266177417134008e-8
7523.0;0.0;-0.004074810244672259;0.0;7.741384898671258;0.0;0.0;0.0;0.0;0.0;0.00024099181080897;2.011025721247909;4.53235250767304e-11;4.836683115644991;-6.848902845282162;0.0;0.0;0.0;0.0;0.0;139.8497386304364;426.9093719757315;32.71199891480627;421.1126515082361;-2.1266177417134008e-8
7524.0;0.0;-0.004074810244672259;0.0;7.741384898671258;0.0;0.0;0.0;0.0;0.0;0.00024099181080897;2.011025721247909;4.53235250767304e-11;4.836683115644991;-6.848902845282162;0.0;0.0;0.0;0.0;0.0;139.8497386304364;426.9093719757315;32.71199891480627;421.1126515082361;-2.1266177417134008e-8
7525.0;0.0;-0.004074810244672259;0.0;7.741384898671258;0.0;0.0;0.0;0.0;0.0;0.00024099181080897;2.011025721247909;4.53235250767304e-11;4.836683115644991;-6.848902845282162;0.0;0.0;0.0;0.0;0.0;139.8497386304364;426.9093719757315;32.71199891480627;421.1126515082361;-2.1266177417134008e-8
7526.0;0.0;-0.004074810244672259;0.0;7.741384898671258;0.0;0.0;0.0;0.0;0.0;0.00024099181080897;2.011025721247909;4.53235250767304e-11;4.836683115644991;-6.848902845282162;0.0;0.0;0.0;0.0;0.0;139.8497386304364;426.9093719757315;32.71199891480627;421.1126515082361;-2.1266177417134008e-8
7527.0;0.0;-0.004074810244672259;0.0;7.741384898671258;0.0;0.0;0.0;0.0;0.0;0.00024099181080897;2.011025721247909;4.53235250767304e-11;4.836683115644991;-6.848902845282162;0.0;0.0;0.0;0.0;0.0;139.8497386304364;426.9093719757315;32.71199891480627;421.1126515082361;-2.1266177417134008e-8
7528.0;0.0;-0.004074810244672259;0.0;7.741384898671258;0.0;0.0;0.0;0.0;0.0;0.00024099181080897;2.011025721247909;4.53235250767304e-11;4.836683115644991;-6.848902845282162;0.0;0.0;0.0;0.0;0.0;139.8497386304364;426.9093719757315;32.71199891480627;421.1126515082361;-2.1266177417134008e-8
7529.0;0.0;-0.004074810244672259;0.0;7.741384898671258;0.0;0.0;0.0;0.0;0.0;0.00024099181080897;2.011025721247909;4.53235250767304e-11;4.836683115644991;-6.848902845282162;0.0;0.0;0.0;0.0;0.0;139.8497386304364;426.9093719757315;32.71199891480627;421.1126515082361;-2.1266177417134008e-8
7530.0;0.0;-0.004074810244672259;0.0;7.741384898671258;0.0;0.0;0.0;0.0;0.0;0.00024099181080897;2.011025721247909;4.53235250767304e-11;4.836683115644991;-6.848902845282162;0.0;0.0;0.0;0.0;0.0;139.8497386304364;426.9093719757315;32.71199891480627;421.1126515082361;-2.1266177417134008e-8
7531.0;0.0;-0.004074810244672259;0.0;7.741384898671258;0.0;0.0;0.0;0.0;0.0;0.00024099181080897;2.011025721247909;4.53235250767304e-11;4.836683115644991;-6.848902845282162;0.0;0.0;0.0;0.0;0.0;139.8497386304364;426.9093719757315;32.71199891480627;421.1126515082361;-2.1266177417134008e-8
7532.0;0.0;-0.004074810244672259;0.0;7.741384898671258;0.0;0.0;0.0;0.0;0.0;0.00024099181080897;2.011025721247909;4.53235250767304e-11;4.836683115644991;-6.848902845282162;0.0;0.0;0.0;0.0;0.0;139.8497386304364;426.9093719757315;32.71199891480627;421.1126515082361;-2.1266177417134008e-8
7533.0;0.0;-0.004074810244672259;0.0;7.741384898671258;0.0;0.0;0.0;0.0;0.0;0.00024099181080897;2.011025721247909;4.53235250767304e-11;4.836683115644991;-6.848902845282162;0.0;0.0;0.0;0.0;0.0;139.8497386304364;426.9093719757315;32.71199891480627;421.1126515082361;-2.1266177417134008e-8
7534.0;0.0;-0.004074810244672259;0.0;7.741384898671258;0.0;0.0;0.0;0.0;0.0;0.00024099181080897;2.011025721247909;4.53235250767304e-11;4.836683115644991;-6.848902845282162;0.0;0.0;0.0;0.0;0.0;139.8497386304364;426.9093719757315;32.71199891480627;421.1126515082361;-2.1266177417134008e-8
7535.0;0.0;-0.004074810244672259;0.0;7.741384898671258;0.0;0.0;0.0;0.0;0.0;0.00024099181080897;2.011025721247909;4.53235250767304e-11;4.836683115644991;-6.848902845282162;0.0;0.0;0.0;0.0;0.0;139.8497386304364;426.9093719757315;32.71199891480627;421.1126515082361;-2.1266177417134008e-8
7536.0;0.0;-0.004074810244672259;0.0;7.741384898671258;0.0;0.0;0.0;0.0;0.0;0.00024099181080897;2.011025721247909;4.53235250767304e-11;4.836683115644991;-6.848902845282162;0.0;0.0;0.0;0.0;0.0;139.8497386304364;426.9093719757315;32.71199891480627;421.1126515082361;-2.1266177417134008e-8
7537.0;0.0;0.0005665779104044369;0.0;7.741384898671258;0.0;0.0;0.0;0.0;0.0;0.004062085264866246;4.25512895501133;7.575709387103013e-11;2.598224222924408;-6.857447629475424;0.0;0.0;0.0;0.0;0.0;139.8497386304364;426.9093719757315;32.71199891480627;421.1126515082361;-2.1266177417134008e-8
7538.0;0.0;0.0005665779104044369;0.0;7.741384898671258;0.0;0.0;0.0;0.0;0.0;0.004062085264866246;4.25512895501133;7.575709387103013e-11;2.598224222924408;-6.857447629475424;0.0;0.0;0.0;0.0;0.0;139.8497386304364;426.9093719757315;32.71199891480627;421.1126515082361;-2.1266177417134008e-8
7539.0;0.0;0.0005665779104044369;0.0;7.741384898671258;0.0;0.0;0.0;0.0;0.0;0.004062085264866246;4.25512895501133;7.575709387103013e-11;2.598224222924408;-6.857447629475424;0.0;0.0;0.0;0.0;0.0;139.8497386304364;426.9093719757315;32.71199891480627;421.1126515082361;-2.1266177417134008e-8
7540.0;0.0;0.0005665779104044369;0.0;7.741384898671258;0.0;0.0;0.0;0.0;0.0;0.004062085264866246;4.25512895501133;7.575709387103013e-11;2.598224222924408;-6.857447629475424;0.0;0.0;0.0;0.0;0.0;139.8497386304364;426.9093719757315;32.71199891480627;421.1126515082361;-2.1266177417134008e-8
7541.0;0.0;0.0005665779104044369;0.0;7.741384898671258;0.0;0.0;0.0;0.0;0.0;0.004062085264866246;4.25512895501133;7.575709387103013e-11;2.598224222924408;-6.857447629475424;0.0;0.0;0.0;0.0;0.0;139.8497386304364;426.9093719757315;32.71199891480627;421.1126515082361;-2.1266177417134008e-8
7542.0;0.0;0.0005665779104044369;0.0;7.741384898671258;0.0;0.0;0.0;0.0;0.0;0.004062085264866246;4.25512895501133;7.575709387103013e-11;2.598224222924408;-6.857447629475424;0.0;0.0;0.0;0.0;0.0;139.8497386304364;426.9093719757315;32.71199891480627;421.1126515082361;-2.1266177417134008e-8
7543.0;0.0;0.0005665779104044369;0.0;7.741384898671258;0.0;0.0;0.0;0.0;0.0;0.004062085264866246;4.25512895501133;7.575709387103013e-11;2.598224222924408;-6.857447629475424;0.0;0.0;0.0;0.0;0.0;139.8497386304364;426.9093719757315;32.71199891480627;421.1126515082361;-2.1266177417134008e-8
7544.0;0.0;0.0005665779104044369;0.0;7.741384898671258;0.0;0.0;0.0;0.0;0.0;0.004062085264866246;4.25512895501133;7.575709387103013e-11;2.598224222924408;-6.857447629475424;0.0;0.0;0.0;0.0;0.0;139.8497386304364;426.9093719757315;32.71199891480627;421.1126515082361;-2.1266177417134008e-8
7545.0;0.0;0.0005665779104044369;0.0;7.741384898671258;0.0;0.0;0.0;0.0;0.0;0.004062085264866246;4.25512895501133;7.575709387103013e-11;2.598224222924408;-6.857447629475424;0.0;0.0;0.0;0.0;0.0;139.8497386304364;426.9093719757315;32.71199891480627;421.1126515082361;-2.1266177417134008e-8
7546.0;0.0;0.0005665779104044369;0.0;7.741384898671258;0.0;0.0;0.0;0.0;0.0;0.004062085264866246;4.25512895501133;7.575709387103013e-11;2.598224222924408;-6.857447629475424;0.0;0.0;0.0;0.0;0.0;139.8497386304364;426.9093719757315;32.71199891480627;421.1126515082361;-2.1266177417134008e-8
7547.0;0.0;0.0005665779104044369;0.0;7.741384898671258;0.0;0.0;0.0;0.0;0.0;0.004062085264866246;4.25512895501133;7.575709387103013e-11;2.598224222924408;-6.857447629475424;0.0;0.0;0.0;0.0;0.0;139.8497386304364;426.9093719757315;32.71199891480627;421.1126515082361;-2.1266177417134008e-8
7548.0;0.0;0.0005665779104044369;0.0;7.741384898671258;0.0;0.0;0.0;0.0;0.0;0.004062085264866246;4.25512895501133;7.575709387103013e-11;2.598224222924408;-6.857447629475424;0.0;0.0;0.0;0.0;0.0;139.8497386304364;426.9093719757315;32.71199891480627;421.1126515082361;-2.1266177417134008e-8
7549.0;0.0;0.0005665779104044369;0.0;7.741384898671258;0.0;0.0;0.0;0.0;0.0;0.004062085264866246;4.25512895501133;7.575709387103013e-11;2.598224222924408;-6.857447629475424;0.0;0.0;0.0;0.0;0.0;139.8497386304364;426.9093719757315;32.71199891480627;421.1126515082361;-2.1266177417134008e-8
7550.0;0.0;0.0005665779104044369;0.0;7.741384898671258;0.0;0.0;0.0;0.0;0.0;0.004062085264866246;4.25512895501133;7.575709387103013e-11;2.598224222924408;-6.857447629475424;0.0;0.0;0.0;0.0;0.0;139.8497386304364;426.9093719757315;32.71199891480627;421.1126515082361;-2.1266177417134008e-8
7551.0;0.0;0.0005665779104044369;0.0;7.741384898671258;0.0;0.0;0.0;0.0;0.0;0.004062085264866246;4.25512895501133;7.575709387103013e-11;2.598224222924408;-6.857447629475424;0.0;0.0;0.0;0.0;0.0;139.8497386304364;426.9093719757315;32.71199891480627;421.1126515082361;-2.1266177417134008e-8
7552.0;0.0;0.0005665779104044369;0.0;7.741384898671258;0.0;0.0;0.0;0.0;0.0;0.004062085264866246;4.25512895501133;7.575709387103013e-11;2.598224222924408;-6.857447629475424;0.0;0.0;0.0;0.0;0.0;139.8497386304364;426.9093719757315;32.71199891480627;421.1126515082361;-2.1266177417134008e-8
7553.0;0.0;0.0005665779104044369;0.0;7.741384898671258;0.0;0.0;0.0;0.0;0.0;0.004062085264866246;4.25512895501133;7.575709387103013e-11;2.598224222924408;-6.857447629475424;0.0;0.0;0.0;0.0;0.0;139.8497386304364;426.9093719757315;32.71199891480627;421.1126515082361;-2.1266177417134008e-8
7554.0;0.0;0.0005665779104044369;0.0;7.741384898671258;0.0;0.0;0.0;0.0;0.0;0.004062085264866246;4.25512895501133;7.575709387103013e-11;2.598224222924408;-6.857447629475424;0.0;0.0;0.0;0.0;0.0;139.8497386304364;426.9093719757315;32.71199891480627;421.1126515082361;-2.1266177417134008e-8
7555.0;0.0;0.0005665779104044369;0.0;7.741384898671258;0.0;0.0;0.0;0.0;0.0;0.004062085264866246;4.25512895501133;7.575709387103013e-11;2.598224222924408;-6.857447629475424;0.0;0.0;0.0;0.0;0.0;139.8497386304364;426.9093719757315;32.71199891480627;421.1126515082361;-2.1266177417134008e-8
7556.0;0.0;0.0005665779104044369;0.0;7.741384898671258;0.0;0.0;0.0;0.0;0.0;0.004062085264866246;4.25512895501133;7.575709387103013e-11;2.598224222924408;-6.857447629475424;0.0;0.0;0.0;0.0;0.0;139.8497386304364;426.9093719757315;32.71199891480627;421.1126515082361;-2.1266177417134008e-8
7557.0;0.0;0.0005665779104044369;0.0;7.741384898671258;0.0;0.0;0.0;0.0;0.0;0.004062085264866246;4.25512895501133;7.575709387103013e-11;2.598224222924408;-6.857447629475424;0.0;0.0;0.0;0.0;0.0;139.8497386304364;426.9093719757315;32.71199891480627;421.1126515082361;-2.1266177417134008e-8
7558.0;0.0;0.0005665779104044369;0.0;7.741384898671258;0.0;0.0;0.0;0.0;0.0;0.004062085264866246;4.25512895501133;7.575709387103013e-11;2.598224222924408;-6.857447629475424;0.0;0.0;0.0;0.0;0.0;139.8497386304364;426.9093719757315;32.71199891480627;421.1126515082361;-2.1266177417134008e-8
7559.0;0.0;0.0005665779104044369;0.0;7.741384898671258;0.0;0.0;0.0;0.0;0.0;0.004062085264866246;4.25512895501133;7.575709387103013e-11;2.598224222924408;-6.857447629475424;0.0;0.0;0.0;0.0;0.0;139.8497386304364;426.9093719757315;32.71199891480627;421.1126515082361;-2.1266177417134008e-8
7560.0;0.0;0.0005665779104044369;0.0;7.741384898671258;0.0;0.0;0.0;0.0;0.0;0.004062085264866246;4.25512895501133;7.575709387103013e-11;2.598224222924408;-6.857447629475424;0.0;0.0;0.0;0.0;0.0;139.8497386304364;426.9093719757315;32.71199891480627;421.1126515082361;-2.1266177417134008e-8
7561.0;0.0;-0.004058905681674808;0.0;7.741384898671258;0.0;0.0;0.0;0.0;0.0;0.0;4.427936862133358;0.0;2.7486650546586535;-7.17643897042992;0.0;0.0;0.0;0.0;0.0;139.8497386304364;426.9093719757315;32.71199891480627;421.1126515082361;-2.1266177417134008e-8
7562.0;0.0;-0.004058905681674808;0.0;7.741384898671258;0.0;0.0;0.0;0.0;0.0;0.0;4.427936862133358;0.0;2.7486650546586535;-7.17643897042992;0.0;0.0;0.0;0.0;0.0;139.8497386304364;426.9093719757315;32.71199891480627;421.1126515082361;-2.1266177417134008e-8
7563.0;0.0;-0.004058905681674808;0.0;7.741384898671258;0.0;0.0;0.0;0.0;0.0;0.0;4.427936862133358;0.0;2.7486650546586535;-7.17643897042992;0.0;0.0;0.0;0.0;0.0;139.8497386304364;426.9093719757315;32.71199891480627;421.1126515082361;-2.1266177417134008e-8
7564.0;0.0;-0.004058905681674808;0.0;7.741384898671258;0.0;0.0;0.0;0.0;0.0;0.0;4.427936862133358;0.0;2.7486650546586535;-7.17643897042992;0.0;0.0;0.0;0.0;0.0;139.8497386304364;426.9093719757315;32.71199891480627;421.1126515082361;-2.1266177417134008e-8
7565.0;0.0;-0.004058905681674808;0.0;7.741384898671258;0.0;0.0;0.0;0.0;0.0;0.0;4.427936862133358;0.0;2.7486650546586535;-7.17643897042992;0.0;0.0;0.0;0.0;0.0;139.8497386304364;426.9093719757315;32.71199891480627;421.1126515082361;-2.1266177417134008e-8
7566.0;0.0;-0.004058905681674808;0.0;7.741384898671258;0.0;0.0;0.0;0.0;0.0;0.0;4.427936862133358;0.0;2.7486650546586535;-7.17643897042992;0.0;0.0;0.0;0.0;0.0;139.8497386304364;426.9093719757315;32.71199891480627;421.1126515082361;-2.1266177417134008e-8
7567.0;0.0;-0.004058905681674808;0.0;7.741384898671258;0.0;0.0;0.0;0.0;0.0;0.0;4.427936862133358;0.0;2.7486650546586535;-7.17643897042992;0.0;0.0;0.0;0.0;0.0;139.8497386304364;426.9093719757315;32.71199891480627;421.1126515082361;-2.1266177417134008e-8
7568.0;0.0;-0.004058905681674808;0.0;7.741384898671258;0.0;0.0;0.0;0.0;0.0;0.0;4.427936862133358;0.0;2.7486650546586535;-7.17643897042992;0.0;0.0;0.0;0.0;0.0;139.8497386304364;426.9093719757315;32.71199891480627;421.1126515082361;-2.1266177417134008e-8
7569.0;0.0;-0.004058905681674808;0.0;7.741384898671258;0.0;0.0;0.0;0.0;0.0;0.0;4.427936862133358;0.0;2.7486650546586535;-7.17643897042992;0.0;0.0;0.0;0.0;0.0;139.8497386304364;426.9093719757315;32.71199891480627;421.1126515082361;-2.1266177417134008e-8
7570.0;0.0;-0.004058905681674808;0.0;7.741384898671258;0.0;0.0;0.0;0.0;0.0;0.0;4.427936862133358;0.0;2.7486650546586535;-7.17643897042992;0.0;0.0;0.0;0.0;0.0;139.8497386304364;426.9093719757315;32.71199891480627;421.1126515082361;-2.1266177417134008e-8
7571.0;0.0;-0.004058905681674808;0.0;7.741384898671258;0.0;0.0;0.0;0.0;0.0;0.0;4.427936862133358;0.0;2.7486650546586535;-7.17643897042992;0.0;0.0;0.0;0.0;0.0;139.8497386304364;426.9093719757315;32.71199891480627;421.1126515082361;-2.1266177417134008e-8
7572.0;0.0;-0.004058905681674808;0.0;7.741384898671258;0.0;0.0;0.0;0.0;0.0;0.0;4.427936862133358;0.0;2.7486650546586535;-7.17643897042992;0.0;0.0;0.0;0.0;0.0;139.8497386304364;426.9093719757315;32.71199891480627;421.1126515082361;-2.1266177417134008e-8
7573.0;0.0;-0.004058905681674808;0.0;7.741384898671258;0.0;0.0;0.0;0.0;0.0;0.0;4.427936862133358;0.0;2.7486650546586535;-7.17643897042992;0.0;0.0;0.0;0.0;0.0;139.8497386304364;426.9093719757315;32.71199891480627;421.1126515082361;-2.1266177417134008e-8
7574.0;0.0;-0.004058905681674808;0.0;7.741384898671258;0.0;0.0;0.0;0.0;0.0;0.0;4.427936862133358;0.0;2.7486650546586535;-7.17643897042992;0.0;0.0;0.0;0.0;0.0;139.8497386304364;426.9093719757315;32.71199891480627;421.1126515082361;-2.1266177417134008e-8
7575.0;0.0;-0.004058905681674808;0.0;7.741384898671258;0.0;0.0;0.0;0.0;0.0;0.0;4.427936862133358;0.0;2.7486650546586535;-7.17643897042992;0.0;0.0;0.0;0.0;0.0;139.8497386304364;426.9093719757315;32.71199891480627;421.1126515082361;-2.1266177417134008e-8
7576.0;0.0;-0.004058905681674808;0.0;7.741384898671258;0.0;0.0;0.0;0.0;0.0;0.0;4.427936862133358;0.0;2.7486650546586535;-7.17643897042992;0.0;0.0;0.0;0.0;0.0;139.8497386304364;426.9093719757315;32.71199891480627;421.1126515082361;-2.1266177417134008e-8
7577.0;0.0;-0.004058905681674808;0.0;7.741384898671258;0.0;0.0;0.0;0.0;0.0;0.0;4.427936862133358;0.0;2.7486650546586535;-7.17643897042992;0.0;0.0;0.0;0.0;0.0;139.8497386304364;426.9093719757315;32.71199891480627;421.1126515082361;-2.1266177417134008e-8
7578.0;0.0;-0.004058905681674808;0.0;7.741384898671258;0.0;0.0;0.0;0.0;0.0;0.0;4.427936862133358;0.0;2.7486650546586535;-7.17643897042992;0.0;0.0;0.0;0.0;0.0;139.8497386304364;426.9093719757315;32.71199891480627;421.1126515082361;-2.1266177417134008e-8
7579.0;0.0;-0.004058905681674808;0.0;7.741384898671258;0.0;0.0;0.0;0.0;0.0;0.0;4.427936862133358;0.0;2.7486650546586535;-7.17643897042992;0.0;0.0;0.0;0.0;0.0;139.8497386304364;426.9093719757315;32.71199891480627;421.1126515082361;-2.1266177417134008e-8
7580.0;0.0;-0.004058905681674808;0.0;7.741384898671258;0.0;0.0;0.0;0.0;0.0;0.0;4.427936862133358;0.0;2.7486650546586535;-7.17643897042992;0.0;0.0;0.0;0.0;0.0;139.8497386304364;426.9093719757315;32.71199891480627;421.1126515082361;-2.1266177417134008e-8
7581.0;0.0;-0.004058905681674808;0.0;7.741384898671258;0.0;0.0;0.0;0.0;0.0;0.0;4.427936862133358;0.0;2.7486650546586535;-7.17643897042992;0.0;0.0;0.0;0.0;0.0;139.8497386304364;426.9093719757315;32.71199891480627;421.1126515082361;-2.1266177417134008e-8
7582.0;0.0;-0.004058905681674808;0.0;7.741384898671258;0.0;0.0;0.0;0.0;0.0;0.0;4.427936862133358;0.0;2.7486650546586535;-7.17643897042992;0.0;0.0;0.0;0.0;0.0;139.8497386304364;426.9093719757315;32.71199891480627;421.1126515082361;-2.1266177417134008e-8
7583.0;0.0;-0.004058905681674808;0.0;7.741384898671258;0.0;0.0;0.0;0.0;0.0;0.0;4.427936862133358;0.0;2.7486650546586535;-7.17643897042992;0.0;0.0;0.0;0.0;0.0;139.8497386304364;426.9093719757315;32.71199891480627;421.1126515082361;-2.1266177417134008e-8
7584.0;0.0;-0.004058905681674808;0.0;7.741384898671258;0.0;0.0;0.0;0.0;0.0;0.0;4.427936862133358;0.0;2.7486650546586535;-7.17643897042992;0.0;0.0;0.0;0.0;0.0;139.8497386304364;426.9093719757315;32.71199891480627;421.1126515082361;-2.1266177417134008e-8
7585.0;0.0;-0.0017255230550071302;0.0;7.741384898671258;0.0;0.0;0.0;0.0;0.0;0.0;4.417416846124036;0.0;2.747591320971822;-7.164873965330588;0.0;0.0;0.0;0.0;0.0;139.8497386304364;426.9093719757315;32.71199891480627;421.1126515082361;-2.1266177417134008e-8
7586.0;0.0;-0.0017255230550071302;0.0;7.741384898671258;0.0;0.0;0.0;0.0;0.0;0.0;4.417416846124036;0.0;2.747591320971822;-7.164873965330588;0.0;0.0;0.0;0.0;0.0;139.8497386304364;426.9093719757315;32.71199891480627;421.1126515082361;-2.1266177417134008e-8
7587.0;0.0;-0.0017255230550071302;0.0;7.741384898671258;0.0;0.0;0.0;0.0;0.0;0.0;4.417416846124036;0.0;2.747591320971822;-7.164873965330588;0.0;0.0;0.0;0.0;0.0;139.8497386304364;426.9093719757315;32.71199891480627;421.1126515082361;-2.1266177417134008e-8
7588.0;0.0;-0.0017255230550071302;0.0;7.741384898671258;0.0;0.0;0.0;0.0;0.0;0.0;4.417416846124036;0.0;2.747591320971822;-7.164873965330588;0.0;0.0;0.0;0.0;0.0;139.8497386304364;426.9093719757315;32.71199891480627;421.1126515082361;-2.1266177417134008e-8
7589.0;0.0;-0.0017255230550071302;0.0;7.741384898671258;0.0;0.0;0.0;0.0;0.0;0.0;4.417416846124036;0.0;2.747591320971822;-7.164873965330588;0.0;0.0;0.0;0.0;0.0;139.8497386304364;426.9093719757315;32.71199891480627;421.1126515082361;-2.1266177417134008e-8
7590.0;0.0;-0.0017255230550071302;0.0;7.741384898671258;0.0;0.0;0.0;0.0;0.0;0.0;4.417416846124036;0.0;2.747591320971822;-7.164873965330588;0.0;0.0;0.0;0.0;0.0;139.8497386304364;426.9093719757315;32.71199891480627;421.1126515082361;-2.1266177417134008e-8
7591.0;0.0;-0.0017255230550071302;0.0;7.741384898671258;0.0;0.0;0.0;0.0;0.0;0.0;4.417416846124036;0.0;2.747591320971822;-7.164873965330588;0.0;0.0;0.0;0.0;0.0;139.8497386304364;426.9093719757315;32.71199891480627;421.1126515082361;-2.1266177417134008e-8
7592.0;0.0;-0.0017255230550071302;0.0;7.741384898671258;0.0;0.0;0.0;0.0;0.0;0.0;4.417416846124036;0.0;2.747591320971822;-7.164873965330588;0.0;0.0;0.0;0.0;0.0;139.8497386304364;426.9093719757315;32.71199891480627;421.1126515082361;-2.1266177417134008e-8
7593.0;0.0;-0.0017255230550071302;0.0;7.741384898671258;0.0;0.0;0.0;0.0;0.0;0.0;4.417416846124036;0.0;2.747591320971822;-7.164873965330588;0.0;0.0;0.0;0.0;0.0;139.8497386304364;426.9093719757315;32.71199891480627;421.1126515082361;-2.1266177417134008e-8
7594.0;0.0;-0.0017255230550071302;0.0;7.741384898671258;0.0;0.0;0.0;0.0;0.0;0.0;4.417416846124036;0.0;2.747591320971822;-7.164873965330588;0.0;0.0;0.0;0.0;0.0;139.8497386304364;426.9093719757315;32.71199891480627;421.1126515082361;-2.1266177417134008e-8
7595.0;0.0;-0.0017255230550071302;0.0;7.741384898671258;0.0;0.0;0.0;0.0;0.0;0.0;4.417416846124036;0.0;2.747591320971822;-7.164873965330588;0.0;0.0;0.0;0.0;0.0;139.8497386304364;426.9093719757315;32.71199891480627;421.1126515082361;-2.1266177417134008e-8
7596.0;0.0;-0.0017255230550071302;0.0;7.741384898671258;0.0;0.0;0.0;0.0;0.0;0.0;4.417416846124036;0.0;2.747591320971822;-7.164873965330588;0.0;0.0;0.0;0.0;0.0;139.8497386304364;426.9093719757315;32.71199891480627;421.1126515082361;-2.1266177417134008e-8
7597.0;0.0;-0.0017255230550071302;0.0;7.741384898671258;0.0;0.0;0.0;0.0;0.0;0.0;4.417416846124036;0.0;2.747591320971822;-7.164873965330588;0.0;0.0;0.0;0.0;0.0;139.8497386304364;426.9093719757315;32.71199891480627;421.1126515082361;-2.1266177417134008e-8
7598.0;0.0;-0.0017255230550071302;0.0;7.741384898671258;0.0;0.0;0.0;0.0;0.0;0.0;4.417416846124036;0.0;2.747591320971822;-7.164873965330588;0.0;0.0;0.0;0.0;0.0;139.8497386304364;426.9093719757315;32.71199891480627;421.1126515082361;-2.1266177417134008e-8
7599.0;0.0;-0.0017255230550071302;0.0;7.741384898671258;0.0;0.0;0.0;0.0;0.0;0.0;4.417416846124036;0.0;2.747591320971822;-7.164873965330588;0.0;0.0;0.0;0.0;0.0;139.8497386304364;426.9093719757315;32.71199891480627;421.1126515082361;-2.1266177417134008e-8
7600.0;0.0;-0.0017255230550071302;0.0;7.741384898671258;0.0;0.0;0.0;0.0;0.0;0.0;4.417416846124036;0.0;2.747591320971822;-7.164873965330588;0.0;0.0;0.0;0.0;0.0;139.8497386304364;426.9093719757315;32.71199891480627;421.1126515082361;-2.1266177417134008e-8
7601.0;0.0;-0.0017255230550071302;0.0;7.741384898671258;0.0;0.0;0.0;0.0;0.0;0.0;4.417416846124036;0.0;2.747591320971822;-7.164873965330588;0.0;0.0;0.0;0.0;0.0;139.8497386304364;426.9093719757315;32.71199891480627;421.1126515082361;-2.1266177417134008e-8
7602.0;0.0;-0.0017255230550071302;0.0;7.741384898671258;0.0;0.0;0.0;0.0;0.0;0.0;4.417416846124036;0.0;2.747591320971822;-7.164873965330588;0.0;0.0;0.0;0.0;0.0;139.8497386304364;426.9093719757315;32.71199891480627;421.1126515082361;-2.1266177417134008e-8
7603.0;0.0;-0.0017255230550071302;0.0;7.741384898671258;0.0;0.0;0.0;0.0;0.0;0.0;4.417416846124036;0.0;2.747591320971822;-7.164873965330588;0.0;0.0;0.0;0.0;0.0;139.8497386304364;426.9093719757315;32.71199891480627;421.1126515082361;-2.1266177417134008e-8
7604.0;0.0;-0.0017255230550071302;0.0;7.741384898671258;0.0;0.0;0.0;0.0;0.0;0.0;4.417416846124036;0.0;2.747591320971822;-7.164873965330588;0.0;0.0;0.0;0.0;0.0;139.8497386304364;426.9093719757315;32.71199891480627;421.1126515082361;-2.1266177417134008e-8
7605.0;0.0;-0.0017255230550071302;0.0;7.741384898671258;0.0;0.0;0.0;0.0;0.0;0.0;4.417416846124036;0.0;2.747591320971822;-7.164873965330588;0.0;0.0;0.0;0.0;0.0;139.8497386304364;426.9093719757315;32.71199891480627;421.1126515082361;-2.1266177417134008e-8
7606.0;0.0;-0.0017255230550071302;0.0;7.741384898671258;0.0;0.0;0.0;0.0;0.0;0.0;4.417416846124036;0.0;2.747591320971822;-7.164873965330588;0.0;0.0;0.0;0.0;0.0;139.8497386304364;426.9093719757315;32.71199891480627;421.1126515082361;-2.1266177417134008e-8
7607.0;0.0;-0.0017255230550071302;0.0;7.741384898671258;0.0;0.0;0.0;0.0;0.0;0.0;4.417416846124036;0.0;2.747591320971822;-7.164873965330588;0.0;0.0;0.0;0.0;0.0;139.8497386304364;426.9093719757315;32.71199891480627;421.1126515082361;-2.1266177417134008e-8
7608.0;0.0;-0.0017255230550071302;0.0;7.741384898671258;0.0;0.0;0.0;0.0;0.0;0.0;4.417416846124036;0.0;2.747591320971822;-7.164873965330588;0.0;0.0;0.0;0.0;0.0;139.8497386304364;426.9093719757315;32.71199891480627;421.1126515082361;-2.1266177417134008e-8
7609.0;0.0;-0.0002752249690467791;0.0;7.741384898671258;0.0;0.0;0.0;0.0;0.0;0.051028679123958205;4.3254380187196055;0.0;2.489690355187082;-6.865997912777608;0.0;0.0;0.0;0.0;0.0;139.8497386304364;426.9093719757315;32.71199891480627;421.1126515082361;-2.1266177417134008e-8
7610.0;0.0;-0.0002752249690467791;0.0;7.741384898671258;0.0;0.0;0.0;0.0;0.0;0.051028679123958205;4.3254380187196055;0.0;2.489690355187082;-6.865997912777608;0.0;0.0;0.0;0.0;0.0;139.8497386304364;426.9093719757315;32.71199891480627;421.1126515082361;-2.1266177417134008e-8
7611.0;0.0;-0.0002752249690467791;0.0;7.741384898671258;0.0;0.0;0.0;0.0;0.0;0.051028679123958205;4.3254380187196055;0.0;2.489690355187082;-6.865997912777608;0.0;0.0;0.0;0.0;0.0;139.8497386304364;426.9093719757315;32.71199891480627;421.1126515082361;-2.1266177417134008e-8
7612.0;0.0;-0.0002752249690467791;0.0;7.741384898671258;0.0;0.0;0.0;0.0;0.0;0.051028679123958205;4.3254380187196055;0.0;2.489690355187082;-6.865997912777608;0.0;0.0;0.0;0.0;0.0;139.8497386304364;426.9093719757315;32.71199891480627;421.1126515082361;-2.1266177417134008e-8
7613.0;0.0;-0.0002752249690467791;0.0;7.741384898671258;0.0;0.0;0.0;0.0;0.0;0.051028679123958205;4.3254380187196055;0.0;2.489690355187082;-6.865997912777608;0.0;0.0;0.0;0.0;0.0;139.8497386304364;426.9093719757315;32.71199891480627;421.1126515082361;-2.1266177417134008e-8
7614.0;0.0;-0.0002752249690467791;0.0;7.741384898671258;0.0;0.0;0.0;0.0;0.0;0.051028679123958205;4.3254380187196055;0.0;2.489690355187082;-6.865997912777608;0.0;0.0;0.0;0.0;0.0;139.8497386304364;426.9093719757315;32.71199891480627;421.1126515082361;-2.1266177417134008e-8
7615.0;0.0;-0.0002752249690467791;0.0;7.741384898671258;0.0;0.0;0.0;0.0;0.0;0.051028679123958205;4.3254380187196055;0.0;2.489690355187082;-6.865997912777608;0.0;0.0;0.0;0.0;0.0;139.8497386304364;426.9093719757315;32.71199891480627;421.1126515082361;-2.1266177417134008e-8
7616.0;0.0;-0.0002752249690467791;0.0;7.741384898671258;0.0;0.0;0.0;0.0;0.0;0.051028679123958205;4.3254380187196055;0.0;2.489690355187082;-6.865997912777608;0.0;0.0;0.0;0.0;0.0;139.8497386304364;426.9093719757315;32.71199891480627;421.1126515082361;-2.1266177417134008e-8
7617.0;0.0;-0.0002752249690467791;0.0;7.741384898671258;0.0;0.0;0.0;0.0;0.0;0.051028679123958205;4.3254380187196055;0.0;2.489690355187082;-6.865997912777608;0.0;0.0;0.0;0.0;0.0;139.8497386304364;426.9093719757315;32.71199891480627;421.1126515082361;-2.1266177417134008e-8
7618.0;0.0;-0.0002752249690467791;0.0;7.741384898671258;0.0;0.0;0.0;0.0;0.0;0.051028679123958205;4.3254380187196055;0.0;2.489690355187082;-6.865997912777608;0.0;0.0;0.0;0.0;0.0;139.8497386304364;426.9093719757315;32.71199891480627;421.1126515082361;-2.1266177417134008e-8
7619.0;0.0;-0.0002752249690467791;0.0;7.741384898671258;0.0;0.0;0.0;0.0;0.0;0.051028679123958205;4.3254380187196055;0.0;2.489690355187082;-6.865997912777608;0.0;0.0;0.0;0.0;0.0;139.8497386304364;426.9093719757315;32.71199891480627;421.1126515082361;-2.1266177417134008e-8
7620.0;0.0;-0.0002752249690467791;0.0;7.741384898671258;0.0;0.0;0.0;0.0;0.0;0.051028679123958205;4.3254380187196055;0.0;2.489690355187082;-6.865997912777608;0.0;0.0;0.0;0.0;0.0;139.8497386304364;426.9093719757315;32.71199891480627;421.1126515082361;-2.1266177417134008e-8
7621.0;0.0;-0.0002752249690467791;0.0;7.741384898671258;0.0;0.0;0.0;0.0;0.0;0.051028679123958205;4.3254380187196055;0.0;2.489690355187082;-6.865997912777608;0.0;0.0;0.0;0.0;0.0;139.8497386304364;426.9093719757315;32.71199891480627;421.1126515082361;-2.1266177417134008e-8
7622.0;0.0;-0.0002752249690467791;0.0;7.741384898671258;0.0;0.0;0.0;0.0;0.0;0.051028679123958205;4.3254380187196055;0.0;2.489690355187082;-6.865997912777608;0.0;0.0;0.0;0.0;0.0;139.8497386304364;426.9093719757315;32.71199891480627;421.1126515082361;-2.1266177417134008e-8
7623.0;0.0;-0.0002752249690467791;0.0;7.741384898671258;0.0;0.0;0.0;0.0;0.0;0.051028679123958205;4.3254380187196055;0.0;2.489690355187082;-6.865997912777608;0.0;0.0;0.0;0.0;0.0;139.8497386304364;426.9093719757315;32.71199891480627;421.1126515082361;-2.1266177417134008e-8
7624.0;0.0;-0.0002752249690467791;0.0;7.741384898671258;0.0;0.0;0.0;0.0;0.0;0.051028679123958205;4.3254380187196055;0.0;2.489690355187082;-6.865997912777608;0.0;0.0;0.0;0.0;0.0;139.8497386304364;426.9093719757315;32.71199891480627;421.1126515082361;-2.1266177417134008e-8
7625.0;0.0;-0.0002752249690467791;0.0;7.741384898671258;0.0;0.0;0.0;0.0;0.0;0.051028679123958205;4.3254380187196055;0.0;2.489690355187082;-6.865997912777608;0.0;0.0;0.0;0.0;0.0;139.8497386304364;426.9093719757315;32.71199891480627;421.1126515082361;-2.1266177417134008e-8
7626.0;0.0;-0.0002752249690467791;0.0;7.741384898671258;0.0;0.0;0.0;0.0;0.0;0.051028679123958205;4.3254380187196055;0.0;2.489690355187082;-6.865997912777608;0.0;0.0;0.0;0.0;0.0;139.8497386304364;426.9093719757315;32.71199891480627;421.1126515082361;-2.1266177417134008e-8
7627.0;0.0;-0.0002752249690467791;0.0;7.741384898671258;0.0;0.0;0.0;0.0;0.0;0.051028679123958205;4.3254380187196055;0.0;2.489690355187082;-6.865997912777608;0.0;0.0;0.0;0.0;0.0;139.8497386304364;426.9093719757315;32.71199891480627;421.1126515082361;-2.1266177417134008e-8
7628.0;0.0;-0.0002752249690467791;0.0;7.741384898671258;0.0;0.0;0.0;0.0;0.0;0.051028679123958205;4.3254380187196055;0.0;2.489690355187082;-6.865997912777608;0.0;0.0;0.0;0.0;0.0;139.8497386304364;426.9093719757315;32.71199891480627;421.1126515082361;-2.1266177417134008e-8
7629.0;0.0;-0.0002752249690467791;0.0;7.741384898671258;0.0;0.0;0.0;0.0;0.0;0.051028679123958205;4.3254380187196055;0.0;2.489690355187082;-6.865997912777608;0.0;0.0;0.0;0.0;0.0;139.8497386304364;426.9093719757315;32.71199891480627;421.1126515082361;-2.1266177417134008e-8
7630.0;0.0;-0.0002752249690467791;0.0;7.741384898671258;0.0;0.0;0.0;0.0;0.0;0.051028679123958205;4.3254380187196055;0.0;2.489690355187082;-6.865997912777608;0.0;0.0;0.0;0.0;0.0;139.8497386304364;426.9093719757315;32.71199891480627;421.1126515082361;-2.1266177417134008e-8
7631.0;0.0;-0.0002752249690467791;0.0;7.741384898671258;0.0;0.0;0.0;0.0;0.0;0.051028679123958205;4.3254380187196055;0.0;2.489690355187082;-6.865997912777608;0.0;0.0;0.0;0.0;0.0;139.8497386304364;426.9093719757315;32.71199891480627;421.1126515082361;-2.1266177417134008e-8
7632.0;0.0;-0.0002752249690467791;0.0;7.741384898671258;0.0;0.0;0.0;0.0;0.0;0.051028679123958205;4.3254380187196055;0.0;2.489690355187082;-6.865997912777608;0.0;0.0;0.0;0.0;0.0;139.8497386304364;426.9093719757315;32.71199891480627;421.1126515082361;-2.1266177417134008e-8
7633.0;0.0;-0.006873711139965073;0.0;7.741384898671258;0.0;0.0;0.0;0.0;0.0;0.0;4.402932313780291;0.0;2.737350563780451;-7.139711188749416;0.0;0.0;0.0;0.0;0.0;139.8497386304364;426.9093719757315;32.71199891480627;421.1126515082361;-2.1266177417134008e-8
7634.0;0.0;-0.006873711139965073;0.0;7.741384898671258;0.0;0.0;0.0;0.0;0.0;0.0;4.402932313780291;0.0;2.737350563780451;-7.139711188749416;0.0;0.0;0.0;0.0;0.0;139.8497386304364;426.9093719757315;32.71199891480627;421.1126515082361;-2.1266177417134008e-8
7635.0;0.0;-0.006873711139965073;0.0;7.741384898671258;0.0;0.0;0.0;0.0;0.0;0.0;4.402932313780291;0.0;2.737350563780451;-7.139711188749416;0.0;0.0;0.0;0.0;0.0;139.8497386304364;426.9093719757315;32.71199891480627;421.1126515082361;-2.1266177417134008e-8
7636.0;0.0;-0.006873711139965073;0.0;7.741384898671258;0.0;0.0;0.0;0.0;0.0;0.0;4.402932313780291;0.0;2.737350563780451;-7.139711188749416;0.0;0.0;0.0;0.0;0.0;139.8497386304364;426.9093719757315;32.71199891480627;421.1126515082361;-2.1266177417134008e-8
7637.0;0.0;-0.006873711139965073;0.0;7.741384898671258;0.0;0.0;0.0;0.0;0.0;0.0;4.402932313780291;0.0;2.737350563780451;-7.139711188749416;0.0;0.0;0.0;0.0;0.0;139.8497386304364;426.9093719757315;32.71199891480627;421.1126515082361;-2.1266177417134008e-8
7638.0;0.0;-0.006873711139965073;0.0;7.741384898671258;0.0;0.0;0.0;0.0;0.0;0.0;4.402932313780291;0.0;2.737350563780451;-7.139711188749416;0.0;0.0;0.0;0.0;0.0;139.8497386304364;426.9093719757315;32.71199891480627;421.1126515082361;-2.1266177417134008e-8
7639.0;0.0;-0.006873711139965073;0.0;7.741384898671258;0.0;0.0;0.0;0.0;0.0;0.0;4.402932313780291;0.0;2.737350563780451;-7.139711188749416;0.0;0.0;0.0;0.0;0.0;139.8497386304364;426.9093719757315;32.71199891480627;421.1126515082361;-2.1266177417134008e-8
7640.0;0.0;-0.006873711139965073;0.0;7.741384898671258;0.0;0.0;0.0;0.0;0.0;0.0;4.402932313780291;0.0;2.737350563780451;-7.139711188749416;0.0;0.0;0.0;0.0;0.0;139.8497386304364;426.9093719757315;32.71199891480627;421.1126515082361;-2.1266177417134008e-8
7641.0;0.0;-0.006873711139965073;0.0;7.741384898671258;0.0;0.0;0.0;0.0;0.0;0.0;4.402932313780291;0.0;2.737350563780451;-7.139711188749416;0.0;0.0;0.0;0.0;0.0;139.8497386304364;426.9093719757315;32.71199891480627;421.1126515082361;-2.1266177417134008e-8
7642.0;0.0;-0.006873711139965073;0.0;7.741384898671258;0.0;0.0;0.0;0.0;0.0;0.0;4.402932313780291;0.0;2.737350563780451;-7.139711188749416;0.0;0.0;0.0;0.0;0.0;139.8497386304364;426.9093719757315;32.71199891480627;421.1126515082361;-2.1266177417134008e-8
7643.0;0.0;-0.006873711139965073;0.0;7.741384898671258;0.0;0.0;0.0;0.0;0.0;0.0;4.402932313780291;0.0;2.737350563780451;-7.139711188749416;0.0;0.0;0.0;0.0;0.0;139.8497386304364;426.9093719757315;32.71199891480627;421.1126515082361;-2.1266177417134008e-8
7644.0;0.0;-0.006873711139965073;0.0;7.741384898671258;0.0;0.0;0.0;0.0;0.0;0.0;4.402932313780291;0.0;2.737350563780451;-7.139711188749416;0.0;0.0;0.0;0.0;0.0;139.8497386304364;426.9093719757315;32.71199891480627;421.1126515082361;-2.1266177417134008e-8
7645.0;0.0;-0.006873711139965073;0.0;7.741384898671258;0.0;0.0;0.0;0.0;0.0;0.0;4.402932313780291;0.0;2.737350563780451;-7.139711188749416;0.0;0.0;0.0;0.0;0.0;139.8497386304364;426.9093719757315;32.71199891480627;421.1126515082361;-2.1266177417134008e-8
7646.0;0.0;-0.006873711139965073;0.0;7.741384898671258;0.0;0.0;0.0;0.0;0.0;0.0;4.402932313780291;0.0;2.737350563780451;-7.139711188749416;0.0;0.0;0.0;0.0;0.0;139.8497386304364;426.9093719757315;32.71199891480627;421.1126515082361;-2.1266177417134008e-8
7647.0;0.0;-0.006873711139965073;0.0;7.741384898671258;0.0;0.0;0.0;0.0;0.0;0.0;4.402932313780291;0.0;2.737350563780451;-7.139711188749416;0.0;0.0;0.0;0.0;0.0;139.8497386304364;426.9093719757315;32.71199891480627;421.1126515082361;-2.1266177417134008e-8
7648.0;0.0;-0.006873711139965073;0.0;7.741384898671258;0.0;0.0;0.0;0.0;0.0;0.0;4.402932313780291;0.0;2.737350563780451;-7.139711188749416;0.0;0.0;0.0;0.0;0.0;139.8497386304364;426.9093719757315;32.71199891480627;421.1126515082361;-2.1266177417134008e-8
7649.0;0.0;-0.006873711139965073;0.0;7.741384898671258;0.0;0.0;0.0;0.0;0.0;0.0;4.402932313780291;0.0;2.737350563780451;-7.139711188749416;0.0;0.0;0.0;0.0;0.0;139.8497386304364;426.9093719757315;32.71199891480627;421.1126515082361;-2.1266177417134008e-8
7650.0;0.0;-0.006873711139965073;0.0;7.741384898671258;0.0;0.0;0.0;0.0;0.0;0.0;4.402932313780291;0.0;2.737350563780451;-7.139711188749416;0.0;0.0;0.0;0.0;0.0;139.8497386304364;426.9093719757315;32.71199891480627;421.1126515082361;-2.1266177417134008e-8
7651.0;0.0;-0.006873711139965073;0.0;7.741384898671258;0.0;0.0;0.0;0.0;0.0;0.0;4.402932313780291;0.0;2.737350563780451;-7.139711188749416;0.0;0.0;0.0;0.0;0.0;139.8497386304364;426.9093719757315;32.71199891480627;421.1126515082361;-2.1266177417134008e-8
7652.0;0.0;-0.006873711139965073;0.0;7.741384898671258;0.0;0.0;0.0;0.0;0.0;0.0;4.402932313780291;0.0;2.737350563780451;-7.139711188749416;0.0;0.0;0.0;0.0;0.0;139.8497386304364;426.9093719757315;32.71199891480627;421.1126515082361;-2.1266177417134008e-8
7653.0;0.0;-0.006873711139965073;0.0;7.741384898671258;0.0;0.0;0.0;0.0;0.0;0.0;4.402932313780291;0.0;2.737350563780451;-7.139711188749416;0.0;0.0;0.0;0.0;0.0;139.8497386304364;426.9093719757315;32.71199891480627;421.1126515082361;-2.1266177417134008e-8
7654.0;0.0;-0.006873711139965073;0.0;7.741384898671258;0.0;0.0;0.0;0.0;0.0;0.0;4.402932313780291;0.0;2.737350563780451;-7.139711188749416;0.0;0.0;0.0;0.0;0.0;139.8497386304364;426.9093719757315;32.71199891480627;421.1126515082361;-2.1266177417134008e-8
7655.0;0.0;-0.006873711139965073;0.0;7.741384898671258;0.0;0.0;0.0;0.0;0.0;0.0;4.402932313780291;0.0;2.737350563780451;-7.139711188749416;0.0;0.0;0.0;0.0;0.0;139.8497386304364;426.9093719757315;32.71199891480627;421.1126515082361;-2.1266177417134008e-8
7656.0;0.0;-0.006873711139965073;0.0;7.741384898671258;0.0;0.0;0.0;0.0;0.0;0.0;4.402932313780291;0.0;2.737350563780451;-7.139711188749416;0.0;0.0;0.0;0.0;0.0;139.8497386304364;426.9093719757315;32.71199891480627;421.1126515082361;-2.1266177417134008e-8
7657.0;0.0;-0.004707815765748679;0.0;7.741384898671258;0.0;0.0;0.0;0.0;0.0;0.0;3.913268763986815;0.0;3.3026207647287835;-7.215267410458789;0.0;0.0;0.0;0.0;0.0;139.8497386304364;426.9093719757315;32.71199891480627;421.1126515082361;-2.1266177417134008e-8
7658.0;0.0;-0.004707815765748679;0.0;7.741384898671258;0.0;0.0;0.0;0.0;0.0;0.0;3.913268763986815;0.0;3.3026207647287835;-7.215267410458789;0.0;0.0;0.0;0.0;0.0;139.8497386304364;426.9093719757315;32.71199891480627;421.1126515082361;-2.1266177417134008e-8
7659.0;0.0;-0.004707815765748679;0.0;7.741384898671258;0.0;0.0;0.0;0.0;0.0;0.0;3.913268763986815;0.0;3.3026207647287835;-7.215267410458789;0.0;0.0;0.0;0.0;0.0;139.8497386304364;426.9093719757315;32.71199891480627;421.1126515082361;-2.1266177417134008e-8
7660.0;0.0;-0.004707815765748679;0.0;7.741384898671258;0.0;0.0;0.0;0.0;0.0;0.0;3.913268763986815;0.0;3.3026207647287835;-7.215267410458789;0.0;0.0;0.0;0.0;0.0;139.8497386304364;426.9093719757315;32.71199891480627;421.1126515082361;-2.1266177417134008e-8
7661.0;0.0;-0.004707815765748679;0.0;7.741384898671258;0.0;0.0;0.0;0.0;0.0;0.0;3.913268763986815;0.0;3.3026207647287835;-7.215267410458789;0.0;0.0;0.0;0.0;0.0;139.8497386304364;426.9093719757315;32.71199891480627;421.1126515082361;-2.1266177417134008e-8
7662.0;0.0;-0.004707815765748679;0.0;7.741384898671258;0.0;0.0;0.0;0.0;0.0;0.0;3.913268763986815;0.0;3.3026207647287835;-7.215267410458789;0.0;0.0;0.0;0.0;0.0;139.8497386304364;426.9093719757315;32.71199891480627;421.1126515082361;-2.1266177417134008e-8
7663.0;0.0;-0.004707815765748679;0.0;7.741384898671258;0.0;0.0;0.0;0.0;0.0;0.0;3.913268763986815;0.0;3.3026207647287835;-7.215267410458789;0.0;0.0;0.0;0.0;0.0;139.8497386304364;426.9093719757315;32.71199891480627;421.1126515082361;-2.1266177417134008e-8
7664.0;0.0;-0.004707815765748679;0.0;7.741384898671258;0.0;0.0;0.0;0.0;0.0;0.0;3.913268763986815;0.0;3.3026207647287835;-7.215267410458789;0.0;0.0;0.0;0.0;0.0;139.8497386304364;426.9093719757315;32.71199891480627;421.1126515082361;-2.1266177417134008e-8
7665.0;0.0;-0.004707815765748679;0.0;7.741384898671258;0.0;0.0;0.0;0.0;0.0;0.0;3.913268763986815;0.0;3.3026207647287835;-7.215267410458789;0.0;0.0;0.0;0.0;0.0;139.8497386304364;426.9093719757315;32.71199891480627;421.1126515082361;-2.1266177417134008e-8
7666.0;0.0;-0.004707815765748679;0.0;7.741384898671258;0.0;0.0;0.0;0.0;0.0;0.0;3.913268763986815;0.0;3.3026207647287835;-7.215267410458789;0.0;0.0;0.0;0.0;0.0;139.8497386304364;426.9093719757315;32.71199891480627;421.1126515082361;-2.1266177417134008e-8
7667.0;0.0;-0.004707815765748679;0.0;7.741384898671258;0.0;0.0;0.0;0.0;0.0;0.0;3.913268763986815;0.0;3.3026207647287835;-7.215267410458789;0.0;0.0;0.0;0.0;0.0;139.8497386304364;426.9093719757315;32.71199891480627;421.1126515082361;-2.1266177417134008e-8
7668.0;0.0;-0.004707815765748679;0.0;7.741384898671258;0.0;0.0;0.0;0.0;0.0;0.0;3.913268763986815;0.0;3.3026207647287835;-7.215267410458789;0.0;0.0;0.0;0.0;0.0;139.8497386304364;426.9093719757315;32.71199891480627;421.1126515082361;-2.1266177417134008e-8
7669.0;0.0;-0.004707815765748679;0.0;7.741384898671258;0.0;0.0;0.0;0.0;0.0;0.0;3.913268763986815;0.0;3.3026207647287835;-7.215267410458789;0.0;0.0;0.0;0.0;0.0;139.8497386304364;426.9093719757315;32.71199891480627;421.1126515082361;-2.1266177417134008e-8
7670.0;0.0;-0.004707815765748679;0.0;7.741384898671258;0.0;0.0;0.0;0.0;0.0;0.0;3.913268763986815;0.0;3.3026207647287835;-7.215267410458789;0.0;0.0;0.0;0.0;0.0;139.8497386304364;426.9093719757315;32.71199891480627;421.1126515082361;-2.1266177417134008e-8
7671.0;0.0;-0.004707815765748679;0.0;7.741384898671258;0.0;0.0;0.0;0.0;0.0;0.0;3.913268763986815;0.0;3.3026207647287835;-7.215267410458789;0.0;0.0;0.0;0.0;0.0;139.8497386304364;426.9093719757315;32.71199891480627;421.1126515082361;-2.1266177417134008e-8
7672.0;0.0;-0.004707815765748679;0.0;7.741384898671258;0.0;0.0;0.0;0.0;0.0;0.0;3.913268763986815;0.0;3.3026207647287835;-7.215267410458789;0.0;0.0;0.0;0.0;0.0;139.8497386304364;426.9093719757315;32.71199891480627;421.1126515082361;-2.1266177417134008e-8
7673.0;0.0;-0.004707815765748679;0.0;7.741384898671258;0.0;0.0;0.0;0.0;0.0;0.0;3.913268763986815;0.0;3.3026207647287835;-7.215267410458789;0.0;0.0;0.0;0.0;0.0;139.8497386304364;426.9093719757315;32.71199891480627;421.1126515082361;-2.1266177417134008e-8
7674.0;0.0;-0.004707815765748679;0.0;7.741384898671258;0.0;0.0;0.0;0.0;0.0;0.0;3.913268763986815;0.0;3.3026207647287835;-7.215267410458789;0.0;0.0;0.0;0.0;0.0;139.8497386304364;426.9093719757315;32.71199891480627;421.1126515082361;-2.1266177417134008e-8
7675.0;0.0;-0.004707815765748679;0.0;7.741384898671258;0.0;0.0;0.0;0.0;0.0;0.0;3.913268763986815;0.0;3.3026207647287835;-7.215267410458789;0.0;0.0;0.0;0.0;0.0;139.8497386304364;426.9093719757315;32.71199891480627;421.1126515082361;-2.1266177417134008e-8
7676.0;0.0;-0.004707815765748679;0.0;7.741384898671258;0.0;0.0;0.0;0.0;0.0;0.0;3.913268763986815;0.0;3.3026207647287835;-7.215267410458789;0.0;0.0;0.0;0.0;0.0;139.8497386304364;426.9093719757315;32.71199891480627;421.1126515082361;-2.1266177417134008e-8
7677.0;0.0;-0.004707815765748679;0.0;7.741384898671258;0.0;0.0;0.0;0.0;0.0;0.0;3.913268763986815;0.0;3.3026207647287835;-7.215267410458789;0.0;0.0;0.0;0.0;0.0;139.8497386304364;426.9093719757315;32.71199891480627;421.1126515082361;-2.1266177417134008e-8
7678.0;0.0;-0.004707815765748679;0.0;7.741384898671258;0.0;0.0;0.0;0.0;0.0;0.0;3.913268763986815;0.0;3.3026207647287835;-7.215267410458789;0.0;0.0;0.0;0.0;0.0;139.8497386304364;426.9093719757315;32.71199891480627;421.1126515082361;-2.1266177417134008e-8
7679.0;0.0;-0.004707815765748679;0.0;7.741384898671258;0.0;0.0;0.0;0.0;0.0;0.0;3.913268763986815;0.0;3.3026207647287835;-7.215267410458789;0.0;0.0;0.0;0.0;0.0;139.8497386304364;426.9093719757315;32.71199891480627;421.1126515082361;-2.1266177417134008e-8
7680.0;0.0;-0.004707815765748679;0.0;7.741384898671258;0.0;0.0;0.0;0.0;0.0;0.0;3.913268763986815;0.0;3.3026207647287835;-7.215267410458789;0.0;0.0;0.0;0.0;0.0;139.8497386304364;426.9093719757315;32.71199891480627;421.1126515082361;-2.1266177417134008e-8
